{"description": "When you discover something extraordinary. It could be a new robot, or someone tells you you've been programmed with new abilities. It can also be when you admire what someone has done.", "time": [0.0, 0.010059356689453125, 0.020158767700195312, 0.030324459075927734, 0.040311574935913086, 0.05034923553466797, 0.0604708194732666, 0.07052302360534668, 0.08049249649047852, 0.09059810638427734, 0.10077238082885742, 0.11071538925170898, 0.12089300155639648, 0.1310749053955078, 0.14107108116149902, 0.15106892585754395, 0.16104602813720703, 0.17112088203430176, 0.1811373233795166, 0.19120121002197266, 0.20127511024475098, 0.21129441261291504, 0.22148489952087402, 0.23155975341796875, 0.24149203300476074, 0.2515859603881836, 0.2619743347167969, 0.2718386650085449, 0.281818151473999, 0.29190897941589355, 0.30193233489990234, 0.31200146675109863, 0.32205986976623535, 0.332078218460083, 0.3421030044555664, 0.35218334197998047, 0.36225032806396484, 0.37230753898620605, 0.3824002742767334, 0.39244604110717773, 0.4025402069091797, 0.41253185272216797, 0.42284059524536133, 0.4328145980834961, 0.44274044036865234, 0.45288920402526855, 0.4628884792327881, 0.472963809967041, 0.4831669330596924, 0.4931471347808838, 0.5031907558441162, 0.5131492614746094, 0.5232951641082764, 0.5333335399627686, 0.5433464050292969, 0.5534312725067139, 0.5635566711425781, 0.5735569000244141, 0.583808422088623, 0.5937385559082031, 0.6041128635406494, 0.613853931427002, 0.624117374420166, 0.6341598033905029, 0.6441802978515625, 0.654181957244873, 0.6641969680786133, 0.6742515563964844, 0.6842873096466064, 0.6943612098693848, 0.7044658660888672, 0.7144858837127686, 0.7245831489562988, 0.734642505645752, 0.7446627616882324, 0.7548279762268066, 0.7648260593414307, 0.7748184204101562, 0.7849600315093994, 0.7950825691223145, 0.8049726486206055, 0.8150627613067627, 0.8251490592956543, 0.835503101348877, 0.8454945087432861, 0.8553695678710938, 0.8654375076293945, 0.8754329681396484, 0.8855626583099365, 0.8955771923065186, 0.9057097434997559, 0.915682315826416, 0.9257543087005615, 0.9358386993408203, 0.9458556175231934, 0.9560770988464355, 0.9660298824310303, 0.9765589237213135, 0.986757755279541, 0.9968085289001465, 1.0066916942596436, 1.016775131225586, 1.0268537998199463, 1.0369338989257812, 1.046940803527832, 1.0570478439331055, 1.0670833587646484, 1.0771386623382568, 1.0871951580047607, 1.0973057746887207, 1.107271671295166, 1.1173782348632812, 1.127453327178955, 1.1376135349273682, 1.147660493850708, 1.1577787399291992, 1.1678626537322998, 1.177870512008667, 1.187849998474121, 1.1978726387023926, 1.2079403400421143, 1.217961311340332, 1.22806715965271, 1.2382144927978516, 1.24812912940979, 1.258249044418335, 1.2682836055755615, 1.2783467769622803, 1.2883672714233398, 1.2985656261444092, 1.3086771965026855, 1.3187551498413086, 1.3285861015319824, 1.3386752605438232, 1.348780632019043, 1.3588318824768066, 1.368882656097412, 1.378882884979248, 1.388967752456665, 1.3990325927734375, 1.4090867042541504, 1.4191522598266602, 1.4292075634002686, 1.4393303394317627, 1.4493627548217773, 1.459524154663086, 1.469520092010498, 1.4794933795928955, 1.4895610809326172, 1.4997878074645996, 1.5096538066864014, 1.5197768211364746, 1.5298047065734863, 1.5398855209350586, 1.5501937866210938, 1.5602149963378906, 1.5702457427978516, 1.5802929401397705, 1.590141773223877, 1.6001579761505127, 1.6102628707885742, 1.6204493045806885, 1.6304583549499512, 1.6406803131103516, 1.6507437229156494, 1.6607379913330078, 1.670762062072754, 1.680732011795044, 1.6907968521118164, 1.7009127140045166, 1.710871934890747, 1.7210865020751953, 1.731046199798584, 1.741065502166748, 1.7511963844299316, 1.7613282203674316, 1.7712805271148682, 1.7813770771026611, 1.7914526462554932, 1.8014729022979736, 1.8115017414093018, 1.8216073513031006, 1.831800937652588, 1.8417870998382568, 1.8517956733703613, 1.8618876934051514, 1.8719611167907715, 1.8824553489685059, 1.8924353122711182, 1.9021048545837402, 1.9122328758239746, 1.9221785068511963, 1.9322659969329834, 1.9422495365142822, 1.9524295330047607, 1.9624531269073486, 1.9724445343017578, 1.9825732707977295, 1.9926373958587646, 2.0026721954345703, 2.0127382278442383, 2.0228395462036133, 2.0328755378723145, 2.0429489612579346, 2.0531623363494873, 2.0631890296936035, 2.073289394378662, 2.083197832107544, 2.093252658843994, 2.1033384799957275, 2.1133830547332764, 2.123577117919922, 2.133683204650879, 2.1436192989349365, 2.1538844108581543, 2.1638574600219727, 2.1738839149475098, 2.1839582920074463, 2.1939878463745117, 2.2041006088256836, 2.21419095993042, 2.2241408824920654, 2.2342138290405273, 2.2442514896392822, 2.254319667816162, 2.264418601989746, 2.274491786956787, 2.284607172012329, 2.294630765914917, 2.3048691749572754, 2.3147242069244385, 2.3247547149658203, 2.3348259925842285, 2.3448500633239746, 2.3549482822418213, 2.365067958831787, 2.3751237392425537, 2.385176658630371, 2.3952910900115967, 2.4052886962890625, 2.415311098098755, 2.4255621433258057, 2.435572862625122, 2.4455902576446533, 2.4556877613067627, 2.465731143951416, 2.4757463932037354, 2.4857630729675293, 2.495816469192505, 2.5059075355529785, 2.5159196853637695, 2.525984764099121, 2.536048173904419, 2.546067714691162, 2.5563805103302, 2.5662996768951416, 2.5763070583343506, 2.586473226547241, 2.596471071243286, 2.606451988220215, 2.616544246673584, 2.6266422271728516, 2.6369354724884033, 2.6468167304992676, 2.65696382522583, 2.6670901775360107, 2.677077293395996, 2.6871726512908936, 2.6974828243255615, 2.7071127891540527, 2.717496633529663, 2.7275583744049072, 2.737360715866089, 2.7474277019500732, 2.7574973106384277, 2.7675235271453857, 2.777561902999878, 2.7878031730651855, 2.79780650138855, 2.8076794147491455, 2.81787371635437, 2.8279507160186768, 2.838102102279663, 2.8480918407440186, 2.858147621154785, 2.8680992126464844, 2.878157615661621, 2.8885865211486816, 2.898667573928833, 2.9087002277374268, 2.918687582015991, 2.928792715072632, 2.9388210773468018, 2.94893741607666, 2.959000587463379, 2.968980073928833, 2.979041337966919, 2.989196300506592, 2.9994170665740967, 3.0092546939849854, 3.019339084625244, 3.029369592666626, 3.039438247680664, 3.049516201019287, 3.0596323013305664, 3.069840431213379, 3.0796871185302734, 3.0898027420043945, 3.0999011993408203, 3.1098899841308594, 3.1200530529022217, 3.130068063735962, 3.140119791030884, 3.150127649307251, 3.1602795124053955, 3.170288562774658, 3.1804678440093994, 3.1904594898223877, 3.200535535812378, 3.2105019092559814, 3.2206454277038574, 3.2308778762817383, 3.2407126426696777, 3.250779151916504, 3.2608017921447754, 3.270907163619995, 3.2809858322143555, 3.2909865379333496, 3.3010916709899902, 3.311070442199707, 3.3211379051208496, 3.3311846256256104, 3.3411898612976074, 3.351379632949829, 3.3613719940185547, 3.371450185775757, 3.3815085887908936, 3.3916759490966797, 3.4016332626342773, 3.411647319793701, 3.4218239784240723, 3.431898355484009], "set_target_data": [{"head": [[0.9993332609855127, 0.024242868724278565, 0.027300490912775175, -0.0015776566236244266], [-0.03042022863909447, 0.9663550204647273, 0.2554067033422606, 0.0020794796562996964], [-0.020190175274284777, -0.25606690090410694, 0.9664481874801979, 0.005399863153466855], [0.0, 0.0, 0.0, 1.0]], "antennas": [-0.3318104307479155, 0.766165080321005], "body_yaw": -0.0, "check_collision": false}, {"head": [[0.9993073417234231, 0.023718545845036975, 0.028675204631569907, -0.001632776520465784], [-0.03033050448577591, 0.9655844952818123, 0.2583150072469771, 0.002018016464378199], [-0.021561476649428635, -0.2590058166419519, 0.9656350706505702, 0.005420832577715307], [0.0, 0.0, 0.0, 1.0]], "antennas": [-0.3318104307479155, 0.7767391614291647], "body_yaw": -0.0, "check_collision": false}, {"head": [[0.9992680793317376, 0.023067790826896327, 0.030515285596352967, -0.001625908675366947], [-0.030254734620961177, 0.9647440160599707, 0.2614452801438466, 0.002094358264988094], [-0.023408474142404972, -0.2621771548072901, 0.9647358098647933, 0.005456349614503142], [0.0, 0.0, 0.0, 1.0]], "antennas": [-0.3318104307479155, 0.7875185722573694], "body_yaw": -0.0, "check_collision": false}, {"head": [[0.9992258850686632, 0.022531607182598615, 0.032248368741936505, -0.0016942488090914594], [-0.030289163242040267, 0.9637244940981308, 0.26517478399236805, 0.00202877366190454], [-0.025103728783666252, -0.26594628433777956, 0.9636609241056135, 0.0055086555364971534], [0.0, 0.0, 0.0, 1.0]], "antennas": [-0.3318104307479155, 0.7985033128056193], "body_yaw": -0.0, "check_collision": false}, {"head": [[0.9991850376319484, 0.022119569605187656, 0.03376366705384756, -0.0017435590884166893], [-0.030405245557379737, 0.9626154100169615, 0.2691599774120821, 0.0018250051554109326], [-0.02654772334941836, -0.2699672147471954, 0.9625034656283604, 0.005587213111251099], [0.0, 0.0, 0.0, 1.0]], "antennas": [-0.3318104307479155, 0.8094880533538691], "body_yaw": -0.0, "check_collision": false}, {"head": [[0.9991483012010524, 0.022056863920487495, 0.034873585434314576, -0.0017980512571293007], [-0.030753772727196517, 0.9615330182753303, 0.27296237878025836, 0.001741363236822095], [-0.02751140981657037, -0.27380239137072265, 0.961392413538602, 0.005645986207210907], [0.0, 0.0, 0.0, 1.0]], "antennas": [-0.3318104307479155, 0.820678123622164], "body_yaw": -0.0, "check_collision": false}, {"head": [[0.9991077915083476, 0.021981129806436538, 0.036061764789669985, -0.0018037699161855582], [-0.03110612702901608, 0.9605665582657469, 0.2763047158532638, 0.0016466229400110355], [-0.028566235463701024, -0.2771799362759338, 0.9603932804416648, 0.0056354018599027444], [0.0, 0.0, 0.0, 1.0]], "antennas": [-0.3318104307479155, 0.831868193890459], "body_yaw": -0.0, "check_collision": false}, {"head": [[0.9990619740099916, 0.021752717823272615, 0.037443175006396504, -0.0018474446191564225], [-0.031384865174913075, 0.9594878698570751, 0.27999646039742154, 0.0015477258374194973], [-0.029835588233032822, -0.28090896543975485, 0.9592705514141229, 0.005671232124762726], [0.0, 0.0, 0.0, 1.0]], "antennas": [-0.3318104307479155, 0.8430582641587538], "body_yaw": -0.0, "check_collision": false}, {"head": [[0.9990084620296601, 0.021474485534882105, 0.03899922132741947, -0.001914631306180926], [-0.03170241630960442, 0.9581527280519814, 0.28449658438490616, 0.0013789228962118533], [-0.03125779252067294, -0.28545086476932885, 0.9578834763211946, 0.005667271930283491], [0.0, 0.0, 0.0, 1.0]], "antennas": [-0.3318104307479155, 0.8542483344270488], "body_yaw": -0.0, "check_collision": false}, {"head": [[0.9989492717875518, 0.02115926044354676, 0.04065265172902894, -0.0019882387441371076], [-0.032035902875793026, 0.9567171099486592, 0.2892508815170965, 0.0012714533691368024], [-0.03277275273840021, -0.29024930185784564, 0.9563897163023974, 0.00571225431454736], [0.0, 0.0, 0.0, 1.0]], "antennas": [-0.3318104307479155, 0.8654384046953437], "body_yaw": -0.0, "check_collision": false}, {"head": [[0.9988795317050934, 0.020726308402016357, 0.04254528505767088, -0.0020499433759254213], [-0.032348202520397336, 0.9552180778969177, 0.2941292529698771, 0.0011721931860163423], [-0.034543811809256454, -0.2951759539646533, 0.9548182451476009, 0.005725739410251562], [0.0, 0.0, 0.0, 1.0]], "antennas": [-0.3318104307479155, 0.8766284749636387], "body_yaw": -0.0, "check_collision": false}, {"head": [[0.9988161017195915, 0.020436443478094375, 0.04414461149047775, -0.0021335145105805045], [-0.03272395099168137, 0.9537258972306717, 0.29889137823470935, 0.0010600965254182982], [-0.035993582444271956, -0.2999821073489496, 0.9532655439557808, 0.005791580509843297], [0.0, 0.0, 0.0, 1.0]], "antennas": [-0.3318104307479155, 0.8878185452319337], "body_yaw": -0.0, "check_collision": false}, {"head": [[0.9987717897981999, 0.0201488691855738, 0.04526516291634393, -0.0021822628638943787], [-0.032935327108409455, 0.9525086604019114, 0.30272514941381806, 0.0010389039450565815], [-0.03701589025759873, -0.3038441622442318, 0.9520023891453941, 0.0058618482996506405], [0.0, 0.0, 0.0, 1.0]], "antennas": [-0.3318104307479155, 0.8990086155002286], "body_yaw": -0.0, "check_collision": false}, {"head": [[0.9987139416684928, 0.01979700043246736, 0.046674848589568725, -0.002261717606144617], [-0.03318534808319444, 0.9512592147928053, 0.30660175952589164, 0.0009294376022644492], [-0.038330084653956896, -0.30775637287577384, 0.9506928103045525, 0.005918183691023482], [0.0, 0.0, 0.0, 1.0]], "antennas": [-0.3318104307479155, 0.9101986857685236], "body_yaw": -0.0, "check_collision": false}, {"head": [[0.9986517729691894, 0.0194979368957393, 0.048108905644424875, -0.0024185115464879833], [-0.03350845580832389, 0.9499609564038893, 0.3105662001853216, 0.001080328302502453], [-0.039646181844359384, -0.3117595415781487, 0.9493335391210754, 0.005934877760639945], [0.0, 0.0, 0.0, 1.0]], "antennas": [-0.3318104307479155, 0.9213887560368185], "body_yaw": -0.0, "check_collision": false}, {"head": [[0.9985796027813819, 0.019138521133070404, 0.04972417840262443, -0.0024976682452799246], [-0.0338123904688834, 0.948882102130063, 0.3138144013712756, 0.0009923282650038433], [-0.04117643937686656, -0.31504995360429955, 0.9481814317809495, 0.005982810191666688], [0.0, 0.0, 0.0, 1.0]], "antennas": [-0.3318104307479155, 0.9325788263051135], "body_yaw": -0.0, "check_collision": false}, {"head": [[0.9985088479792563, 0.018730921008490102, 0.05127604806644315, -0.002517235831261887], [-0.03408040361886819, 0.947651876762664, 0.3174814113572254, 0.0008605388805993488], [-0.04264512394534127, -0.3187555067232164, 0.9468771410997903, 0.0061874416654619235], [0.0, 0.0, 0.0, 1.0]], "antennas": [-0.3318104307479155, 0.9437688965734083], "body_yaw": -0.0, "check_collision": false}, {"head": [[0.9984413838508155, 0.018398358805932463, 0.05269063870666694, -0.00257835652058604], [-0.03437999532073507, 0.9464586463705459, 0.3209891690262774, 0.000769761568925771], [-0.043963836682147935, -0.3223003740359015, 0.9456160161294347, 0.006254746594068772], [0.0, 0.0, 0.0, 1.0]], "antennas": [-0.3318104307479155, 0.9549589668417033], "body_yaw": -0.0, "check_collision": false}, {"head": [[0.998379868743294, 0.01814910694396451, 0.053928170794675226, -0.00257089394053232], [-0.034700052587045616, 0.945330158306561, 0.32426347026229857, 0.0007496477285262393], [-0.045094833834702086, -0.32560943124121705, 0.9444283743345452, 0.006300908574774611], [0.0, 0.0, 0.0, 1.0]], "antennas": [-0.3318104307479155, 0.9661490371099982], "body_yaw": -0.0, "check_collision": false}, {"head": [[0.998304892349509, 0.017886564283689163, 0.05538422816254214, -0.002620012126290372], [-0.03509970199644849, 0.9441044959630042, 0.3277723472506524, 0.0006573434975009696], [-0.04642577765418239, -0.329160707741017, 0.9431319502851322, 0.006372986065465103], [0.0, 0.0, 0.0, 1.0]], "antennas": [-0.3318104307479155, 0.9773391073782932], "body_yaw": -0.0, "check_collision": false}, {"head": [[0.9981939185279943, 0.017681366536128035, 0.057413154338904475, -0.002587463561599491], [-0.03578887812769952, 0.9426235107837256, 0.33193383846803587, 0.0006394584151546466], [-0.048249945244408766, -0.33338909129600885, 0.9415538521979149, 0.006245311140994914], [0.0, 0.0, 0.0, 1.0]], "antennas": [-0.3318104307479155, 0.9885291776465881], "body_yaw": -0.0, "check_collision": false}, {"head": [[0.9980673405032119, 0.01748305090309346, 0.059631591895282714, -0.0026294742628597753], [-0.036584268522936884, 0.9409962507621674, 0.3364337191010821, 0.0005321793006035748], [-0.05023121656387942, -0.3379650854491688, 0.9398172300505289, 0.006306522947671533], [0.0, 0.0, 0.0, 1.0]], "antennas": [-0.3318104307479155, 0.9997192479148831], "body_yaw": -0.0, "check_collision": false}, {"head": [[0.9979368374493948, 0.017589096479906793, 0.061747001113586344, -0.0026697633285320127], [-0.037620961028258126, 0.939532922374555, 0.3403858855264701, 0.0006369204586634735], [-0.05202626022318907, -0.34200659563720326, 0.9382562319472437, 0.0061185862739485675], [0.0, 0.0, 0.0, 1.0]], "antennas": [-0.3318104307479155, 1.010909318183178], "body_yaw": -0.0, "check_collision": false}, {"head": [[0.9978376713479352, 0.017653090303251802, 0.0633115316642697, -0.002698065124893], [-0.038395708315057404, 0.9383669138842299, 0.3435015349461657, 0.0005502021984139559], [-0.05334558296537418, -0.34518966283788405, 0.9370156591263311, 0.006169995437774967], [0.0, 0.0, 0.0, 1.0]], "antennas": [-0.3318104307479155, 1.022099388451473], "body_yaw": -0.0, "check_collision": false}, {"head": [[0.9977744229034733, 0.017583803407405472, 0.0643195993253263, -0.0027668929461510706], [-0.038826542005700355, 0.9374183486084914, 0.34603372570893776, 0.0003641402259461019], [-0.05420978357750919, -0.3477609085993687, 0.9360147700835821, 0.006131192294091425], [0.0, 0.0, 0.0, 1.0]], "antennas": [-0.3318104307479155, 1.0332894587197679], "body_yaw": -0.0, "check_collision": false}, {"head": [[0.9977271793074087, 0.017211523377878978, 0.06514782524608363, -0.002819561357456899], [-0.03890046765528845, 0.9365681765141534, 0.34831997410018456, 0.00025790802064096664], [-0.05502026251737975, -0.3500625861242045, 0.9351090612910091, 0.006165624455678254], [0.0, 0.0, 0.0, 1.0]], "antennas": [-0.3318104307479155, 1.0444795289880628], "body_yaw": -0.0, "check_collision": false}, {"head": [[0.9976535161997728, 0.017058101078852327, 0.06630597862797226, -0.0028777161878422355], [-0.03931149544718681, 0.9356303506569464, 0.3507854803940226, 0.00023107239699333027], [-0.05605415185278667, -0.35256895512387787, 0.9341054886590281, 0.0062126654983749585], [0.0, 0.0, 0.0, 1.0]], "antennas": [-0.3318104307479155, 1.0556695992563578], "body_yaw": -0.0, "check_collision": false}, {"head": [[0.9975796645898812, 0.017096157975389964, 0.06739832475084545, -0.0029218203397925226], [-0.03985613331757791, 0.9348544623989924, 0.35278693678998696, 0.0001227443185064384], [-0.05697632344852881, -0.35461931069129793, 0.9332731877918261, 0.006237330614370262], [0.0, 0.0, 0.0, 1.0]], "antennas": [-0.3318104307479155, 1.0668596695246528], "body_yaw": -0.0, "check_collision": false}, {"head": [[0.9975063918085899, 0.017159687588277683, 0.06845833348015921, -0.003025319210607289], [-0.04041527464249197, 0.9340857139194669, 0.3547541185485123, 0.0001744283697103161], [-0.05785848145760416, -0.3566362631217312, 0.9324499836184177, 0.006368329636342263], [0.0, 0.0, 0.0, 1.0]], "antennas": [-0.3318104307479155, 1.0780497397929476], "body_yaw": -0.0, "check_collision": false}, {"head": [[0.9974413369230504, 0.017185360028922767, 0.069393391600592, -0.003088378462882067], [-0.040925280522389196, 0.9331488388338127, 0.3571531408195507, 7.020327404821166e-05], [-0.058616557484387974, -0.35907925028297355, 0.9314645410346526, 0.006413199057205499], [0.0, 0.0, 0.0, 1.0]], "antennas": [-0.3318104307479155, 1.0892398100612426], "body_yaw": -0.0, "check_collision": false}, {"head": [[0.9973655983041341, 0.01725693108069018, 0.07045609731678935, -0.0031863569575558536], [-0.04156186781433539, 0.9320002063631614, 0.3600669749960528, 2.03759653397877e-05], [-0.059451446266851185, -0.3620467009498922, 0.9302621737274277, 0.006606889432981489], [0.0, 0.0, 0.0, 1.0]], "antennas": [-0.3318104307479155, 1.1004298803295376], "body_yaw": -0.0, "check_collision": false}, {"head": [[0.9972981138896561, 0.017166446033680297, 0.0714267818308185, -0.0032546665579345282], [-0.04200035731379388, 0.9309642720736846, 0.3626864956237387, -7.763382590777069e-05], [-0.0602697437994243, -0.36470650837747237, 0.9291699095049648, 0.006675431547723543], [0.0, 0.0, 0.0, 1.0]], "antennas": [-0.3318104307479155, 1.1116199505978326], "body_yaw": -0.0, "check_collision": false}, {"head": [[0.9972103192099913, 0.017142479887467303, 0.07264788121077717, -0.0032227589719133753], [-0.042574887490846654, 0.9300540189273139, 0.3649478056274535, -2.4029977082459276e-05], [-0.061310343468693455, -0.367022693113736, 0.9281893042495649, 0.006675204742502272], [0.0, 0.0, 0.0, 1.0]], "antennas": [-0.3318104307479155, 1.1228100208661274], "body_yaw": -0.0, "check_collision": false}, {"head": [[0.9971300806380908, 0.016934341870402138, 0.07378909372049003, -0.003271543289204853], [-0.04297405725500544, 0.9290258870021918, 0.3675107232215607, -0.0001235144297977121], [-0.06232842601669345, -0.3696270138196171, 0.9270873949984837, 0.0067346994471408905], [0.0, 0.0, 0.0, 1.0]], "antennas": [-0.3318104307479155, 1.1340000911344223], "body_yaw": -0.0, "check_collision": false}, {"head": [[0.9970328980120013, 0.016687242001246806, 0.07514609927455913, -0.0031936660217453793], [-0.043441573839388244, 0.9278838926893523, 0.3703300033078759, -0.00025390944410290297], [-0.0635470687297774, -0.3724956612392233, 0.9258556866022947, 0.006706449210910348], [0.0, 0.0, 0.0, 1.0]], "antennas": [-0.3318104307479155, 1.1451901614027173], "body_yaw": -0.0, "check_collision": false}, {"head": [[0.9969247018040864, 0.016647799028380428, 0.07657669175632797, -0.003251980208235224], [-0.04412624310081626, 0.9267897293636898, 0.37297945280643285, -0.000355304704475686], [-0.06476120445637712, -0.3752114714844005, 0.9246741794080063, 0.006777459776281969], [0.0, 0.0, 0.0, 1.0]], "antennas": [-0.3318104307479155, 1.1563802316710123], "body_yaw": -0.0, "check_collision": false}, {"head": [[0.9968188474104548, 0.016887872506323988, 0.07789085446637475, -0.003315254021398522], [-0.04503408257961849, 0.9256749029630299, 0.3756300113550522, -8.874325470616552e-05], [-0.0657580174085558, -0.3779428181439551, 0.9234907196934362, 0.00665880269764807], [0.0, 0.0, 0.0, 1.0]], "antennas": [-0.3318104307479155, 1.1675703019393073], "body_yaw": -0.0, "check_collision": false}, {"head": [[0.9967267990946032, 0.016932288748234305, 0.0790505253896079, -0.003404323188611561], [-0.045704689714965406, 0.9245798085234705, 0.3782370407677719, -0.0001317104734433359], [-0.06668410083884584, -0.3806119746782132, 0.9223273580605021, 0.006688047686747356], [0.0, 0.0, 0.0, 1.0]], "antennas": [-0.3318104307479155, 1.178760372207602], "body_yaw": -0.0, "check_collision": false}, {"head": [[0.9966318030340756, 0.016900369508228954, 0.08024603847874687, -0.0034740742165740145], [-0.04633075636990551, 0.9234419979679055, 0.3809308827113326, -0.00021781747238122217], [-0.0676646894269061, -0.3833656921263663, 0.9211146703343901, 0.006758055034570942], [0.0, 0.0, 0.0, 1.0]], "antennas": [-0.3318104307479155, 1.189950442475897], "body_yaw": -0.0, "check_collision": false}, {"head": [[0.996560330086442, 0.01648407588215693, 0.08121443061619432, -0.003536657438887019], [-0.046523125864627354, 0.9222957517223459, 0.38367453018762726, -0.00031480957259420825], [-0.06857920426620151, -0.3861331656271237, 0.919890249510772, 0.006815361314880142], [0.0, 0.0, 0.0, 1.0]], "antennas": [-0.3318104307479155, 1.201140512744192], "body_yaw": -0.0, "check_collision": false}, {"head": [[0.9964876102310845, 0.016103979840385994, 0.0821772747737637, -0.003613664281733063], [-0.046728220181729486, 0.9212765731017736, 0.3860905972598921, -0.00020673220039066093], [-0.06949040289557996, -0.3885744943857649, 0.9187932010078531, 0.006740809841712103], [0.0, 0.0, 0.0, 1.0]], "antennas": [-0.3318104307479155, 1.212330583012487], "body_yaw": -0.0, "check_collision": false}, {"head": [[0.9964113915283016, 0.015687668776270248, 0.08317593330404749, -0.0036682103334513792], [-0.04691329903129898, 0.9202842581611194, 0.38842763361382765, -7.649172596862954e-05], [-0.07045197801788991, -0.3909357763484996, 0.917717678572317, 0.006636337448371665], [0.0, 0.0, 0.0, 1.0]], "antennas": [-0.3318104307479155, 1.2235206532807819], "body_yaw": -0.0, "check_collision": false}, {"head": [[0.9963260908816681, 0.01531833467705477, 0.08425953507571705, -0.0037048692708719043], [-0.04715469232514818, 0.9194244544675408, 0.39042938864637955, -0.00014823698761997576], [-0.07148954902763664, -0.39296821900732226, 0.9167689039392853, 0.006648412364724687], [0.0, 0.0, 0.0, 1.0]], "antennas": [-0.3318104307479155, 1.2347107235490768], "body_yaw": -0.0, "check_collision": false}, {"head": [[0.9962391767335551, 0.014909411084828274, 0.08535345454258077, -0.003741776865956026], [-0.04735798700445841, 0.9186191466601268, 0.39229591440175166, -0.00022182149357153052], [-0.07255841652168514, -0.3948627265905514, 0.9158704620967648, 0.006665698902101891], [0.0, 0.0, 0.0, 1.0]], "antennas": [-0.3318104307479155, 1.2459007938173718], "body_yaw": -0.0, "check_collision": false}, {"head": [[0.9961580876499004, 0.014360194220555757, 0.08638778404173424, -0.003768350944806497], [-0.047443039513866705, 0.9176550310051328, 0.39453567908701825, -0.00019584791590790667], [-0.07360857566465391, -0.39711840664078624, 0.9148107720702158, 0.006783666116148002], [0.0, 0.0, 0.0, 1.0]], "antennas": [-0.3318104307479155, 1.2570908640856668], "body_yaw": -0.0, "check_collision": false}, {"head": [[0.9960779271731904, 0.013806128869408116, 0.08739653199070234, -0.003836421263603047], [-0.04752208275470808, 0.9166686113129577, 0.3968126871512911, -0.0002653881727073008], [-0.07463521051765874, -0.3994096241194183, 0.9137294662599921, 0.006834318500567815], [0.0, 0.0, 0.0, 1.0]], "antennas": [-0.3318104307479155, 1.2682809343539616], "body_yaw": -0.0, "check_collision": false}, {"head": [[0.9960218083979698, 0.013572285390292281, 0.08807014400421001, -0.003955907165773471], [-0.04779529130610413, 0.9155082525319219, 0.3994499338777157, -8.517220232499238e-05], [-0.0752074951358073, -0.4020701836933836, 0.9125148766240287, 0.006748701954216285], [0.0, 0.0, 0.0, 1.0]], "antennas": [-0.3318104307479155, 1.2794710046222566], "body_yaw": -0.0, "check_collision": false}, {"head": [[0.995928559159406, 0.013188518299275052, 0.08917605079694317, -0.004004586751826923], [-0.04811369659092028, 0.9143230851588905, 0.40211735618583394, 1.9181246684916477e-05], [-0.07623238977643405, -0.40477074861036794, 0.911235021176412, 0.006684751648922904], [0.0, 0.0, 0.0, 1.0]], "antennas": [-0.3318104307479155, 1.2906610748905516], "body_yaw": -0.0, "check_collision": false}, {"head": [[0.9958345157381829, 0.012611720296610025, 0.09030261223053884, -0.004084941930431326], [-0.04827889903094726, 0.9130923754245844, 0.404884504334075, -3.437973342001761e-05], [-0.0773483365875349, -0.4075576750015268, 0.9098977834759746, 0.006724706511228362], [0.0, 0.0, 0.0, 1.0]], "antennas": [-0.3318104307479155, 1.3018511451588466], "body_yaw": -0.0, "check_collision": false}, {"head": [[0.9957328249061018, 0.011739809397534957, 0.09153315399255246, -0.00415265097531776], [-0.04822340943394629, 0.9118690306365227, 0.4076387785142318, -9.931093085723593e-05], [-0.0786806468394913, -0.410313353233012, 0.908544059455347, 0.006750254764313568], [0.0, 0.0, 0.0, 1.0]], "antennas": [-0.3318104307479155, 1.3130412154271416], "body_yaw": -0.0, "check_collision": false}, {"head": [[0.9956154535496677, 0.011667131710108702, 0.09281027254969293, -0.004155506890834725], [-0.04891324149185064, 0.9106677975023174, 0.41023366195259753, 5.9908916920289705e-05], [-0.07973307632249749, -0.41297462468042406, 0.9072456094742005, 0.006725604595053558], [0.0, 0.0, 0.0, 1.0]], "antennas": [-0.3318104307479155, 1.3244366154154816], "body_yaw": -0.0, "check_collision": false}, {"head": [[0.9955009864095371, 0.011657614254087848, 0.09403130376391462, -0.004177149738213924], [-0.04959994513504752, 0.9096827011481966, 0.4123314548689211, -7.316658569686031e-06], [-0.08073184935475573, -0.4151403175573576, 0.9061682433401301, 0.006739317336543427], [0.0, 0.0, 0.0, 1.0]], "antennas": [-0.3318104307479155, 1.3360373451238667], "body_yaw": -0.0, "check_collision": false}, {"head": [[0.9954041528228883, 0.011467546657968768, 0.09507401283523854, -0.004201549307462192], [-0.05007846753288306, 0.9085692462554383, 0.41472167998355525, 0.00017539103531921934], [-0.08162548396490994, -0.4175768433863063, 0.9049678780128178, 0.006679124037679229], [0.0, 0.0, 0.0, 1.0]], "antennas": [-0.3318104307479155, 1.3476380748322518], "body_yaw": -0.0, "check_collision": false}, {"head": [[0.995256145310316, 0.011609717110799923, 0.09659409759741247, -0.00423875599638966], [-0.051038142785743056, 0.9075690750078611, 0.41678949371398216, 7.106966706666665e-05], [-0.08282700769092982, -0.41974228826505283, 0.903856237594776, 0.006660746855333244], [0.0, 0.0, 0.0, 1.0]], "antennas": [-0.3318104307479155, 1.3594441342606822], "body_yaw": -0.0, "check_collision": false}, {"head": [[0.9950961547481281, 0.01143087682963085, 0.09824956926315508, -0.004287888585625524], [-0.05179773073085348, 0.9064331013560809, 0.4191611001239631, 1.2817634846448885e-05], [-0.08426528286681113, -0.42219470368646606, 0.902580187175895, 0.006686037401889999], [0.0, 0.0, 0.0, 1.0]], "antennas": [-0.3318104307479155, 1.3712501936891124], "body_yaw": -0.0, "check_collision": false}, {"head": [[0.9949623490947505, 0.011675713048090154, 0.09956707090536795, -0.004347955092306864], [-0.052810208621973144, 0.9052559725946413, 0.4215717091397782, -4.757494911150715e-05], [-0.0852115353057295, -0.4247061358239939, 0.9013122058666972, 0.00672421493261921], [0.0, 0.0, 0.0, 1.0]], "antennas": [-0.3318104307479155, 1.3830562531175428], "body_yaw": -0.0, "check_collision": false}, {"head": [[0.9948745606876529, 0.01182344419911964, 0.10042317792133451, -0.004330081588555744], [-0.0535306318699867, 0.9041405172216369, 0.42386837174975794, 6.9684216855272e-06], [-0.08578507998568088, -0.42707157630245235, 0.9001393163096416, 0.006704629493010983], [0.0, 0.0, 0.0, 1.0]], "antennas": [-0.3318104307479155, 1.394862312545973], "body_yaw": -0.0, "check_collision": false}, {"head": [[0.9947945093124426, 0.011825639575215159, 0.10121283757732281, -0.004376612749026091], [-0.05407304157207309, 0.9031300162420426, 0.4259486822820238, -4.940964738728033e-05], [-0.08637123605090573, -0.4292042963569735, 0.8990682296532081, 0.0067388691389903554], [0.0, 0.0, 0.0, 1.0]], "antennas": [-0.3318104307479155, 1.4066683719744033], "body_yaw": -0.0, "check_collision": false}, {"head": [[0.9947312646080617, 0.011641068418061045, 0.10185380079963564, -0.004356070388739598], [-0.05433457475494431, 0.9023755055418169, 0.42751163841976214, -0.00010041567381711535], [-0.08693368275556491, -0.43079337567357756, 0.8982536402811393, 0.006736352517793254], [0.0, 0.0, 0.0, 1.0]], "antennas": [-0.3318104307479155, 1.4186797611228785], "body_yaw": -0.0, "check_collision": false}, {"head": [[0.9946687164859825, 0.011887509877689818, 0.10243452324795171, -0.004373142398235951], [-0.054866172171815664, 0.9020734370641381, 0.42808085368830084, -0.0001362814232106031], [-0.08731464708363662, -0.431418823479226, 0.8979164499843288, 0.006744302711630623], [0.0, 0.0, 0.0, 1.0]], "antennas": [-0.3318104307479155, 1.4311018097114443], "body_yaw": -0.0, "check_collision": false}, {"head": [[0.9946009844439321, 0.01205698208475596, 0.10307041731830427, -0.004428181738007367], [-0.055340229995566426, 0.9018345169330193, 0.4285230017306258, -7.323140327483105e-05], [-0.08778576585756562, -0.43191333997828313, 0.8976327345087215, 0.0066909456676707], [0.0, 0.0, 0.0, 1.0]], "antennas": [-0.3318104307479155, 1.443729188020055], "body_yaw": -0.0, "check_collision": false}, {"head": [[0.9945392186393724, 0.012197368737317166, 0.10364828403824344, -0.004445149667953537], [-0.0557660324965194, 0.9015840445894818, 0.42899459222846675, -0.00010124679522330923], [-0.08821503391023333, -0.43243200013130073, 0.8973408901051256, 0.006693701765820181], [0.0, 0.0, 0.0, 1.0]], "antennas": [-0.3318104307479155, 1.4563565663286657], "body_yaw": -0.0, "check_collision": false}, {"head": [[0.9944969752062853, 0.012875440324400595, 0.10397109858995322, -0.004468111814019068], [-0.05659202896811484, 0.9011920930074059, 0.4297093829068701, -0.00011177274054801397], [-0.08816523443410688, -0.4332286169418912, 0.8969614578675023, 0.006731485122897007], [0.0, 0.0, 0.0, 1.0]], "antennas": [-0.3318104307479155, 1.4689839446372763], "body_yaw": -0.0, "check_collision": false}, {"head": [[0.9944756335383048, 0.014024979524025927, 0.10402650742929825, -0.004443058595076937], [-0.05778205544287848, 0.9005101838261632, 0.4309787035274082, -0.00022856477265383295], [-0.08763246183568799, -0.4346086846517453, 0.8963458277126616, 0.006767168559381753], [0.0, 0.0, 0.0, 1.0]], "antennas": [-0.3318104307479155, 1.481611322945887], "body_yaw": -0.0, "check_collision": false}, {"head": [[0.9944495406181314, 0.015592539737852865, 0.10405279366221212, -0.004434994192674036], [-0.05954029729778926, 0.8987725887995239, 0.4343532970063572, -0.0003518892180819624], [-0.08674712768777004, -0.4381377709432564, 0.8947123725034746, 0.006815412854264236], [0.0, 0.0, 0.0, 1.0]], "antennas": [-0.3318104307479155, 1.4942387012544978], "body_yaw": -0.0, "check_collision": false}, {"head": [[0.9943505221144441, 0.015163212360450071, 0.10505768016496815, -0.004505117416833472], [-0.05986100699853669, 0.8974467725193697, 0.43704227522710914, -0.000464379340237059], [-0.08765671116265993, -0.44086207308576564, 0.893284351985787, 0.006827820400897688], [0.0, 0.0, 0.0, 1.0]], "antennas": [-0.3318104307479155, 1.5068660795631084], "body_yaw": -0.0, "check_collision": false}, {"head": [[0.9943342590546529, 0.01579368901580471, 0.10511869794430617, -0.0043597789387392945], [-0.060662674111578184, 0.8963673371835286, 0.43914193240926414, -0.0005383901124656381], [-0.08728929625026594, -0.44303064929842306, 0.8922468394689616, 0.006932533481227909], [0.0, 0.0, 0.0, 1.0]], "antennas": [-0.3318104307479155, 1.5194934578717192], "body_yaw": -0.0, "check_collision": false}, {"head": [[0.9943154375687032, 0.016719616067030613, 0.10515353085431571, -0.004355110858685705], [-0.061749639422737715, 0.8950980812630323, 0.4415726519502766, -0.0006616424323387321], [-0.08673979849942189, -0.4455556972565937, 0.8910422706013842, 0.006956896158391124], [0.0, 0.0, 0.0, 1.0]], "antennas": [-0.3318104307479155, 1.5321208361803298], "body_yaw": -0.0, "check_collision": false}, {"head": [[0.9942448527969817, 0.017580775027649553, 0.10567917976657154, -0.004326426152617489], [-0.0629369694564081, 0.8941246127810974, 0.4433735611137583, -0.0006035323842874781], [-0.08669550485666097, -0.4474730083127692, 0.8900852747176358, 0.006901620748904103], [0.0, 0.0, 0.0, 1.0]], "antennas": [-0.3318104307479155, 1.5447482144889406], "body_yaw": -0.0, "check_collision": false}, {"head": [[0.9941486669751259, 0.01767548746903741, 0.10656455834053163, -0.004311752879191109], [-0.06355258208007332, 0.893423154624047, 0.44469780311192475, -0.0006935280551703992], [-0.08734699343730276, -0.44886818101125026, 0.8893187610823893, 0.006890483055517982], [0.0, 0.0, 0.0, 1.0]], "antennas": [-0.3318104307479155, 1.5573755927975512], "body_yaw": -0.0, "check_collision": false}, {"head": [[0.9940721781543143, 0.01783307120665406, 0.10724964424591633, -0.004289699732966211], [-0.06404845378798193, 0.8931687132395734, 0.4451375576800204, -0.0007236500347086979], [-0.08785385698366323, -0.44936803542453163, 0.889016348866426, 0.006749439458209272], [0.0, 0.0, 0.0, 1.0]], "antennas": [-0.3318104307479155, 1.5695923116660717], "body_yaw": -0.0, "check_collision": false}, {"head": [[0.994057359749232, 0.0179792652292717, 0.10736252395599317, -0.004286899547965501], [-0.0642098806057291, 0.8932639355023471, 0.4449231762489527, -0.000768190638951804], [-0.08790367888196556, -0.4491728927180203, 0.8891100357584217, 0.006733326481204727], [0.0, 0.0, 0.0, 1.0]], "antennas": [-0.3318104307479155, 1.5799610630541863], "body_yaw": -0.0, "check_collision": false}, {"head": [[0.9940523328579856, 0.017813543757863433, 0.1074366659869124, -0.004203432452895879], [-0.06410061191001287, 0.8932416413975944, 0.44498368692132195, -0.0007709107208804149], [-0.08804016749392637, -0.44922382809922035, 0.8890707964923398, 0.006706513316974583], [0.0, 0.0, 0.0, 1.0]], "antennas": [-0.3318104307479155, 1.5884818469618949], "body_yaw": -0.0, "check_collision": false}, {"head": [[0.9940550283855413, 0.017675409168800064, 0.10743454031239588, -0.0042004582022697485], [-0.06393971534993498, 0.8934330735380158, 0.4446223745037841, -0.0008121661101607508], [-0.08812668916048991, -0.44884844103453164, 0.8892517999073606, 0.006706025906854984], [0.0, 0.0, 0.0, 1.0]], "antennas": [-0.3318104307479155, 1.5884818469618949], "body_yaw": -0.0, "check_collision": false}, {"head": [[0.9940872817005568, 0.017967975333541854, 0.10708701239464648, -0.004143707252629133], [-0.06404204820921185, 0.8934406908758694, 0.44459233905727435, -0.0007334406381298416], [-0.08768747015604296, -0.4488216614086965, 0.8893087336959931, 0.00672401891739316], [0.0, 0.0, 0.0, 1.0]], "antennas": [-0.3318104307479155, 1.5884818469618949], "body_yaw": -0.0, "check_collision": false}, {"head": [[0.9941112078533247, 0.01780493011458866, 0.10689195893058864, -0.004144198579879186], [-0.06373116306080881, 0.8938458424042638, 0.4438219788062878, -0.0007528428116426586], [-0.08764271376058955, -0.4480207522874661, 0.8897168989315942, 0.006700391853781906], [0.0, 0.0, 0.0, 1.0]], "antennas": [-0.3318104307479155, 1.5884818469618949], "body_yaw": -0.0, "check_collision": false}, {"head": [[0.99411728856893, 0.01701104760224167, 0.10696467093313175, -0.004168151305917285], [-0.06301335959500039, 0.89408169205515, 0.4434492580266104, -0.0006372090515399395], [-0.08809161754054734, -0.44758077728078804, 0.8898939907246344, 0.006672429243196221], [0.0, 0.0, 0.0, 1.0]], "antennas": [-0.3318104307479155, 1.5884818469618949], "body_yaw": -0.0, "check_collision": false}, {"head": [[0.9941110861198692, 0.016529181231685383, 0.1070977806557353, -0.004193009648841204], [-0.0626051493098513, 0.8942851456682979, 0.44309668642060784, -0.0006585240989575762], [-0.08845192894146017, -0.4471922007424116, 0.8900535893201563, 0.006661699358875506], [0.0, 0.0, 0.0, 1.0]], "antennas": [-0.3318104307479155, 1.5884818469618949], "body_yaw": -0.0, "check_collision": false}, {"head": [[0.9941301080096746, 0.01637789150733549, 0.10694434542530411, -0.004208480141612457], [-0.06232788410853777, 0.8946624771204047, 0.44237346992709026, -0.0004883573377963456], [-0.08843394829603336, -0.4464424002069646, 0.8904317043357223, 0.00670724148306634], [0.0, 0.0, 0.0, 1.0]], "antennas": [-0.3318104307479155, 1.5884818469618949], "body_yaw": -0.0, "check_collision": false}, {"head": [[0.9941716814838539, 0.01602386413618889, 0.10661099152391096, -0.004227888302290711], [-0.06172814465684995, 0.8953546488798643, 0.4410551993644763, -0.0004746015651863793], [-0.08838723829144943, -0.445065487886176, 0.8911253602046406, 0.006707319279126045], [0.0, 0.0, 0.0, 1.0]], "antennas": [-0.3318104307479155, 1.5884818469618949], "body_yaw": -0.0, "check_collision": false}, {"head": [[0.9942308583747466, 0.01579818828376958, 0.10609155245524812, -0.004208128364722516], [-0.06115689596955734, 0.8960626627474642, 0.4396948242875877, -0.0004096408742344992], [-0.08811829736656762, -0.4436463926111363, 0.8918593184983505, 0.006739842374434923], [0.0, 0.0, 0.0, 1.0]], "antennas": [-0.3318104307479155, 1.5884818469618949], "body_yaw": -0.0, "check_collision": false}, {"head": [[0.9943428078803891, 0.015628919449189486, 0.10506244473356931, -0.004249247487341696], [-0.06042002655062097, 0.8967284568980468, 0.4384375610972101, -0.00038337476185742753], [-0.08736017861798255, -0.442305111281905, 0.89259979146633, 0.006770294173700564], [0.0, 0.0, 0.0, 1.0]], "antennas": [-0.3318104307479155, 1.5884818469618949], "body_yaw": -0.0, "check_collision": false}, {"head": [[0.9944070080938259, 0.015122253480802272, 0.10452760259160432, -0.004233920860804801], [-0.059634746691494794, 0.8972281926995256, 0.4375217334169633, -0.0002702264208957828], [-0.08716879740438807, -0.4413081550060065, 0.893111814435498, 0.0068190495423536834], [0.0, 0.0, 0.0, 1.0]], "antennas": [-0.3318104307479155, 1.5884818469618949], "body_yaw": -0.0, "check_collision": false}, {"head": [[0.9944562070644813, 0.013952272853595332, 0.10422181303903988, -0.004286229868425398], [-0.05835411429304138,