{"description": "You look around without really knowing where to look. You can use this movement whenever you feel fear.", "time": [0.0, 0.010048866271972656, 0.020170211791992188, 0.030385494232177734, 0.040242910385131836, 0.05071258544921875, 0.06020855903625488, 0.07030391693115234, 0.08044242858886719, 0.09044289588928223, 0.10050106048583984, 0.11045718193054199, 0.12057232856750488, 0.13074374198913574, 0.14080524444580078, 0.15095233917236328, 0.16096711158752441, 0.17106342315673828, 0.1809101104736328, 0.19107294082641602, 0.2011089324951172, 0.21110224723815918, 0.22120285034179688, 0.23129510879516602, 0.2413640022277832, 0.2514514923095703, 0.2614140510559082, 0.27175426483154297, 0.28152942657470703, 0.29170727729797363, 0.30173420906066895, 0.31177759170532227, 0.32187724113464355, 0.3319671154022217, 0.3419315814971924, 0.3519725799560547, 0.36213159561157227, 0.3721146583557129, 0.38213491439819336, 0.39220523834228516, 0.40234923362731934, 0.41237664222717285, 0.42241644859313965, 0.43274497985839844, 0.4427170753479004, 0.4528374671936035, 0.462691068649292, 0.4727497100830078, 0.4828791618347168, 0.4929957389831543, 0.5030922889709473, 0.5130822658538818, 0.5233383178710938, 0.5334548950195312, 0.5433721542358398, 0.553464412689209, 0.563302755355835, 0.5735468864440918, 0.5834765434265137, 0.5934951305389404, 0.6035804748535156, 0.6135632991790771, 0.6236319541931152, 0.6339612007141113, 0.6437582969665527, 0.6538639068603516, 0.6639790534973145, 0.6739389896392822, 0.6840109825134277, 0.6940884590148926, 0.7041709423065186, 0.7141330242156982, 0.7242457866668701, 0.7343907356262207, 0.7443599700927734, 0.7544217109680176, 0.7645652294158936, 0.7745437622070312, 0.7845549583435059, 0.7946889400482178, 0.8046665191650391, 0.8147640228271484, 0.824955940246582, 0.8350083827972412, 0.8449563980102539, 0.855076789855957, 0.8651213645935059, 0.8751909732818604, 0.885237455368042, 0.895310640335083, 0.9054090976715088, 0.9154312610626221, 0.925485372543335, 0.9358348846435547, 0.9457008838653564, 0.9557621479034424, 0.9659132957458496, 0.9758453369140625, 0.9859066009521484, 0.9960947036743164, 1.0061428546905518, 1.0162127017974854, 1.026367425918579, 1.0362882614135742, 1.046654224395752, 1.0567772388458252, 1.0666966438293457, 1.0767533779144287, 1.0868091583251953, 1.0968592166900635, 1.1069211959838867, 1.1169416904449463, 1.1268689632415771, 1.1369678974151611, 1.1469461917877197, 1.1570687294006348, 1.1671538352966309, 1.1771459579467773, 1.1872119903564453, 1.1972575187683105, 1.2074003219604492, 1.2177376747131348, 1.2275166511535645, 1.2376642227172852, 1.2476763725280762, 1.2577300071716309, 1.2678513526916504, 1.2777776718139648, 1.287902593612671, 1.2980308532714844, 1.3079578876495361, 1.318087100982666, 1.3281898498535156, 1.3382186889648438, 1.3482098579406738, 1.3583850860595703, 1.3684403896331787, 1.378429651260376, 1.3885016441345215, 1.3986239433288574, 1.4086017608642578, 1.4187650680541992, 1.4287991523742676, 1.4388868808746338, 1.4488425254821777, 1.4589464664459229, 1.4690394401550293, 1.4790115356445312, 1.489138126373291, 1.4992258548736572, 1.5092031955718994, 1.5193240642547607, 1.5294835567474365, 1.539470911026001, 1.5499358177185059, 1.559723138809204, 1.5698375701904297, 1.5797767639160156, 1.5898137092590332, 1.5999934673309326, 1.6099300384521484, 1.6199462413787842, 1.6301374435424805, 1.640087366104126, 1.6500747203826904, 1.6601958274841309, 1.6702163219451904, 1.680251121520996, 1.6903302669525146, 1.700514793395996, 1.7104814052581787, 1.7205109596252441, 1.7305819988250732, 1.7406644821166992, 1.750767707824707, 1.7607903480529785, 1.770925760269165, 1.7808969020843506, 1.7910213470458984, 1.8010609149932861, 1.8109781742095947, 1.8210482597351074, 1.831160306930542, 1.8412463665008545, 1.8512921333312988, 1.8614134788513184, 1.8713994026184082, 1.8815908432006836, 1.8917977809906006, 1.9016368389129639, 1.9116394519805908, 1.921968698501587, 1.9320080280303955, 1.9420726299285889, 1.9520111083984375, 1.962007761001587, 1.9720256328582764, 1.9820959568023682, 1.9921255111694336, 2.0024378299713135, 2.0123634338378906, 2.022406816482544, 2.032545328140259, 2.0425007343292236, 2.052663564682007, 2.062730073928833, 2.073108434677124, 2.0831685066223145, 2.0932273864746094, 2.1031906604766846, 2.113165855407715, 2.1235318183898926, 2.1335158348083496, 2.1439929008483887, 2.1536688804626465, 2.1638901233673096, 2.1737685203552246, 2.18379807472229, 2.193873167037964, 2.2039237022399902, 2.2139980792999268, 2.224073886871338, 2.234193801879883, 2.244095802307129, 2.254222869873047, 2.264319896697998, 2.2743606567382812, 2.2844536304473877, 2.294511556625366, 2.3045077323913574, 2.3145718574523926, 2.324662446975708, 2.334760904312134, 2.3447656631469727, 2.3549134731292725, 2.3649442195892334, 2.3749501705169678, 2.3849308490753174, 2.3950178623199463, 2.4051458835601807, 2.415097951889038, 2.4252872467041016, 2.4353485107421875, 2.445295810699463, 2.4554238319396973, 2.4654791355133057, 2.4754676818847656, 2.485548973083496, 2.4956700801849365, 2.505770444869995, 2.5157740116119385, 2.525940418243408, 2.535944938659668, 2.5460927486419678, 2.556100368499756, 2.5662269592285156, 2.576206922531128, 2.5861876010894775, 2.5963428020477295, 2.606262683868408, 2.6162915229797363, 2.6267764568328857, 2.6365888118743896, 2.646548271179199, 2.65665864944458, 2.6668334007263184, 2.6767163276672363, 2.6868274211883545, 2.696943998336792, 2.706929922103882, 2.716991662979126, 2.7269575595855713, 2.737142562866211, 2.7470970153808594, 2.757253408432007, 2.767296314239502, 2.77732253074646, 2.7873916625976562, 2.79744815826416, 2.8075754642486572, 2.8175933361053467, 2.8276472091674805, 2.8377795219421387, 2.8477413654327393, 2.8577826023101807, 2.8679184913635254, 2.8778910636901855, 2.8880615234375, 2.898017168045044, 2.9081177711486816, 2.9182238578796387, 2.9282805919647217, 2.938349723815918, 2.948334217071533, 2.9584360122680664, 2.968494176864624, 2.9784598350524902, 2.988555908203125, 2.998671293258667, 3.0088768005371094, 3.0188496112823486, 3.0288989543914795, 3.038980484008789, 3.0489747524261475, 3.059553861618042, 3.0695858001708984, 3.0792133808135986, 3.089348077774048, 3.0993666648864746, 3.109494686126709, 3.119525671005249, 3.1296284198760986, 3.1397716999053955, 3.149695873260498, 3.159726858139038, 3.169722318649292, 3.179755449295044, 3.189800262451172, 3.19990873336792, 3.2100257873535156, 3.2199199199676514, 3.2299795150756836, 3.240107774734497, 3.250065803527832, 3.2601449489593506, 3.2702269554138184, 3.280249834060669, 3.290332078933716, 3.300468921661377, 3.3104465007781982, 3.320568084716797, 3.3306496143341064, 3.3406660556793213, 3.3507392406463623, 3.3608720302581787, 3.3708786964416504, 3.380876302719116, 3.390920639038086, 3.4010090827941895, 3.41102933883667, 3.421189308166504, 3.4313485622406006, 3.4413018226623535, 3.4513938426971436, 3.461452007293701, 3.471499443054199, 3.481445074081421, 3.4917140007019043, 3.501645803451538, 3.511681318283081, 3.5218749046325684, 3.5318784713745117, 3.541846752166748, 3.551966905593872, 3.5619983673095703, 3.5721681118011475, 3.582109212875366, 3.5922698974609375, 3.6023309230804443, 3.6123504638671875, 3.6224746704101562, 3.632707357406616, 3.642590045928955, 3.6525917053222656, 3.6626737117767334, 3.672769784927368, 3.6828267574310303, 3.692819118499756, 3.702913999557495, 3.7129452228546143, 3.723081350326538, 3.7332236766815186, 3.7430942058563232, 3.753232955932617, 3.7633023262023926, 3.773336410522461, 3.783371925354004, 3.793455123901367, 3.8035788536071777, 3.813526153564453, 3.82373309135437, 3.8337631225585938, 3.8437042236328125, 3.8539350032806396, 3.8639075756073, 3.8741443157196045, 3.884183645248413, 3.8941500186920166, 3.9041426181793213, 3.9142322540283203, 3.9242517948150635, 3.9343152046203613, 3.944740056991577, 3.954512119293213, 3.964646339416504, 3.974637985229492, 3.984705686569214, 3.994750738143921, 4.005052328109741, 4.014837026596069, 4.024971008300781, 4.035094261169434, 4.045095682144165, 4.0551533699035645, 4.065213441848755, 4.075314044952393, 4.085442781448364, 4.095663785934448, 4.105453729629517, 4.115667104721069, 4.12566614151001, 4.135698080062866, 4.145784139633179, 4.155880928039551, 4.165992736816406, 4.175940036773682, 4.185988187789917, 4.1960179805755615, 4.206104278564453, 4.216199636459351, 4.2262046337127686, 4.236328840255737, 4.246304273605347, 4.2564733028411865, 4.266483545303345, 4.276583194732666, 4.28659200668335, 4.296697378158569, 4.306732892990112, 4.3168017864227295, 4.3268513679504395, 4.336900949478149, 4.346918344497681, 4.357032060623169, 4.367110729217529, 4.377149820327759, 4.387165307998657, 4.397300720214844, 4.407324552536011, 4.4173948764801025, 4.4274985790252686, 4.437723636627197, 4.4475367069244385, 4.457799434661865, 4.4677722454071045, 4.477810859680176, 4.488781213760376, 4.4981369972229, 4.5080296993255615, 4.518100738525391, 4.528125762939453, 4.538133382797241, 4.548093318939209, 4.558319330215454, 4.5682759284973145, 4.578334331512451, 4.58858585357666, 4.598648309707642, 4.608952045440674, 4.61880350112915, 4.628956079483032, 4.638975143432617, 4.648990154266357, 4.658994674682617, 4.669036626815796, 4.6789772510528564, 4.689115047454834, 4.699113130569458, 4.709152460098267, 4.719301462173462, 4.729291677474976, 4.739366054534912, 4.749478340148926, 4.759551525115967, 4.769593000411987, 4.779625654220581, 4.7896888256073, 4.799835443496704, 4.80991792678833, 4.819829225540161, 4.8299126625061035, 4.8400304317474365, 4.850043058395386, 4.860121488571167, 4.8701982498168945, 4.880195140838623, 4.8902671337127686, 4.900416612625122, 4.910501956939697, 4.920556306838989, 4.930615186691284, 4.940630912780762, 4.950732469558716, 4.960761785507202, 4.970832109451294, 4.98079776763916, 4.990896940231323, 5.0009965896606445, 5.011077642440796, 5.021142482757568, 5.031225681304932, 5.041208744049072, 5.05133843421936, 5.061703443527222, 5.071621656417847, 5.08161735534668, 5.091808557510376, 5.101885795593262, 5.1118323802948, 5.121894359588623, 5.132079124450684, 5.142073392868042, 5.152300834655762, 5.1622185707092285, 5.172300100326538, 5.182331562042236, 5.192315340042114, 5.2024147510528564, 5.212405681610107, 5.2225096225738525, 5.232620716094971, 5.242641925811768, 5.252630710601807, 5.262734889984131, 5.272807359695435, 5.282957315444946, 5.292946815490723, 5.30292010307312, 5.312976121902466, 5.3231236934661865, 5.333157539367676, 5.343154430389404, 5.353291749954224, 5.363303184509277, 5.373340845108032, 5.383458614349365, 5.393467664718628, 5.4035115242004395, 5.4135847091674805, 5.423864364624023, 5.433828592300415, 5.443944215774536, 5.453917980194092, 5.46396541595459, 5.4740049839019775, 5.484093904495239, 5.494191408157349, 5.50416898727417, 5.5142364501953125, 5.5243659019470215, 5.5344154834747314, 5.544413089752197, 5.554476499557495, 5.564534664154053, 5.574758529663086, 5.584725379943848, 5.594772577285767, 5.604911804199219, 5.614850282669067, 5.624946117401123, 5.635143995285034, 5.645134687423706, 5.655301332473755, 5.665407180786133, 5.675389528274536, 5.685470104217529, 5.695615530014038, 5.705525636672974, 5.7154765129089355, 5.725560665130615, 5.7358314990997314, 5.745697975158691, 5.755740404129028, 5.765829563140869, 5.77593731880188, 5.78594183921814, 5.795998811721802, 5.806013584136963, 5.816030502319336, 5.826167821884155, 5.836296796798706, 5.846216678619385, 5.856343507766724, 5.866423845291138, 5.876425743103027, 5.886573314666748, 5.896614074707031, 5.906687259674072, 5.916826009750366, 5.926729202270508, 5.936842918395996, 5.9468700885772705, 5.956956386566162, 5.9670257568359375, 5.976984739303589, 5.987055540084839, 5.99720573425293, 6.007383584976196, 6.017519235610962, 6.027469635009766, 6.037535190582275, 6.047531604766846, 6.05764102935791, 6.067719221115112, 6.077717304229736, 6.087797403335571, 6.097872257232666, 6.107873916625977, 6.117979526519775, 6.128100633621216, 6.1384971141815186, 6.148459196090698, 6.158697128295898, 6.16878342628479, 6.178802490234375, 6.1887757778167725, 6.198931694030762, 6.208890914916992, 6.2189085483551025, 6.228924512863159, 6.239013671875, 6.2489917278289795, 6.259140491485596, 6.269188404083252, 6.279253721237183, 6.289300441741943, 6.299437999725342, 6.309483528137207, 6.319514751434326, 6.329566717147827, 6.3396735191345215, 6.349652290344238, 6.3597636222839355, 6.369846343994141, 6.379926443099976, 6.390273094177246, 6.4001243114471436, 6.410062074661255, 6.420130252838135, 6.4302077293396, 6.4402406215667725, 6.450282573699951, 6.460324048995972, 6.470509767532349, 6.480482339859009, 6.490668058395386, 6.500624895095825, 6.51069974899292, 6.52079963684082, 6.530885457992554, 6.540872097015381, 6.550975322723389, 6.560969114303589, 6.571079730987549, 6.5811426639556885, 6.591235637664795, 6.601285934448242, 6.611248970031738, 6.6213462352752686, 6.631564617156982, 6.641575574874878, 6.65178918838501, 6.661732196807861, 6.671781539916992, 6.682151556015015, 6.692130088806152, 6.701990842819214, 6.711916923522949, 6.721994876861572, 6.73200249671936, 6.742137670516968, 6.7521467208862305, 6.762213706970215, 6.772517442703247, 6.782307386398315, 6.7924230098724365, 6.802472352981567, 6.812446594238281, 6.8226659297943115, 6.832711219787598, 6.8426995277404785, 6.852882146835327, 6.8629069328308105, 6.872868061065674, 6.882967233657837, 6.893019199371338, 6.903124094009399, 6.91431736946106, 6.923350095748901, 6.9333319664001465, 6.943351984024048, 6.953377723693848, 6.963492155075073, 6.973517656326294, 6.983622312545776, 6.9937217235565186, 7.003843545913696, 7.013781309127808, 7.023957014083862, 7.034084796905518, 7.043940782546997, 7.0540242195129395, 7.064482688903809, 7.074535608291626, 7.084211349487305, 7.094357490539551, 7.1043009757995605, 7.11448073387146, 7.1244120597839355, 7.13444709777832, 7.144690275192261, 7.15456485748291, 7.1647844314575195, 7.174718856811523, 7.184896230697632, 7.195242166519165, 7.205129623413086, 7.215162515640259, 7.225113868713379, 7.2351861000061035, 7.245122909545898, 7.25542950630188, 7.2655158042907715, 7.275338888168335, 7.285418272018433, 7.295434951782227, 7.305511951446533, 7.315499782562256, 7.325621604919434, 7.335667610168457, 7.345723390579224, 7.355821132659912, 7.365982532501221, 7.375912666320801, 7.385958194732666, 7.396175384521484, 7.406066417694092, 7.416126251220703, 7.426207780838013, 7.436324596405029, 7.44624662399292, 7.456502199172974, 7.46647310256958, 7.476720571517944, 7.486770868301392, 7.4967358112335205, 7.507026195526123, 7.517515420913696, 7.5273826122283936, 7.537122964859009, 7.547109365463257, 7.557230234146118, 7.56739616394043, 7.577307224273682, 7.587246894836426, 7.597388505935669, 7.607375383377075, 7.617578744888306, 7.627754211425781, 7.637636184692383, 7.647664546966553, 7.657731294631958, 7.667856693267822, 7.677879095077515, 7.688042879104614, 7.698049545288086, 7.708135604858398, 7.718166351318359, 7.728111743927002, 7.738231420516968, 7.7482476234436035, 7.758334636688232, 7.768734455108643, 7.778451919555664, 7.788544416427612, 7.798606634140015, 7.808640718460083, 7.81868052482605, 7.8287293910980225, 7.8388285636901855, 7.848865985870361, 7.858964204788208, 7.869036436080933, 7.878988265991211, 7.88907790184021, 7.89921498298645, 7.909237861633301, 7.919331789016724, 7.929392576217651, 7.93943452835083, 7.949472188949585, 7.959562540054321, 7.969649076461792, 7.979737997055054, 7.989822626113892, 7.99999213218689, 8.009949684143066, 8.019961595535278, 8.029925346374512, 8.040021419525146, 8.05027174949646, 8.06057095527649, 8.070465087890625, 8.080626964569092, 8.09068250656128, 8.100695371627808, 8.110651016235352, 8.120742082595825], "set_target_data": [{"head": [[0.9569276631321324, 0.09296757322827442, 0.2750390478832448, -0.011340333883899921], [-0.0740536869655668, 0.9941682186969757, -0.07839390524580653, -0.0032923491667027115], [-0.2807231714327875, 0.05464964099541811, 0.9582316618437267, -0.010772273191784532], [0.0, 0.0, 0.0, 1.0]], "antennas": [-2.5741638390870794, 2.5876266510296477], "body_yaw": 0.04982667873094692, "check_collision": false}, {"head": [[0.9573467189534173, 0.09799615001740718, 0.2718161406003933, -0.011331788238142198], [-0.07898344130055991, 0.9936563684078868, -0.08005396631504878, -0.003130987129118478], [-0.27793681963613237, 0.055170427805263426, 0.9590137372250391, -0.010849003302769722], [0.0, 0.0, 0.0, 1.0]], "antennas": [-2.5741638390870794, 2.5876266510296477], "body_yaw": 0.04982667873094692, "check_collision": false}, {"head": [[0.9580099738803555, 0.10229161741603562, 0.2678680924488257, -0.01136558707822725], [-0.08323719425928947, 0.9931849881898268, -0.0815790949092692, -0.0030425780896758603], [-0.27438742580082376, 0.055856998136183805, 0.9599955918240523, -0.010673536569718034], [0.0, 0.0, 0.0, 1.0]], "antennas": [-2.5741638390870794, 2.5876266510296477], "body_yaw": 0.04982667873094692, "check_collision": false}, {"head": [[0.9585230098320107, 0.10707598767179419, 0.2641370335388307, -0.011320793165103926], [-0.08768649519068544, 0.9925857087184189, -0.08417059705816743, -0.0028375404107856324], [-0.2711912944468489, 0.05751820331046742, 0.9608053591150388, -0.010707898473980015], [0.0, 0.0, 0.0, 1.0]], "antennas": [-2.5741638390870794, 2.5876266510296477], "body_yaw": 0.04982667873094692, "check_collision": false}, {"head": [[0.959450106492449, 0.11141773882143895, 0.2589238896423935, -0.011325571188848471], [-0.09206462379209952, 0.9920545077691993, -0.08574356337843196, -0.0027789528939030994], [-0.2664199658389887, 0.05842894052376453, 0.9620844353338344, -0.010560855262804925], [0.0, 0.0, 0.0, 1.0]], "antennas": [-2.5741638390870794, 2.587620484147263], "body_yaw": 0.04982667873094692, "check_collision": false}, {"head": [[0.9604972918285613, 0.11503067255037552, 0.2534026376394058, -0.0112132473992929], [-0.09610816374173944, 0.9916600036455879, -0.08587000659033152, -0.0026760751937794413], [-0.26116694517528577, 0.058123846588477454, 0.9635421346290822, -0.010585747161875658], [0.0, 0.0, 0.0, 1.0]], "antennas": [-2.5741548259513096, 2.577237034477362], "body_yaw": 0.04982667873094692, "check_collision": false}, {"head": [[0.9624908964446469, 0.11338883124153379, 0.24648376662745755, -0.011007745091551993], [-0.09575972626402887, 0.9919873347661698, -0.08240875250450765, -0.0025873254986838526], [-0.25385300685045714, 0.055714456052176495, 0.9656368625419143, -0.01062334050555569], [0.0, 0.0, 0.0, 1.0]], "antennas": [-2.5637712004238113, 2.56817118154778], "body_yaw": 0.04982667873094692, "check_collision": false}, {"head": [[0.9645654471430621, 0.10949751794754863, 0.24004956100986827, -0.010700531313151077], [-0.09347555141615897, 0.9926256790386014, -0.0771788999701341, -0.0025383116780213913], [-0.24673025648499056, 0.052005335077097745, 0.9676877728164024, -0.010547840600146241], [0.0, 0.0, 0.0, 1.0]], "antennas": [-2.554705727160611, 2.5592604704493738], "body_yaw": 0.04982667873094692, "check_collision": false}, {"head": [[0.9670790868033129, 0.10317727996913786, 0.23262091214213856, -0.010368809098918363], [-0.08893149104089823, 0.9935078149534918, -0.07094653992677041, -0.002506554729560825], [-0.23843076514769032, 0.047923590480141734, 0.9699763397663773, -0.010599994347396446], [0.0, 0.0, 0.0, 1.0]], "antennas": [-2.545795465525824, 2.551383797894136], "body_yaw": 0.04982667873094692, "check_collision": false}, {"head": [[0.9688963613761955, 0.0975774104020808, 0.22741699560761078, -0.010193074214776337], [-0.08462697071248605, 0.9942217446788301, -0.06604088306352941, -0.0025904907962988125], [-0.23254702049262252, 0.044741159875517626, 0.9715555114727087, -0.010405105424603933], [0.0, 0.0, 0.0, 1.0]], "antennas": [-2.5379184182958627, 2.5449067644105012], "body_yaw": 0.04982667873094692, "check_collision": false}, {"head": [[0.9702244241906086, 0.08943110140125966, 0.22509252498952384, -0.010128569286587159], [-0.0781687713183759, 0.9952236454342153, -0.058476822410307105, -0.0026197979480731964], [-0.2292470499146658, 0.0391404352401548, 0.9725810076464756, -0.01042284493359702], [0.0, 0.0, 0.0, 1.0]], "antennas": [-2.531442581074149, 2.539925732552947], "body_yaw": 0.04982667873094692, "check_collision": false}, {"head": [[0.9718646380397985, 0.07952791700231775, 0.22170799657442328, -0.01007536971568301], [-0.06991771072859336, 0.9962545854260383, -0.050875482740372915, -0.0026512888392152016], [-0.22492362938171875, 0.03394276704786603, 0.9737850119563816, -0.010341151721264041], [0.0, 0.0, 0.0, 1.0]], "antennas": [-2.5264615514077287, 2.5367088386302474], "body_yaw": 0.04982667873094692, "check_collision": false}, {"head": [[0.973188166077446, 0.06926319113329407, 0.21933400046698157, -0.009994841662339953], [-0.06083364549509088, 0.9971346460285003, -0.04496404413967371, -0.002690450670247359], [-0.22181988410103073, 0.030415588826285946, 0.9746131699160212, -0.010340904128012696], [0.0, 0.0, 0.0, 1.0]], "antennas": [-2.52324547391273, 2.5353158929800292], "body_yaw": 0.04982667873094692, "check_collision": false}, {"head": [[0.9738311964334326, 0.06146965950063752, 0.2188019236979072, -0.009756861415867894], [-0.05379523810331418, 0.9977153770816777, -0.04086684098598076, -0.0029855651490734167], [-0.22081411460872888, 0.028026903069040387, 0.9749131343324501, -0.01017257094318369], [0.0, 0.0, 0.0, 1.0]], "antennas": [-2.521852968116094, 2.535851119915067], "body_yaw": 0.04982667873094692, "check_collision": false}, {"head": [[0.9741315924424516, 0.05200177124492332, 0.2199169306645666, -0.009652415360932526], [-0.04516696316429274, 0.9983306795232647, -0.03599721879717529, -0.0030904556862954083], [-0.22142173796637168, 0.025133048163860916, 0.9748542167144502, -0.010217127478763466], [0.0, 0.0, 0.0, 1.0]], "antennas": [-2.5223888381451154, 2.5382832466908094], "body_yaw": 0.04982667873094692, "check_collision": false}, {"head": [[0.9746125111978547, 0.0410540159926951, 0.22010229618857316, -0.009445199479419129], [-0.03537938243575615, 0.9989336136041144, -0.029663696841257223, -0.0034119405945658553], [-0.22108539597873797, 0.021123526758025975, 0.9750256634069828, -0.010180306919189919], [0.0, 0.0, 0.0, 1.0]], "antennas": [-2.524821466298263, 2.5425221975089016], "body_yaw": 0.04982667873094692, "check_collision": false}, {"head": [[0.9747130617171738, 0.031140266156150738, 0.22127975764099486, -0.00935984221628811], [-0.026232989289356454, 0.999341147776685, -0.025081878584399045, -0.003561164686686026], [-0.2219150233555129, 0.01864280515647039, 0.9748877721179091, -0.010200833998035619], [0.0, 0.0, 0.0, 1.0]], "antennas": [-2.529060951642898, 2.54840928279275], "body_yaw": 0.04982667873094692, "check_collision": false}, {"head": [[0.9749556069868762, 0.023596403991863007, 0.22114423827788388, -0.00933983650675605], [-0.019327104203768226, 0.9995830978220132, -0.021449792345040124, -0.003812381768486738], [-0.22155818072901162, 0.016638517578241425, 0.9750051960296674, -0.010126554456940218], [0.0, 0.0, 0.0, 1.0]], "antennas": [-2.534948199597616, 2.5557175316752643], "body_yaw": 0.04982667873094692, "check_collision": false}, {"head": [[0.9750641399784177, 0.014760091637857175, 0.22143184645165762, -0.00930521756692239], [-0.01129886343652132, 0.9997935147877524, -0.016889744621958785, -0.003908902571616564], [-0.2216354182282048, 0.013966656120711312, 0.9750295759122459, -0.01018080156724721], [0.0, 0.0, 0.0, 1.0]], "antennas": [-2.5422611139433116, 2.5640556553076372], "body_yaw": 0.04982667873094692, "check_collision": false}, {"head": [[0.9750973286892827, 0.005184259233211787, 0.221716763099292, -0.009271798554494773], [-0.002456451720958778, 0.9999178878216837, -0.012577100586586187, -0.004191938904964291], [-0.22176376040274776, 0.011719260660355939, 0.9750299962060691, -0.010143293299107459], [0.0, 0.0, 0.0, 1.0]], "antennas": [-2.550594537738943, 2.573437371450347], "body_yaw": 0.04982667873094692, "check_collision": false}, {"head": [[0.9749847455334841, 0.0005269505774702405, 0.22227115939792072, -0.009282080528686463], [0.001944919909235438, 0.9999386806808643, -0.01090193399167198, -0.004184095047260812], [-0.2222632746621754, 0.011061518941855007, 0.9749239352560511, -0.010215503790094282], [0.0, 0.0, 0.0, 1.0]], "antennas": [-2.559976614330974, 2.5832401462759074], "body_yaw": 0.04982667873094692, "check_collision": false}, {"head": [[0.9747494569183465, -0.0006608129149989973, 0.22330037967652497, -0.009340310290585924], [0.003157311691288784, 0.9999364432171967, -0.010823165388480875, -0.00430388252749702], [-0.22327903533532403, 0.011254903483981091, 0.9746895913711675, -0.0101437522223361], [0.0, 0.0, 0.0, 1.0]], "antennas": [-2.5697796978775997, 2.5931977055166247], "body_yaw": 0.04982667873094692, "check_collision": false}, {"head": [[0.974167118165771, 0.001693573992265572, 0.22582196016271253, -0.009372714664720465], [0.0013205148371186253, 0.9999120640221892, -0.01319547132353511, -0.004210539418634442], [-0.22582444979488372, 0.013152795521029341, 0.9740792174380994, -0.010220150073611989], [0.0, 0.0, 0.0, 1.0]], "antennas": [-2.5797372519821797, 2.6030233644054355], "body_yaw": 0.04982667873094692, "check_collision": false}, {"head": [[0.973503184331656, 0.003541854486461824, 0.22864602634404588, -0.009543165081724345], [-7.04970448311519e-05, 0.9998846438255915, -0.0151886165247555, -0.004165311131445025], [-0.22867344648273455, 0.014770047683272251, 0.9733911344188118, -0.010165822911915368], [0.0, 0.0, 0.0, 1.0]], "antennas": [-2.5895630461582235, 2.6122611562059372], "body_yaw": 0.04982667873094692, "check_collision": false}, {"head": [[0.9724443182486895, 0.009983928823976728, 0.2329213795920839, -0.009651492919868233], [-0.005540844261072939, 0.9997901492241211, -0.019721981626720453, -0.004043755157656196], [-0.2330694037206866, 0.01788794788811536, 0.9722955694487331, -0.010220661533024256], [0.0, 0.0, 0.0, 1.0]], "antennas": [-2.598800437202829, 2.6205950767479935], "body_yaw": 0.04982667873094692, "check_collision": false}, {"head": [[0.9714446933127638, 0.01899511415926944, 0.23650453161101728, -0.009840908922848134], [-0.013696132092898291, 0.9996174540963076, -0.024028346420640983, -0.004007209898341822], [-0.23687047895456334, 0.020103012313898893, 0.9713332307173184, -0.01006161120308613], [0.0, 0.0, 0.0, 1.0]], "antennas": [-2.6071346602073926, 2.6277386714202144], "body_yaw": 0.04982667873094692, "check_collision": false}, {"head": [[0.970277514962714, 0.02962019043171843, 0.24017532820123075, -0.009952443493192025], [-0.02357402767894403, 0.9993296657792394, -0.028008647103096085, -0.003876126163533179], [-0.2408439519206836, 0.02151426067384441, 0.970325371929893, -0.01007646402557838], [0.0, 0.0, 0.0, 1.0]], "antennas": [-2.6142779937029252, 2.633365726877923], "body_yaw": 0.04982667873094692, "check_collision": false}, {"head": [[0.9689705483138538, 0.03891641458116504, 0.24409340256650974, -0.009968259573827692], [-0.03205329699246488, 0.9989728798911727, -0.03202766606934253, -0.0036815120443266514], [-0.2450890912551233, 0.023209866826058214, 0.9692226985732713, -0.010134258061520685], [0.0, 0.0, 0.0, 1.0]], "antennas": [-2.6199039539168063, 2.637443554357785], "body_yaw": 0.04982667873094692, "check_collision": false}, {"head": [[0.9680529706122868, 0.049156511779664, 0.2458802217307916, -0.010132034662276669], [-0.04024851446409575, 0.9983429328024255, -0.0411271881713977, -0.0036181551383772086], [-0.24749445079064086, 0.0299169830214852, 0.9684273183645387, -0.010112143991532374], [0.0, 0.0, 0.0, 1.0]], "antennas": [-2.623981983604512, 2.639570359732261], "body_yaw": 0.04982667873094692, "check_collision": false}, {"head": [[0.9676980120375348, 0.058897511676379445, 0.24513596353235176, -0.01008682079058048], [-0.04799223381598893, 0.9975839190052974, -0.05023017056893325, -0.0038665258703470843], [-0.24750212724733336, 0.036843013725310625, 0.9681865984135919, -0.009990544378994048], [0.0, 0.0, 0.0, 1.0]], "antennas": [-2.6261078461908793, 2.6398729825534817], "body_yaw": 0.04982667873094692, "check_collision": false}, {"head": [[0.967897775975633, 0.06627748016949453, 0.2424483262136603, -0.010151062875039514], [-0.05526718585318666, 0.9971195632058889, -0.0519433810987162, -0.003760596370361088], [-0.24519264554487052, 0.03687644633745775, 0.9687727774231829, -0.009914656898298735], [0.0, 0.0, 0.0, 1.0]], "antennas": [-2.6264099988141, 2.638262567581958], "body_yaw": 0.04982667873094692, "check_collision": false}, {"head": [[0.9673887746622698, 0.07430357972407575, 0.2421527135871506, -0.010077921641694843], [-0.06287008458829582, 0.9965261361974599, -0.054616960179256845, -0.0038752638108939625], [-0.2453697436956994, 0.037611672597079725, 0.9686996701574525, -0.009890546644783393], [0.0, 0.0, 0.0, 1.0]], "antennas": [-2.624799212334879, 2.63480691949493], "body_yaw": 0.04982667873094692, "check_collision": false}, {"head": [[0.9670337222675905, 0.08321574930645205, 0.2406676527177149, -0.010030079644368901], [-0.07079987582751228, 0.9956964499958378, -0.05979930642152374, -0.003820053403071102], [-0.24460817153173303, 0.040788705949713275, 0.9687637090058909, -0.009821309929819777], [0.0, 0.0, 0.0, 1.0]], "antennas": [-2.621343078916257, 2.6296276972501245], "body_yaw": 0.04982667873094692, "check_collision": false}, {"head": [[0.9671092842993618, 0.09061628152902129, 0.23767271981409485, -0.009936200768458798], [-0.077876790304586, 0.9950036732159242, -0.0624731607866436, -0.0036431770899289706], [-0.24214631476409385, 0.04190918525420696, 0.9693341954339055, -0.009785587232010617], [0.0, 0.0, 0.0, 1.0]], "antennas": [-2.6161631857249703, 2.6228970469688546], "body_yaw": 0.04982667873094692, "check_collision": false}, {"head": [[0.9690422806864071, 0.0908506800652396, 0.22957180178273265, -0.00969948247936019], [-0.0789184902928906, 0.9950342229063539, -0.06065284111267531, -0.003530282252373719], [-0.23394215125106835, 0.040657707471425164, 0.9714000312390311, -0.009795236358820403], [0.0, 0.0, 0.0, 1.0]], "antennas": [-2.609432306667809, 2.6150072184217015], "body_yaw": 0.04982667873094692, "check_collision": false}, {"head": [[0.9702840154380784, 0.08872504710499382, 0.22511507146696288, -0.00960637573867797], [-0.07725169959219211, 0.9952470920719573, -0.05929081406449951, -0.003527150828072286], [-0.22930570052983176, 0.0401384072744544, 0.9725265055339075, -0.009704746130383857], [0.0, 0.0, 0.0, 1.0]], "antennas": [-2.6015415760014955, 2.606011513368751], "body_yaw": 0.04982667873094692, "check_collision": false}, {"head": [[0.9716281665178657, 0.0867470191571447, 0.22003104484704092, -0.00943477856548847], [-0.07602422547160201, 0.9954892690704079, -0.05675766298137952, -0.003457691170387473], [-0.22396210208553943, 0.038419654254233104, 0.9738402882384829, -0.00966927090862224], [0.0, 0.0, 0.0, 1.0]], "antennas": [-2.592546702639567, 2.596286256791183], "body_yaw": 0.04982667873094692, "check_collision": false}, {"head": [[0.9726015459578834, 0.08639776329810675, 0.2158278464365057, -0.009355730527429365], [-0.07626728738080804, 0.9955776504488647, -0.054849273489187174, -0.0034162749558673874], [-0.2196122348046866, 0.036885883801296294, 0.9748896849901986, -0.009452570964976093], [0.0, 0.0, 0.0, 1.0]], "antennas": [-2.582820169931045, 2.586377741940188], "body_yaw": 0.04982667873094692, "check_collision": false}, {"head": [[0.9738160433355757, 0.08302780251365444, 0.21163340414971643, -0.009182198730859532], [-0.0731662723476173, 0.9958554840271178, -0.054023620055202726, -0.003350045421143359], [-0.21524174858283862, 0.03712464064295047, 0.9758548820004609, -0.009386344197951035], [0.0, 0.0, 0.0, 1.0]], "antennas": [-2.572912558795877, 2.5764852080157437], "body_yaw": 0.04982667873094692, "check_collision": false}, {"head": [[0.9753810337581801, 0.07731338976095502, 0.2065296074380024, -0.009015883200915528], [-0.06776562720697125, 0.996296732385604, -0.05292108093203051, -0.003102616662233715], [-0.20985628118803237, 0.03762261024223843, 0.9770081271128152, -0.009330181799885429], [0.0, 0.0, 0.0, 1.0]], "antennas": [-2.5630198467719763, 2.56696621441003], "body_yaw": 0.04982667873094692, "check_collision": false}, {"head": [[0.9770728176891854, 0.0670560072849774, 0.20206979195296057, -0.008747774699302567], [-0.05832184875077734, 0.9971005191864601, -0.0488785903682067, -0.003101469874041667], [-0.20476149758000686, 0.0359728581723576, 0.9781506441155698, -0.009295475544346399], [0.0, 0.0, 0.0, 1.0]], "antennas": [-2.553500569254584, 2.5581483741197597], "body_yaw": 0.04982667873094692, "check_collision": false}, {"head": [[0.9781938450078688, 0.058720971268529244, 0.19922010220357317, -0.008518161725463607], [-0.05069942589697501, 0.9976935696885385, -0.0451343462992274, -0.003111852222587751], [-0.20141094757345918, 0.03404979493950008, 0.9789148286046847, -0.009218899926677349], [0.0, 0.0, 0.0, 1.0]], "antennas": [-2.5446834059221652, 2.5504857270285326], "body_yaw": 0.04982667873094692, "check_collision": false}, {"head": [[0.9792009003517752, 0.05134620698329102, 0.19628847082470802, -0.00829598755559422], [-0.04390214126710083, 0.9981487276087085, -0.042091799263991, -0.0031450293423171552], [-0.1980863416352494, 0.03259884356147664, 0.9796423411919362, -0.00923255996306882], [0.0, 0.0, 0.0, 1.0]], "antennas": [-2.5370209089104683, 2.5441554968459164], "body_yaw": 0.04982667873094692, "check_collision": false}, {"head": [[0.9799211915851792, 0.0457913539710513, 0.1940556883571824, -0.008002086898481921], [-0.039058054889071755, 0.9984994048802326, -0.03838498146545353, -0.003257359683830771], [-0.19552218961172735, 0.030034819049210813, 0.9802392478441763, -0.009304680894597905], [0.0, 0.0, 0.0, 1.0]], "antennas": [-2.5306912306400555, 2.5393563062886617], "body_yaw": 0.04982667873094692, "check_collision": false}, {"head": [[0.9805513477995373, 0.03869526036758632, 0.19241031976896475, -0.007828952461660132], [-0.03282068019378562, 0.9988954084138862, -0.03362686427950813, -0.0033302733100993714], [-0.19349898521730755, 0.026657829520422605, 0.9807382437965454, -0.009347673930052203], [0.0, 0.0, 0.0, 1.0]], "antennas": [-2.5258916566320173, 2.5363887993704006], "body_yaw": 0.04982667873094692, "check_collision": false}, {"head": [[0.981160443169294, 0.03154535956271853, 0.19060187577747878, -0.007653889535948458], [-0.026540330922895997, 0.9992340692454111, -0.028755620211709028, -0.003552647287647574], [-0.19136299431796583, 0.023155240212869334, 0.9812461664925609, -0.009405824948019004], [0.0, 0.0, 0.0, 1.0]], "antennas": [-2.522924913215638, 2.5352718029827965], "body_yaw": 0.04982667873094692, "check_collision": false}, {"head": [[0.9817749947761345, 0.023705867588632825, 0.1885626990531028, -0.007536342298089841], [-0.020164834270898917, 0.9995828622931489, -0.020675610478595514, -0.0036012135057073907], [-0.18897417572554187, 0.016496461793537302, 0.9818434842973426, -0.00943907081875317], [0.0, 0.0, 0.0, 1.0]], "antennas": [-2.5218089516680546, 2.536057409293641], "body_yaw": 0.04982667873094692, "check_collision": false}, {"head": [[0.9824984944779921, 0.013966336343418477, 0.18574619726288022, -0.007410437666189141], [-0.012518314075879302, 0.999881441627073, -0.008966298147114781, -0.003711008210233023], [-0.1858494018316334, 0.0064841451948441185, 0.9825568460399202, -0.009355803798538731], [0.0, 0.0, 0.0, 1.0]], "antennas": [-2.5225949669608365, 2.538718030500498], "body_yaw": 0.04982667873094692, "check_collision": false}, {"head": [[0.9831350808101913, 0.004361842060397858, 0.18282884677801398, -0.00731868373223646], [-0.004896843045638111, 0.9999849478038698, 0.002474892700285767, -0.0037987874286250865], [-0.18281529971127897, -0.003328438001778954, 0.9831416417240922, -0.009343495484852138], [0.0, 0.0, 0.0, 1.0]], "antennas": [-2.525256234880706, 2.5431868691175152], "body_yaw": 0.04982667873094692, "check_collision": false}, {"head": [[0.9835230439814884, -0.0013163691194474285, 0.18077801063660673, -0.007266602612578495], [-0.000485721603744942, 0.9999506389435707, 0.0099238979674697, -0.004057651025898422], [-0.18078215075585138, -0.009848190122375736, 0.9834738568560949, -0.009134909321470874], [0.0, 0.0, 0.0, 1.0]], "antennas": [-2.5297254369423334, 2.549280704734975], "body_yaw": 0.04982667873094692, "check_collision": false}, {"head": [[0.9835095279802778, -0.006396318278964747, 0.18074317548523125, -0.007235612911838421], [0.003787482455571747, 0.999883664795975, 0.014775379887458135, -0.004265929535671621], [-0.18081665672348787, -0.013847165292728602, 0.9834193371419416, -0.009001169597149916], [0.0, 0.0, 0.0, 1.0]], "antennas": [-2.5358199924495275, 2.5567815510146774], "body_yaw": 0.04982667873094692, "check_collision": false}, {"head": [[0.983048586743022, -0.008085891030001806, 0.1831668487166784, -0.007191385113866413], [0.005555504746842589, 0.9998819786983694, 0.014323583393892557, -0.004219408018365545], [-0.1832610500612594, -0.013063194114952189, 0.9829774872752478, -0.00912870368797114], [0.0, 0.0, 0.0, 1.0]], "antennas": [-2.543321039065729, 2.5653371166930077], "body_yaw": 0.04982667873094692, "check_collision": false}, {"head": [[0.9823155198347043, -0.008667051905087635, 0.1870323546960504, -0.007161139697506574], [0.006239002118838322, 0.9998885031661141, 0.013566727268916686, -0.004171850500326084], [-0.18712908471008943, -0.012159911492381574, 0.9822600685195656, -0.009279672010921836], [0.0, 0.0, 0.0, 1.0]], "antennas": [-2.5518770948869505, 2.5748509540695137], "body_yaw": 0.04982667873094692, "check_collision": false}, {"head": [[0.9814050250305242, -0.007678928799501975, 0.19179471029548334, -0.007273979738564805], [0.004938998829018364, 0.9998788708212838, 0.01475974172271652, -0.00415553677053373], [-0.19188481736553092, -0.01353801084526537, 0.9813240744662032, -0.009232381545981161], [0.0, 0.0, 0.0, 1.0]], "antennas": [-2.561392512534647, 2.5848051229465314], "body_yaw": 0.04982667873094692, "check_collision": false}, {"head": [[0.9804685948062919, -0.006197020625177684, 0.19657805455835162, -0.007336731069916336], [0.0033761213729421825, 0.9998865155899792, 0.014681884954087425, -0.00411611392584393], [-0.19664672995768404, -0.013731455738595895, 0.9803782488000478, -0.009351810318834475], [0.0, 0.0, 0.0, 1.0]], "antennas": [-2.571345863657836, 2.594649067951201], "body_yaw": 0.04982667873094692, "check_collision": false}, {"head": [[0.9795843084744624, -0.0016201423256820943, 0.20102725618546025, -0.007443129196547731], [-0.001032709610306644, 0.9999137771382086, 0.013090905242290068, -0.004058720689179358], [-0.2010311321697983, -0.013031248138469726, 0.9794981727754696, -0.009285633821867534], [0.0, 0.0, 0.0, 1.0]], "antennas": [-2.581190251750618, 2.604401308896232], "body_yaw": 0.04982667873094692, "check_collision": false}, {"head": [[0.9784956716392941, 0.005334942994234328, 0.20619834860254063, -0.007516249784110444], [-0.007455047156568602, 0.9999270238641672, 0.009506272563015722, -0.00398460211631549], [-0.2061325856216332, -0.010839064968772774, 0.9784640370578485, -0.009369844931016447], [0.0, 0.0, 0.0, 1.0]], "antennas": [-2.590942541246208, 2.613403693544691], "body_yaw": 0.04982667873094692, "check_collision": false}, {"head": [[0.9776008228047893, 0.015184576440902776, 0.2099191746594607, -0.007578682000624115], [-0.016334116044669552, 0.9998595821317583, 0.0037433504170537564, -0.004093656051176467], [-0.2098328570658991, -0.007088346606647291, 0.9777115768149347, -0.009437225502292645], [0.0, 0.0, 0.0, 1.0]], "antennas": [-2.5999431525598693, 2.6216687185324967], "body_yaw": 0.04982667873094692, "check_collision": false}, {"head": [[0.9767607310115048, 0.029663794374702002, 0.21226995467367935, -0.007832939620154833], [-0.029425848433561917, 0.9995577997589192, -0.004280699133682571, -0.004088831740410958], [-0.21230307062743, -0.0020650046981706438, 0.9772016894980078, -0.009498601086469494], [0.0, 0.0, 0.0, 1.0]], "antennas": [-2.6