{"description": "You can do this movement while someone is talking, and follow with attentive1 if they haven\u2019t finished.", "time": [0.0, 0.010042667388916016, 0.02018904685974121, 0.03045654296875, 0.040323734283447266, 0.050412654876708984, 0.06049656867980957, 0.07052254676818848, 0.08064579963684082, 0.09060239791870117, 0.10063052177429199, 0.11068916320800781, 0.12079095840454102, 0.13085150718688965, 0.1408698558807373, 0.150909423828125, 0.16099095344543457, 0.17107748985290527, 0.18178749084472656, 0.19118165969848633, 0.2013075351715088, 0.21155476570129395, 0.22145795822143555, 0.23145174980163574, 0.24149513244628906, 0.2515583038330078, 0.2616145610809326, 0.27173423767089844, 0.2816035747528076, 0.2918989658355713, 0.30182456970214844, 0.31180238723754883, 0.32200002670288086, 0.3319573402404785, 0.3420441150665283, 0.35208940505981445, 0.36214447021484375, 0.37223100662231445, 0.38225483894348145, 0.39237236976623535, 0.40244317054748535, 0.4124760627746582, 0.42264795303344727, 0.43256354331970215, 0.44259023666381836, 0.45270705223083496, 0.46273374557495117, 0.47277379035949707, 0.4828364849090576, 0.49295711517333984, 0.5030109882354736, 0.5131640434265137, 0.5231812000274658, 0.5333762168884277, 0.543358564376831, 0.5533871650695801, 0.5634071826934814, 0.5735054016113281, 0.583467960357666, 0.5935268402099609, 0.603600025177002, 0.6136126518249512, 0.6238493919372559, 0.6337547302246094, 0.6437623500823975, 0.6539340019226074, 0.6639740467071533, 0.6740431785583496, 0.684119462966919, 0.6941356658935547, 0.7042222023010254, 0.7142462730407715, 0.7243688106536865, 0.7344253063201904, 0.7444674968719482, 0.7545313835144043, 0.7646076679229736, 0.7746915817260742, 0.7846159934997559, 0.7947287559509277, 0.8047332763671875, 0.8150243759155273, 0.8250770568847656, 0.8349382877349854, 0.8449687957763672, 0.8552231788635254, 0.8651504516601562, 0.875192403793335, 0.8853511810302734, 0.8953237533569336, 0.9054703712463379, 0.9154148101806641, 0.9255411624908447, 0.9356286525726318, 0.945650577545166, 0.9557204246520996, 0.9658064842224121, 0.9759078025817871, 0.9859020709991455, 0.9959967136383057, 1.0060279369354248, 1.016082525253296, 1.0263919830322266, 1.036329984664917, 1.046360969543457, 1.0565617084503174, 1.06660795211792, 1.076751708984375, 1.0867583751678467, 1.0966784954071045, 1.1067278385162354, 1.1171677112579346, 1.1275620460510254, 1.1375658512115479, 1.1471524238586426, 1.1574041843414307, 1.1672980785369873, 1.1772820949554443, 1.1873576641082764, 1.1974692344665527, 1.207489013671875, 1.217841386795044, 1.227738618850708, 1.2376532554626465, 1.2476379871368408, 1.2579619884490967, 1.267833948135376, 1.2778868675231934, 1.2880020141601562, 1.2980585098266602, 1.3080799579620361, 1.3181958198547363, 1.3283486366271973, 1.3383774757385254, 1.348374605178833, 1.358461618423462, 1.3685214519500732, 1.3785712718963623, 1.3886160850524902, 1.398665428161621, 1.4087059497833252, 1.4187846183776855, 1.4288368225097656, 1.4389588832855225, 1.448979377746582, 1.4591970443725586, 1.4691264629364014, 1.4791457653045654, 1.489271640777588, 1.499328374862671, 1.5094902515411377, 1.5194473266601562, 1.5295400619506836, 1.5396347045898438, 1.5496830940246582, 1.5598328113555908, 1.569854736328125, 1.579918384552002, 1.5899648666381836, 1.6000034809112549, 1.6099610328674316, 1.620086908340454, 1.6301162242889404, 1.640216588973999, 1.6502680778503418, 1.6603240966796875, 1.6703252792358398, 1.6803858280181885, 1.6905200481414795, 1.7005364894866943, 1.7106068134307861, 1.7206611633300781, 1.7307708263397217, 1.7410163879394531, 1.7510569095611572, 1.7609641551971436, 1.771153211593628, 1.7812302112579346, 1.791161298751831, 1.8011887073516846, 1.8112244606018066, 1.8213984966278076, 1.8314037322998047, 1.8414280414581299, 1.8518297672271729, 1.8616394996643066, 1.8716492652893066, 1.8817293643951416, 1.8917992115020752, 1.9018478393554688, 1.9118831157684326, 1.9219601154327393, 1.932032823562622, 1.9422285556793213, 1.9521920680999756, 1.9622304439544678, 1.9723572731018066, 1.9823017120361328, 1.9924554824829102, 2.0024383068084717, 2.0124926567077637, 2.0226080417633057, 2.0327682495117188, 2.0427298545837402, 2.052936553955078, 2.0631165504455566, 2.0747690200805664, 2.0832061767578125, 2.0931150913238525, 2.103224754333496, 2.113285541534424, 2.1233015060424805, 2.133405923843384, 2.14339280128479, 2.1534652709960938, 2.163512706756592, 2.173678159713745, 2.183777332305908, 2.193808078765869, 2.203923225402832, 2.2139596939086914, 2.224094867706299, 2.2341461181640625, 2.244074821472168, 2.2542128562927246, 2.264291286468506, 2.2743327617645264, 2.2843821048736572, 2.2944159507751465, 2.304513931274414, 2.3144547939300537, 2.3246045112609863, 2.3347105979919434, 2.3446240425109863, 2.354717969894409, 2.364795207977295, 2.374863386154175, 2.3849661350250244, 2.394988775253296, 2.405143976211548, 2.4150960445404053, 2.425377368927002, 2.43526554107666, 2.4453024864196777, 2.4554669857025146, 2.465512275695801, 2.4755098819732666, 2.485591411590576, 2.495659589767456, 2.5057530403137207, 2.5158262252807617, 2.525864601135254, 2.5360162258148193, 2.5458970069885254, 2.5560879707336426, 2.5662128925323486, 2.576265811920166, 2.5862913131713867, 2.5963847637176514, 2.606388807296753, 2.6163461208343506, 2.626455307006836, 2.6365230083465576, 2.6465964317321777, 2.6566808223724365, 2.6666958332061768, 2.6766903400421143, 2.6868367195129395, 2.6968698501586914, 2.7069921493530273, 2.717031478881836, 2.727058172225952, 2.737191915512085, 2.7471730709075928, 2.757375955581665, 2.768517017364502, 2.7778408527374268, 2.787470579147339, 2.7975707054138184, 2.807544469833374, 2.8176724910736084, 2.8276827335357666, 2.8377022743225098, 2.8477084636688232, 2.857872724533081, 2.867988348007202, 2.877924919128418, 2.888028621673584, 2.898059368133545, 2.908142328262329, 2.918233871459961, 2.928321599960327, 2.938416004180908, 2.948357105255127, 2.9585323333740234, 2.968540668487549, 2.978566884994507, 2.9887235164642334, 2.998741388320923, 3.0087671279907227, 3.018824338912964, 3.0289289951324463, 3.0391085147857666, 3.049041986465454, 3.0591652393341064, 3.069350004196167, 3.0793025493621826, 3.0894358158111572, 3.099592447280884, 3.109597682952881, 3.119570732116699, 3.1296896934509277, 3.139702558517456, 3.149815797805786, 3.159723997116089, 3.169766426086426, 3.179858446121216, 3.189924955368042, 3.199960708618164, 3.209951400756836, 3.2200803756713867, 3.2301175594329834, 3.240224838256836, 3.2502927780151367, 3.2604482173919678, 3.2705953121185303, 3.280473232269287, 3.2907538414001465, 3.300682306289673, 3.3106510639190674, 3.3207523822784424, 3.3309316635131836, 3.3408546447753906, 3.3510096073150635, 3.360963821411133, 3.3710434436798096, 3.381070852279663, 3.391261577606201, 3.4012598991394043, 3.411257266998291, 3.4213578701019287, 3.4314279556274414, 3.4414939880371094, 3.4515626430511475, 3.461583375930786, 3.4719221591949463, 3.481947898864746, 3.492039918899536, 3.502086877822876, 3.5120601654052734, 3.5220704078674316, 3.532151937484741, 3.5420713424682617, 3.5522007942199707, 3.562272071838379, 3.5723650455474854, 3.582400321960449, 3.5925328731536865, 3.602625846862793, 3.6126086711883545, 3.6227495670318604, 3.6328556537628174, 3.642775774002075, 3.6528432369232178, 3.662916660308838, 3.672879219055176, 3.682993173599243, 3.69309401512146, 3.703098773956299, 3.7131354808807373, 3.723196029663086, 3.733293294906616, 3.743361711502075, 3.753434181213379, 3.763462781906128, 3.7735729217529297, 3.783574104309082, 3.793668270111084, 3.8037490844726562, 3.8137083053588867, 3.823887825012207, 3.8339285850524902, 3.8458268642425537, 3.8540172576904297, 3.86403226852417, 3.8740944862365723, 3.8841493129730225, 3.8942253589630127, 3.904339075088501, 3.9143481254577637, 3.9244587421417236, 3.9345664978027344, 3.9445273876190186, 3.9548723697662354, 3.9647555351257324, 3.9748170375823975, 3.984774351119995, 3.9948463439941406, 4.004957437515259, 4.01497220993042, 4.025143146514893, 4.03512167930603, 4.0451109409332275, 4.05526876449585, 4.06542444229126, 4.0763020515441895, 4.085449457168579, 4.095512628555298, 4.1057212352752686, 4.11577582359314, 4.1260833740234375, 4.135818004608154, 4.145810842514038, 4.155894994735718, 4.1660237312316895, 4.176047325134277, 4.1860270500183105, 4.196682929992676, 4.20623517036438, 4.216562271118164, 4.2265260219573975, 4.23644757270813, 4.246435880661011, 4.2567360401153564, 4.266586780548096, 4.27663516998291, 4.286764860153198, 4.296710729598999, 4.306779146194458, 4.316921234130859, 4.326964378356934, 4.337002754211426, 4.347095727920532, 4.357161521911621, 4.3672544956207275, 4.377269268035889, 4.387365102767944, 4.39738655090332, 4.4074647426605225, 4.417531251907349, 4.427814245223999, 4.437778472900391, 4.447782039642334, 4.457950115203857, 4.467865228652954, 4.4778783321380615, 4.487975597381592, 4.4979798793792725, 4.5081353187561035, 4.518211841583252, 4.528249263763428, 4.538336515426636, 4.548292636871338, 4.55839204788208, 4.568481683731079, 4.578606605529785, 4.588659286499023, 4.598855495452881, 4.608734607696533, 4.618916749954224, 4.628918886184692, 4.638981103897095, 4.649051904678345, 4.658999919891357, 4.669084310531616, 4.679140090942383, 4.689411401748657, 4.699366569519043, 4.709368467330933, 4.71944522857666, 4.729576349258423, 4.739604949951172, 4.749640941619873, 4.759741544723511, 4.7697484493255615, 4.779736757278442, 4.78989052772522, 4.7999444007873535, 4.809918165206909, 4.820046901702881, 4.830061435699463, 4.840163707733154, 4.850328683853149, 4.860253572463989, 4.870309114456177, 4.880363941192627, 4.890497922897339, 4.900556802749634, 4.91048002243042, 4.920565843582153, 4.930677890777588, 4.940685272216797, 4.950755834579468, 4.960852861404419, 4.970855236053467, 4.980954647064209, 4.991020679473877, 5.001131534576416, 5.0111448764801025, 5.021214723587036, 5.031254529953003, 5.041317701339722, 5.051464796066284, 5.061476707458496, 5.071710824966431, 5.081977605819702, 5.091829299926758, 5.1022093296051025, 5.112097978591919, 5.122359037399292, 5.132948637008667, 5.1427247524261475, 5.152862787246704, 5.1628577709198, 5.173046588897705, 5.1830127239227295, 5.193213701248169, 5.203125, 5.213146924972534, 5.2232584953308105, 5.233248949050903, 5.243271350860596, 5.253434181213379, 5.2634196281433105, 5.273504018783569, 5.283554792404175, 5.293636322021484, 5.303658723831177, 5.313660144805908, 5.3237738609313965, 5.333857536315918, 5.343820810317993, 5.353886365890503, 5.363945960998535, 5.374124050140381, 5.384136438369751, 5.394219636917114, 5.404454946517944, 5.414314031600952, 5.4246110916137695, 5.434459686279297, 5.44447922706604, 5.454712629318237, 5.464702367782593, 5.474659204483032, 5.484800100326538, 5.494792461395264, 5.504863262176514, 5.514963865280151, 5.525025367736816, 5.535085201263428, 5.545100927352905, 5.555135488510132, 5.565467834472656, 5.575246095657349, 5.58540415763855, 5.59548544883728, 5.605489492416382, 5.616848945617676, 5.6258628368377686, 5.6359663009643555, 5.645844459533691, 5.656179189682007, 5.665971279144287, 5.67599630355835, 5.68614387512207, 5.69609808921814, 5.706204175949097, 5.716215372085571, 5.72628116607666, 5.736347436904907, 5.746413469314575, 5.7565858364105225, 5.766581058502197, 5.776533842086792, 5.786633729934692, 5.796856880187988, 5.806899309158325, 5.817011594772339, 5.82699728012085, 5.837106466293335, 5.847139358520508, 5.857328176498413, 5.86729621887207, 5.877338409423828, 5.887427091598511, 5.897434949874878, 5.907580375671387, 5.917619466781616, 5.927728652954102, 5.937837362289429, 5.947738170623779, 5.957988262176514, 5.967934846878052, 5.977926015853882, 5.988080978393555, 5.998112440109253, 6.008139610290527, 6.018255233764648, 6.028271913528442, 6.038411617279053, 6.048368453979492, 6.0585150718688965, 6.068676471710205, 6.078624486923218, 6.0887556076049805, 6.098706960678101, 6.108781814575195, 6.118976593017578, 6.1289238929748535, 6.139081716537476, 6.149060010910034, 6.159112930297852, 6.169312953948975, 6.179272174835205, 6.189685821533203, 6.200018644332886, 6.209659814834595, 6.219799757003784, 6.229719161987305, 6.239806890487671, 6.249891996383667, 6.260029554367065, 6.2699737548828125, 6.279989719390869, 6.290133714675903, 6.300167560577393, 6.310179710388184, 6.320304870605469, 6.330415964126587, 6.340469837188721, 6.350443601608276, 6.360512733459473, 6.370591878890991, 6.380590438842773, 6.390764951705933, 6.400717496871948, 6.41081976890564, 6.420924663543701, 6.430908203125, 6.440985202789307, 6.451136589050293, 6.461090803146362], "set_target_data": [{"head": [[0.992856403772573, -0.10213900353744139, -0.0616748363935511, -0.0037713683134235187], [0.1061229742848347, 0.992213100328699, 0.06520029037550915, -0.0062822026292460725], [0.05453508794100429, -0.07127964290376976, 0.9959644254142702, 0.004194391630007788], [0.0, 0.0, 0.0, 1.0]], "antennas": [-0.5828210030135959, 0.743740800646906], "body_yaw": 0.01850705210006624, "check_collision": false}, {"head": [[0.992934261747753, -0.10191399787469163, -0.060787242778743665, -0.0037259279417644004], [0.1056987648661557, 0.9924205253666942, 0.0626839049251378, -0.006267521922703537], [0.05393814006075571, -0.06866613334164039, 0.9961805253962227, 0.00412471093454303], [0.0, 0.0, 0.0, 1.0]], "antennas": [-0.5914247078596299, 0.7512495411833875], "body_yaw": 0.01850705210006624, "check_collision": false}, {"head": [[0.992967172507064, -0.10202952882370697, -0.06005139108579463, -0.0037319138242937035], [0.10560438697811167, 0.9926138388482746, 0.05971164357032055, -0.006319134420130115], [0.05351549097508072, -0.06563339222456899, 0.9964077227976468, 0.004184706319825482], [0.0, 0.0, 0.0, 1.0]], "antennas": [-0.5989329740759199, 0.7575932052562185], "body_yaw": 0.01850705210006624, "check_collision": false}, {"head": [[0.9930050262702754, -0.1022267138729635, -0.059082288147169475, -0.003699597572835821], [0.10555031597086575, 0.9928263296141169, 0.056169475904726304, -0.006274776441701868], [0.052916430344651134, -0.06201272607857582, 0.9966715974702417, 0.003921352925014054], [0.0, 0.0, 0.0, 1.0]], "antennas": [-0.6052767380456275, 0.7626376204767603], "body_yaw": 0.01850705210006624, "check_collision": false}, {"head": [[0.9930093079671469, -0.10273324022564455, -0.05812396789060047, -0.0036777850185678255], [0.10578128552483741, 0.9930265945676797, 0.052043271553867516, -0.006298983065528503], [0.052372071978492224, -0.05782788111332438, 0.996951905681825, 0.00393062995382798], [0.0, 0.0, 0.0, 1.0]], "antennas": [-0.610321763816408, 0.7662399470919217], "body_yaw": 0.01850705210006624, "check_collision": false}, {"head": [[0.9930114591133452, -0.10312441574762574, -0.05738986797594214, -0.0036577466424221067], [0.10591692248085713, 0.9932183649984065, 0.04794668874986324, -0.006231145246899845], [0.052056196574176754, -0.05369016955274959, 0.9971998385938636, 0.0037763850973855373], [0.0, 0.0, 0.0, 1.0]], "antennas": [-0.6139225823136153, 0.7685116740889586], "body_yaw": 0.01850705210006624, "check_collision": false}, {"head": [[0.9929757466265455, -0.10373562298428546, -0.056904192600521174, -0.0036200609071167763], [0.10629417897896257, 0.9933633884460877, 0.043940027424841474, -0.006249062166379192], [0.05196839545957998, -0.04967996597190599, 0.9974122451897146, 0.0037748347235516677], [0.0, 0.0, 0.0, 1.0]], "antennas": [-0.6161939493723926, 0.7693759572236548], "body_yaw": 0.01850705210006624, "check_collision": false}, {"head": [[0.9929786393589888, -0.10399766390046336, -0.05637293393125956, -0.0036887288566909487], [0.10636290665880199, 0.9934935425219827, 0.0407125662936234, -0.006124659785976226], [0.05177213404779516, -0.04642269779286815, 0.9975793598835982, 0.003651523698654513], [0.0, 0.0, 0.0, 1.0]], "antennas": [-0.6170577966241307, 0.7688271621919562], "body_yaw": 0.01850705210006624, "check_collision": false}, {"head": [[0.9930062330897876, -0.10413173836518112, -0.05563454061889526, -0.003669683848406014], [0.10630448732044766, 0.9936213442440625, 0.037629512861035885, -0.006128833632428147], [0.051361240448093, -0.043280542136941255, 0.9977418592261054, 0.0036461654098358665], [0.0, 0.0, 0.0, 1.0]], "antennas": [-0.6165085384914624, 0.7668635036993035], "body_yaw": 0.01850705210006624, "check_collision": false}, {"head": [[0.9930584651093857, -0.10410425320930533, -0.05474659202474668, -0.0038001778841634474], [0.10606558964734725, 0.9937699972504527, 0.03422401580171218, -0.0058488866067734745], [0.05084265499904345, -0.039793178166215165, 0.9979135871427346, 0.003721518911216526], [0.0, 0.0, 0.0, 1.0]], "antennas": [-0.614543784475981, 0.7635435054520604], "body_yaw": 0.01850705210006624, "check_collision": false}, {"head": [[0.9931155938592353, -0.10423310971765941, -0.053449752779639974, -0.003806600795461329], [0.10593192207002593, 0.9939209139614857, 0.02999407735728301, -0.005794965293695706], [0.04999845117769359, -0.03544962099305294, 0.9981199723737024, 0.0037261552256756536], [0.0, 0.0, 0.0, 1.0]], "antennas": [-0.6112240590858555, 0.7588651091097556], "body_yaw": 0.01850705210006624, "check_collision": false}, {"head": [[0.9931314826913608, -0.10458810613714117, -0.05245175060858554, -0.003944461678710943], [0.10603665746162105, 0.9940318064594985, 0.025631914115663464, -0.00549747183007615], [0.04945791505538829, -0.03101766918245144, 0.9982944549765173, 0.003782287156021691], [0.0, 0.0, 0.0, 1.0]], "antennas": [-0.6065455069613034, 0.7528752821693411], "body_yaw": 0.01850705210006624, "check_collision": false}, {"head": [[0.9931523427297031, -0.10486226903691483, -0.05150076371212469, -0.003986089319846934], [0.10605152408799347, 0.9941405088672729, 0.020921827542863935, -0.005408179484535928], [0.04900508513528109, -0.026240296521748595, 0.9984537788347213, 0.003828223926316099], [0.0, 0.0, 0.0, 1.0]], "antennas": [-0.600554247907302, 0.7456065749043727], "body_yaw": 0.01850705210006624, "check_collision": false}, {"head": [[0.9931805122107157, -0.105042760316705, -0.05058150521591511, -0.003980430046443537], [0.10597551797701803, 0.9942380894473855, 0.016118656318549616, -0.005279933779161321], [0.04859691095494765, -0.02136913655391944, 0.9985898558710562, 0.0037857580932572077], [0.0, 0.0, 0.0, 1.0]], "antennas": [-0.5932863230985291, 0.7371915695622603], "body_yaw": 0.01850705210006624, "check_collision": false}, {"head": [[0.993172540994282, -0.10553154644918034, -0.0497131423167544, -0.0040099873811687715], [0.10620340566701827, 0.9942828531409686, 0.011065467662139677, -0.005179581517434666], [0.048261169066736595, -0.016269623655745802, 0.9987022373592703, 0.0038197039588467874], [0.0, 0.0, 0.0, 1.0]], "antennas": [-0.5848693218100401, 0.7277341484152942], "body_yaw": 0.01850705210006624, "check_collision": false}, {"head": [[0.9931706450731023, -0.10602461825584968, -0.048691375917907224, -0.00395217451681377], [0.10645111902358499, 0.9942983317952134, 0.006243928881870224, -0.004967965954349269], [0.04775174367187183, -0.011384538328656888, 0.9987943548415454, 0.0035847850429040484], [0.0, 0.0, 0.0, 1.0]], "antennas": [-0.5754133317126703, 0.7172497598001097], "body_yaw": 0.01850705210006624, "check_collision": false}, {"head": [[0.993186646284564, -0.1063080816996774, -0.0477375890400236, -0.003954028723483952], [0.10650741108862835, 0.9943105490273025, 0.0016442251127260755, -0.004883125776223382], [0.04729119395000928, -0.006717429445711066, 0.9988585581134216, 0.003595419091018792], [0.0, 0.0, 0.0, 1.0]], "antennas": [-0.5649284388287942, 0.7058778795611729], "body_yaw": 0.01850705210006624, "check_collision": false}, {"head": [[0.9932337453427548, -0.10628549482873514, -0.04679872542510945, -0.003889747077994489], [0.10627432190937816, 0.9943330902894615, -0.0027338723656541537, -0.004903166691254658], [0.04682409225073922, -0.0022581285217489486, 0.9989005982781639, 0.0033913289356758414], [0.0, 0.0, 0.0, 1.0]], "antennas": [-0.5535563229188128, 0.6937044680370188], "body_yaw": 0.01850705210006624, "check_collision": false}, {"head": [[0.9932445776261709, -0.10636087808321859, -0.04639582556195865, -0.003870679600143332], [0.10610667955602984, 0.9943232521289135, -0.007914722318241146, -0.004837455453672595], [0.046974264973525484, 0.0029383480303696516, 0.9988917781927376, 0.003403887876681333], [0.0, 0.0, 0.0, 1.0]], "antennas": [-0.5413830050623422, 0.6809200568674759], "body_yaw": 0.01850705210006624, "check_collision": false}, {"head": [[0.9932418619244385, -0.10650397613208958, -0.04612490421593391, -0.0038807483983359066], [0.10596573336903282, 0.9942716689076063, -0.01396824109347917, -0.004790474518041992], [0.0473483587090073, 0.008986182489678878, 0.998838015622065, 0.0032822856797805056], [0.0, 0.0, 0.0, 1.0]], "antennas": [-0.528598132228862, 0.6676314797557797], "body_yaw": 0.01850705210006624, "check_collision": false}, {"head": [[0.993237926185798, -0.10672796885863119, -0.04568985280613472, -0.003855904051724409], [0.10589798934877885, 0.9941713354623588, -0.020223046181919457, -0.004725238223046426], [0.04758190662448411, 0.015247832905077975, 0.9987509528174067, 0.0032763240105647684], [0.0, 0.0, 0.0, 1.0]], "antennas": [-0.5153100678840835, 0.6538822337959123], "body_yaw": 0.01850705210006624, "check_collision": false}, {"head": [[0.9932385972674305, -0.10693116379083459, -0.04519751219442079, -0.0038966601583768972], [0.10581939354417177, 0.9940369634181276, -0.026320549166225077, -0.00465611090668812], [0.04774248472975417, 0.021359812003050916, 0.9986312700807158, 0.0033049915925330575], [0.0, 0.0, 0.0, 1.0]], "antennas": [-0.5015600914069628, 0.6398347738931723], "body_yaw": 0.01850705210006624, "check_collision": false}, {"head": [[0.9932592801058353, -0.10689480544276522, -0.04482748100207626, -0.0038525753842706817], [0.10549729979705716, 0.993889415592821, -0.03246766557809349, -0.004601382104543713], [0.04802418369080291, 0.027519631936391217, 0.9984669987730781, 0.003299889688280322], [0.0, 0.0, 0.0, 1.0]], "antennas": [-0.4875099256256093, 0.6258591242201068], "body_yaw": 0.01850705210006624, "check_collision": false}, {"head": [[0.9932905492851822, -0.10675937449493288, -0.04445582816900243, -0.004058516717639635], [0.10510136704216004, 0.993731255788307, -0.038103725739929754, -0.004316451187358645], [0.04824507587941335, 0.033175702356473234, 0.9982844211078047, 0.00332604036488382], [0.0, 0.0, 0.0, 1.0]], "antennas": [-0.47353625779264497, 0.611938072372807], "body_yaw": 0.01850705210006624, "check_collision": false}, {"head": [[0.9933311002658817, -0.1066384818543018, -0.04383559549478553, -0.004049321472248502], [0.10469662933252652, 0.9935107859666781, -0.044440229232992165, -0.004240417997524573], [0.0482901755120052, 0.03955442270698799, 0.9980498517575845, 0.0033518235844295363], [0.0, 0.0, 0.0, 1.0]], "antennas": [-0.4596162327623358, 0.5981478971526687], "body_yaw": 0.01850705210006624, "check_collision": false}, {"head": [[0.9933560517349491, -0.10655118053587986, -0.04348103503785919, -0.004154664979044132], [0.10426630094247977, 0.9931987778715452, -0.05181434282359869, -0.003790039395863576], [0.04870619025673681, 0.04693648432594315, 0.9977097140299854, 0.00339430642893368], [0.0, 0.0, 0.0, 1.0]], "antennas": [-0.44582644692580875, 0.5846265988610917], "body_yaw": 0.01850705210006624, "check_collision": false}, {"head": [[0.9933637984990461, -0.10658898800707203, -0.043210548100837284, -0.004139327462875241], [0.10393683215564917, 0.9927980625226291, -0.059574675599302, -0.0036676568460691237], [0.04924935281803133, 0.054688158562360735, 0.9972881762861039, 0.0034321297302749576], [0.0, 0.0, 0.0, 1.0]], "antennas": [-0.4323049258805176, 0.571578030941226], "body_yaw": 0.01850705210006624, "check_collision": false}, {"head": [[0.9933815587766582, -0.10655929756360616, -0.042874173872011284, -0.004096834784079754], [0.10351460546291505, 0.9923090154522407, -0.06787889442280043, -0.0035716614120401636], [0.0497775565723515, 0.06299153875684804, 0.9967719202037799, 0.0034362418041834486], [0.0, 0.0, 0.0, 1.0]], "antennas": [-0.41925709966879715, 0.5590942704126364], "body_yaw": 0.01850705210006624, "check_collision": false}, {"head": [[0.9933611047591151, -0.10681925824188976, -0.04270083863816744, -0.004075803953269121], [0.10331200027617163, 0.9916416025636923, -0.07728882625482415, -0.003424689497339451], [0.0505998631488926, 0.0723642047808483, 0.9960939090847554, 0.0034666104660672215], [0.0, 0.0, 0.0, 1.0]], "antennas": [-0.4067723302312658, 0.5475160436745783], "body_yaw": 0.01850705210006624, "check_collision": false}, {"head": [[0.993332467140898, -0.10705699841658523, -0.04277158886233252, -0.003925446833377667], [0.10309620180043763, 0.9909455911237305, -0.08601167715353586, -0.003483616099933802], [0.05159246939331918, 0.08102860311317178, 0.995375598746236, 0.003427813974995031], [0.0, 0.0, 0.0, 1.0]], "antennas": [-0.3951948767661841, 0.5364034651280074], "body_yaw": 0.01850705210006624, "check_collision": false}, {"head": [[0.9932997529005091, -0.10725348977479338, -0.04303823670779251, -0.003893885028374935], [0.10287615046868553, 0.9902879809354929, -0.09352118732912566, -0.0033798756473755022], [0.052650722241314576, 0.08846696414952497, 0.9946866329159324, 0.0034564654473381307], [0.0, 0.0, 0.0, 1.0]], "antennas": [-0.38408253442121953, 0.5265517739912753], "body_yaw": 0.01850705210006624, "check_collision": false}, {"head": [[0.9932870927924643, -0.10724377871757242, -0.04335346835341917, -0.003889982417248728], [0.10253962169183746, 0.9897798973482658, -0.09910287981966685, -0.003346441869273702], [0.05353855877019304, 0.0939921631394492, 0.9941323332399856, 0.003469930276453259], [0.0, 0.0, 0.0, 1.0]], "antennas": [-0.374231099946932, 0.5176821656179612], "body_yaw": 0.01850705210006624, "check_collision": false}, {"head": [[0.9932743984063088, -0.10722218449882456, -0.0436963685205717, -0.00388510090421488], [0.10220309470730973, 0.9892813808506798, -0.10429226689654958, -0.0032764263643046115], [0.05441044847117384, 0.09912493456982696, 0.9935863074960793, 0.003517972905617839], [0.0, 0.0, 0.0, 1.0]], "antennas": [-0.36536197253053376, 0.5098220756465976], "body_yaw": 0.01850705210006624, "check_collision": false}, {"head": [[0.993254701558769, -0.10716695146027845, -0.04427575347875427, -0.003854688372775814], [0.10181145058098993, 0.988779839999918, -0.10931082535747158, -0.0034948313192941297], [0.05549348035576558, 0.10406571253033986, 0.9930210476689593, 0.0037183098269543136], [0.0, 0.0, 0.0, 1.0]], "antennas": [-0.3575016521791808, 0.5032817100976685], "body_yaw": 0.01850705210006624, "check_collision": false}, {"head": [[0.9932266411770752, -0.10712109862839085, -0.04501010425173777, -0.0038582262837601614], [0.1014562432793732, 0.9883546131105919, -0.11340982956802768, -0.003458396240883191], [0.056634529712379374, 0.1080751080113224, 0.9925282369144964, 0.0037597932334670903], [0.0, 0.0, 0.0, 1.0]], "antennas": [-0.3509620920595281, 0.4979682048272448], "body_yaw": 0.01850705210006624, "check_collision": false}, {"head": [[0.9931716446522008, -0.10754896827477264, -0.045202916740780044, -0.0034574830085386133], [0.1016133828742849, 0.9878348766731312, -0.1177156610185023, -0.004350163116955867], [0.05731321557621709, 0.11231863536925162, 0.9920180036012968, 0.00426881858554784], [0.0, 0.0, 0.0, 1.0]], "antennas": [-0.3456486776833386, 0.49400817309757267], "body_yaw": 0.01850705210006624, "check_collision": false}, {"head": [[0.9931780103214325, -0.10733523877315089, -0.04556957681908982, -0.0034248177660774586], [0.1011538583201511, 0.9874553862498354, -0.12124255487713385, -0.004365013257360269], [0.0580115226563399, 0.11580590090189145, 0.9915763493324122, 0.004295204368106376], [0.0, 0.0, 0.0, 1.0]], "antennas": [-0.34168926432821, 0.49141282520087537], "body_yaw": 0.01850705210006624, "check_collision": false}, {"head": [[0.9931923792516613, -0.10711158034500479, -0.045782170682704806, -0.0035403424038795645], [0.10068160344448285, 0.9870267112228861, -0.1250659268561258, -0.004339534012959083], [0.058584234434467364, 0.1196051031040461, 0.9910915733610081, 0.004385648988978752], [0.0, 0.0, 0.0, 1.0]], "antennas": [-0.33909412259669086, 0.4902160008595252], "body_yaw": 0.01850705210006624, "check_collision": false}, {"head": [[0.9932176064803563, -0.10696432505900631, -0.045578715889142606, -0.0035290457007918514], [0.10032927513456179, 0.9865608561109697, -0.12896400172359682, -0.004326651019480797], [0.05876072436930425, 0.12351643758731758, 0.9906012653521763, 0.004389936643584558], [0.0, 0.0, 0.0, 1.0]], "antennas": [-0.3378976658709753, 0.49043093810708327], "body_yaw": 0.01850705210006624, "check_collision": false}, {"head": [[0.9932666750080298, -0.10671694950891009, -0.04508663888566165, -0.0036134159035924795], [0.099868983086111, 0.985986409638532, -0.1336300348928462, -0.00416794316546221], [0.05871540288407631, 0.12822750366294255, 0.9900051559302765, 0.004454064890339504], [0.0, 0.0, 0.0, 1.0]], "antennas": [-0.3381129701009449, 0.49205991668933247], "body_yaw": 0.01850705210006624, "check_collision": false}, {"head": [[0.9932810390311977, -0.10678410163034845, -0.044608666647907844, -0.0036299041839522334], [0.09970607559885909, 0.9853231037392611, -0.1385535265747651, -0.004112719878642389], [0.058749263738189506, 0.13317483574845873, 0.9893497799734895, 0.00448081686386681], [0.0, 0.0, 0.0, 1.0]], "antennas": [-0.33974226036175575, 0.4950924061118911], "body_yaw": 0.01850705210006624, "check_collision": false}, {"head": [[0.9932395132216185, -0.10705526899429295, -0.044882499438447014, -0.003702228578645935], [0.09964169788535109, 0.98462091404176, -0.14350326711992908, -0.0039265915916768665], [0.059555028484646354, 0.13806094673052507, 0.9886315661408269, 0.004456575540701446], [0.0, 0.0, 0.0, 1.0]], "antennas": [-0.34277516586626217, 0.4994600097387161], "body_yaw": 0.01850705210006624, "check_collision": false}, {"head": [[0.9931678186941533, -0.10749210693021691, -0.04542170029842634, -0.0037263293054976354], [0.09971650741917026, 0.9839256050427317, -0.1481452729229545, -0.0038554982978008068], [0.060616021466439164, 0.14260382424394139, 0.9879219843958242, 0.004524757268783208], [0.0, 0.0, 0.0, 1.0]], "antennas": [-0.34714371631011715, 0.5052013608569499], "body_yaw": 0.01850705210006624, "check_collision": false}, {"head": [[0.9930716583798049, -0.1080872527170055, -0.04610669282082511, -0.003264080091156557], [0.09997195925030969, 0.9833216210663379, -0.15193484428242093, -0.004593077107774507], [0.06175992783705435, 0.1462728113613711, 0.9873145273771688, 0.004986226726313658], [0.0, 0.0, 0.0, 1.0]], "antennas": [-0.3528851088436669, 0.5120924685200828], "body_yaw": 0.01850705210006624, "check_collision": false}, {"head": [[0.9930338550671407, -0.10818995056037646, -0.046676517524732855, -0.0032357333276860625], [0.09977458027627108, 0.9828098859752321, -0.15533757163045137, -0.004570682868869174], [0.06268010706107108, 0.149598337648167, 0.9867580967753536, 0.005046233618589913], [0.0, 0.0, 0.0, 1.0]], "antennas": [-0.35977641145157074, 0.5202317204141162], "body_yaw": 0.01850705210006624, "check_collision": false}, {"head": [[0.9930005962957512, -0.10844798173743941, -0.046785158045679995, -0.003096348219501468], [0.09977033513376296, 0.9822007533526895, -0.15914634881362044, -0.004929126277647063], [0.06321151780791119, 0.15336464837271313, 0.986145825243881, 0.005377720359885263], [0.0, 0.0, 0.0, 1.0]], "antennas": [-0.36791578390724955, 0.5295131504348654], "body_yaw": 0.01850705210006624, "check_collision": false}, {"head": [[0.9929822223097545, -0.10864975745607754, -0.04670692006027147, -0.003057517279915883], [0.09975082655396116, 0.9816131683719524, -0.16274323420830247, -0.0049192543502745295], [0.06353014070960827, 0.15694208448823518, 0.9855623284896318, 0.005403688941625351], [0.0, 0.0, 0.0, 1.0]], "antennas": [-0.377197491745279, 0.5397537105328453], "body_yaw": 0.01850705210006624, "check_collision": false}, {"head": [[0.9929590919865156, -0.10888675956912709, -0.04664670654879545, -0.003214063008657961], [0.09978280208400629, 0.9810609554193417, -0.16602046307594812, -0.004860310053048102], [0.06384069274043284, 0.16019698917964512, 0.9850184214562681, 0.00560154773415622], [0.0, 0.0, 0.0, 1.0]], "antennas": [-0.3874377933642171, 0.5509013898588341], "body_yaw": 0.01850705210006624, "check_collision": false}, {"head": [[0.9929621992026162, -0.10893095805793748, -0.046477062420987356, -0.003206550690499684], [0.0996410254710994, 0.9805145582299603, -0.16930111382437488, -0.004834024020259199], [0.06401356885670577, 0.1634785841499922, 0.984467884456645, 0.005646844686315156], [0.0, 0.0, 0.0, 1.0]], "antennas": [-0.39858592938185305, 0.5628788496260387], "body_yaw": 0.01850705210006624, "check_collision": false}, {"head": [[0.9929776575808773, -0.10889916812897575, -0.04622058768569559, -0.0033873787160713332], [0.09944053439933927, 0.9799679946657477, -0.17255233857924684, -0.0044515760868080265], [0.06408550275661282, 0.1667444170328059, 0.9839153153218126, 0.00537224925352453], [0.0, 0.0, 0.0, 1.0]], "antennas": [-0.4105641486126164, 0.5755854481425006], "body_yaw": 0.01850705210006624, "check_collision": false}, {"head": [[0.9929515812437835, -0.10930326821211996, -0.04582524264659415, -0.0034017940221232066], [0.09964511260631205, 0.9792339055872299, -0.17655540116930823, -0.004379845830370468], [0.06417171369961422, 0.17074470330446373, 0.9832233914296005, 0.0053939449697048], [0.0, 0.0, 0.0, 1.0]], "antennas": [-0.4232706154494772, 0.5887878604778677], "body_yaw": 0.01850705210006624, "check_collision": false}, {"head": [[0.9928987856975116, -0.11003909813984425, -0.04520396266896559, -0.002971349174538787], [0.10022122746545595, 0.9784569809032212, -0.18049277571989178, -0.0051623310794709065], [0.06409139509891205, 0.17468066121446743, 0.9825370016808284, 0.005783514227476139], [0.0, 0.0, 0.0, 1.0]], "antennas": [-0.43647283519099767, 0.6024776170259233], "body_yaw": 0.01850705210006624, "check_collision": false}, {"head": [[0.9928701098729377, -0.11039991332967641, -0.04495335424304549, -0.0029458818461178295], [0.1003916426711039, 0.9777854150591292, -0.18400326132828146, -0.005129779294006889], [0.06426867823985637, 0.17817839721595427, 0.9818971411318272, 0.005804091582453652], [0.0, 0.0, 0.0, 1.0]], "antennas": [-0.45016430651944095, 0.6163230553102627], "body_yaw": 0.01850705210006624, "check_collision": false}, {"head": [[0.9927919051410374, -0.11102006405302732, -0.04515283450781733, -0.0029099129965656986], [0.10074603524283161, 0.9771133811030954, -0.18734907753209354, -0.005346249440269712], [0.06491894538021055, 0.18144967855286484, 0.9812550864498908, 0.005980399240892886], [0.0, 0.0, 0.0, 1.0]], "antennas": [-0.4640084924557326, 0.6304855646653639], "body_yaw": 0.01850705210006624, "check_collision": false}, {"head": [[0.9927712725292005, -0.11116706306110741, -0.045244718267652154, -0.0029047924921748276], [0.10067652491441142, 0.9765461125552024, -0.1903205910680174, -0.005327198602532227], [0.0653409348870166, 0.18438973437718648, 0.9806788404388059, 0.006011607705737054], [0.0, 0.0, 0.0, 1.0]], "antennas": [-0.47817235030915317, 0.6444359988743134], "body_yaw": 0.01850705210006624, "check_collision": false}, {"head": [[0.9927484255927459, -0.11150058380492055, -0.04492419497650179, -0.0027711055807781272], [0.1008504714203443, 0.9758978387474129, -0.19352671842002445, -0.005675642752032674], [0.06541976687071865, 0.18759271878005018, 0.980065929396227, 0.006168118367822828], [0.0, 0.0, 0.0, 1.0]], "antennas": [-0.49212242585960975, 0.658259991318943], "body_yaw": 0.01850705210006624, "check_collision": false}, {"head": [[0.9927437690145201, -0.11166717835724135, -0.04461222209862703, -0.002729430455785469], [0.10088173463580694, 0.9753212420084995, -0.19639590246201327, -0.005677563797409041], [0.06544222413484896, 0.19047025007787977, 0.9795092644460052, 0.0061499911247604455], [0.0, 0.0, 0.0, 1.0]], "antennas": [-0.5059456942189124, 0.6718297947308467], "body_yaw": 0.01850705210006624, "check_collision": false}, {"head": [[0.9927859670446924, -0.11154327274583639, -0.04397865327954693, -0.0030055122359523073], [0.10067532806783147, 0.9747129495755353, -0.19949722867296674, -0.0052502643125491005], [0.06511913664637421, 0.19363048374392763, 0.9789109938127792, 0.005967573808838056], [0.0, 0.0, 0.0, 1.0]], "antennas": [-0.5195147612383388, 0.6850386252817205], "body_yaw": 0.01850705210006624, "check_collision": false}, {"head": [[0.9927914306479578, -0.1117507648145141, -0.04332368630843823, -0.002996447382928147], [0.10080469088064845, 0.9740704061153207, -0.20254692845558206, -0.005243240994905746], [0.06483509488261517, 0.1967196240686346, 0.9783137533418699, 0.005945305173580384], [0.0, 0.0, 0.0, 1.0]], "antennas": [-0.5327246972346932, 0.6975508339126509], "body_yaw": 0.01850705210006624, "check_collision": false}, {"head": [[0.9927853915821828, -0.11178111260571995, -0.04338374264213257, -0.003183780642510418], [0.10067275199418994, 0.9736125285449029, -0.20480146793008258, -0.00476066731889805], [0.06513189132005733, 0.19895634477198176, 0.9778416076277611, 0.005841182498362518], [0.0, 0.0, 0.0, 1.0]], "antennas": [-0.5452346633520369, 0.7094722968821622], "body_yaw": 0.01850705210006624, "check_collision": false}, {"head": [[0.9927892111126781, -0.11175006439675647, -0.04337632309897721, -0.0031953878625032616], [0.10052754982398607, 0.9732593303754744, -0.2065441540287915, -0.004747083787532616], [0.06529773368695183, 0.20069429225666569, 0.9774753229779992, 0.005844221298952568], [0.0, 0.0, 0.0, 1.0]], "antennas": [-0.5571565489443084, 0.7205669894521138], "body_yaw": 0.01850705210006624, "check_collision": false}, {"head": [[0.9928752361724706, -0.11104128492501504, -0.043227288113669285, -0.00330063816719239], [0.09983642155275989, 0.9732465008933128, -0.20693945353765344, -0.004360312438267838], [0.06504962972223721, 0.20114940104590082, 0.9773983139600125, 0.005766689963375038], [0.0, 0.0, 0.0, 1.0]], "antennas": [-0.5682508046998402, 0.7307366048657663], "body_yaw": 0.01850705210006624, "check_collision": false}, {"head": [[0.9929290306533237, -0.11057549911683047, -0.04318563512227818, -0.0033265460967788294], [0.09935314807988328, 0.9731834877343541, -0.20746771114516777, -0.004331430460902987], [0.06496839271882525, 0.2017100845180077, 0.9772881610616546, 0.005793964368677185], [0.0, 0.0, 0.0, 1.0]], "antennas": [-0.5784204662991299, 0.7400349300132781], "body_yaw": 0.01850705210006624, "check_collision": false}, {"head": [[0.9929336542285657, -0.11051556108289941, -0.04323273133678722, -0.0031011059323282648], [0.09922121715036396, 0.972992600044073, -0.2084239677356586, -0.004614390749886484], [0.0650992194078179, 0.20266156768861351, 0.9770825863838154, 0.005925136297911471], [0.0, 0.0, 0.0, 1.0]], "antennas": [-0.5877191724808897, 0.7479813232622213], "body_yaw": 0.01850705210006624, "check_collision": false}, {"head": [[0.9929706608386581, -0.11018343359261337, -0.04323051787082779, -0.003090883842597967], [0.09884598644442774, 0.9728689521852444, -0.20917808880906236, -0.004593678072165887], [0.06510558868074084, 0.2034345418942568, 0.9769215165440914, 0.005926791258904607], [0.0, 0.0, 0.0, 1.0]], "antennas": [-0.5956650637928922, 0.7548149882320656], "body_yaw": 0.01850705210006624, "check_collision": false}, {"head": [[0.99302122949966, -0.10966865065111002, -0.043377699654869595, -0.0032130434604203274], [0.09826223812019776, 0.972768764471284, -0.20991775396240525, -0.004252629088372695], [0.06521786812364264, 0.20419039628096158, 0.9767563215787399, 0.005554780051655439], [0.0, 0.0, 0.0, 1.0]], "antennas": [-0.6024981129809669, 0.7604629462902721], "body_yaw": 0.01850705210006624, "check_collision": false}, {"head": [[0.993075721905439, -0.10930494671212299, -0.0430469416596633, -0.0031987874724569904], [0.09794426510428914, 0.9727050551067676, -0.21036111024360027, -0.00421801