{"description": "Use this when you want to show that you're listening to the conversation. You encourage the speaker to keep talking. You can follow with attentive2 if the person hasn't finished speaking.", "time": [0.0, 0.009981870651245117, 0.020133256912231445, 0.03020930290222168, 0.0402529239654541, 0.05023527145385742, 0.0603177547454834, 0.07041335105895996, 0.08041167259216309, 0.09062790870666504, 0.10062003135681152, 0.11060309410095215, 0.12073993682861328, 0.13076162338256836, 0.1409468650817871, 0.15086960792541504, 0.16095423698425293, 0.17106914520263672, 0.18103265762329102, 0.19115018844604492, 0.2012171745300293, 0.21119451522827148, 0.22134041786193848, 0.2313852310180664, 0.241438627243042, 0.2514660358428955, 0.2616257667541504, 0.2717714309692383, 0.2817225456237793, 0.2918682098388672, 0.30193090438842773, 0.31201863288879395, 0.3221278190612793, 0.3320348262786865, 0.34213781356811523, 0.35220932960510254, 0.362170934677124, 0.37246036529541016, 0.38245153427124023, 0.3924129009246826, 0.40259838104248047, 0.4129154682159424, 0.4226341247558594, 0.43259263038635254, 0.44275641441345215, 0.45279836654663086, 0.4628784656524658, 0.4730360507965088, 0.4830622673034668, 0.49310898780822754, 0.5031726360321045, 0.5132334232330322, 0.5232937335968018, 0.5333056449890137, 0.5434250831604004, 0.5534200668334961, 0.5635128021240234, 0.5735054016113281, 0.5835366249084473, 0.5938010215759277, 0.6039507389068604, 0.6137597560882568, 0.6240780353546143, 0.6340146064758301, 0.6439540386199951, 0.6541318893432617, 0.6640365123748779, 0.6740851402282715, 0.684152364730835, 0.6943469047546387, 0.7043716907501221, 0.7143642902374268, 0.7244417667388916, 0.7345421314239502, 0.7446153163909912, 0.7547023296356201, 0.7647721767425537, 0.7748239040374756, 0.784940242767334, 0.7949411869049072, 0.8050820827484131, 0.8149895668029785, 0.8254446983337402, 0.8354446887969971, 0.8451797962188721, 0.8553242683410645, 0.8652613162994385, 0.8754050731658936, 0.8854093551635742, 0.8954458236694336, 0.9056410789489746, 0.9155893325805664, 0.9256019592285156, 0.9357297420501709, 0.9457380771636963, 0.9558584690093994, 0.9658925533294678, 0.9759254455566406, 0.9860153198242188, 0.9961426258087158, 1.0060677528381348, 1.0161232948303223, 1.0263066291809082, 1.0363092422485352, 1.0463287830352783, 1.0564260482788086, 1.066469669342041, 1.076540231704712, 1.0866501331329346, 1.0968241691589355, 1.1068382263183594, 1.116807222366333, 1.1268739700317383, 1.1369976997375488, 1.1469972133636475, 1.1570868492126465, 1.1670994758605957, 1.177116870880127, 1.1873037815093994, 1.197333812713623, 1.207397699356079, 1.2174773216247559, 1.2275309562683105, 1.2375738620758057, 1.2475695610046387, 1.2577402591705322, 1.2679009437561035, 1.2779173851013184, 1.2880656719207764, 1.2981386184692383, 1.3081703186035156, 1.3182365894317627, 1.3281517028808594, 1.3383209705352783, 1.3482732772827148, 1.3583881855010986, 1.3684608936309814, 1.378495454788208, 1.388659954071045, 1.3986473083496094, 1.408710241317749, 1.4188141822814941, 1.4288156032562256, 1.4390418529510498, 1.4488747119903564, 1.4590041637420654, 1.4692432880401611, 1.479104995727539, 1.4894835948944092, 1.4992303848266602, 1.5099461078643799, 1.5198609828948975, 1.5299603939056396, 1.5395822525024414, 1.5496928691864014, 1.5596764087677002, 1.569728136062622, 1.5797145366668701, 1.589951515197754, 1.5998592376708984, 1.6099274158477783, 1.6199829578399658, 1.6300246715545654, 1.640040397644043, 1.6500866413116455, 1.6601746082305908, 1.6702449321746826, 1.6803019046783447, 1.6904189586639404, 1.7005088329315186, 1.7104790210723877, 1.7205793857574463, 1.73061203956604, 1.7407546043395996, 1.7507100105285645, 1.7608087062835693, 1.770909309387207, 1.7809696197509766, 1.7910830974578857, 1.8011538982391357, 1.8112163543701172, 1.8213543891906738, 1.8312819004058838, 1.841348648071289, 1.8513970375061035, 1.8614552021026611, 1.8715028762817383, 1.8814983367919922, 1.8915894031524658, 1.901747703552246, 1.9117348194122314, 1.9217886924743652, 1.931856632232666, 1.9419653415679932, 1.9519765377044678, 1.9620122909545898, 1.9720664024353027, 1.9820895195007324, 1.992166519165039, 2.0022964477539062, 2.012341022491455, 2.022448778152466, 2.032479763031006, 2.0424811840057373, 2.0525894165039062, 2.062624931335449, 2.0727710723876953, 2.0827808380126953, 2.092897653579712, 2.103013753890991, 2.11309552192688, 2.1229827404022217, 2.1331350803375244, 2.1431756019592285, 2.1531982421875, 2.163386344909668, 2.1733241081237793, 2.1834187507629395, 2.193525552749634, 2.203540802001953, 2.2135281562805176, 2.2237207889556885, 2.2337899208068848, 2.24379563331604, 2.253849744796753, 2.2641162872314453, 2.2744500637054443, 2.284355401992798, 2.2942123413085938, 2.3043746948242188, 2.314276933670044, 2.3244736194610596, 2.3345072269439697, 2.3444464206695557, 2.3544962406158447, 2.364527463912964, 2.374633312225342, 2.384697675704956, 2.3948049545288086, 2.4048409461975098, 2.414846897125244, 2.4249799251556396, 2.4350526332855225, 2.445016384124756, 2.455066442489624, 2.465141773223877, 2.475857734680176, 2.485323667526245, 2.495352029800415, 2.5054819583892822, 2.515559196472168, 2.5256407260894775, 2.53669810295105, 2.5456337928771973, 2.5560340881347656, 2.566124677658081, 2.575943946838379, 2.5867204666137695, 2.5959548950195312, 2.6061854362487793, 2.6162102222442627, 2.626384735107422, 2.6364328861236572, 2.6464922428131104, 2.6567068099975586, 2.6665732860565186, 2.6766226291656494, 2.6867287158966064, 2.69681715965271, 2.706876277923584, 2.71683406829834, 2.7269115447998047, 2.7370598316192627, 2.7470390796661377, 2.7571048736572266, 2.76715350151062, 2.7772295475006104, 2.7873268127441406, 2.79742169380188, 2.807805061340332, 2.8176052570343018, 2.827667474746704, 2.8379406929016113, 2.8478243350982666, 2.8578238487243652, 2.8679039478302, 2.8778584003448486, 2.887944459915161, 2.89798641204834, 2.9081790447235107, 2.918195962905884, 2.928215265274048, 2.9383342266082764, 2.9483656883239746, 2.9583988189697266, 2.9684906005859375, 2.9784669876098633, 2.9886324405670166, 2.9987006187438965, 3.0087192058563232, 3.0188024044036865, 3.0289041996002197, 3.0388829708099365, 3.0489256381988525, 3.059065818786621, 3.069138288497925, 3.07912540435791, 3.089250087738037, 3.0992980003356934, 3.109394073486328, 3.1193318367004395, 3.1294102668762207, 3.139596462249756, 3.1494743824005127, 3.1596312522888184, 3.169710159301758, 3.179687261581421, 3.1898207664489746, 3.199899435043335, 3.2099111080169678, 3.219968557357788, 3.230022668838501, 3.240126371383667, 3.2500991821289062, 3.260221242904663, 3.2705130577087402, 3.280620574951172, 3.2907464504241943, 3.3007304668426514, 3.3109374046325684, 3.3208506107330322, 3.330775022506714, 3.3408396244049072, 3.350846290588379, 3.3609189987182617, 3.3709867000579834, 3.3809497356414795, 3.3910744190216064, 3.4011237621307373, 3.4111015796661377, 3.421236276626587, 3.4312541484832764, 3.441317081451416, 3.4513862133026123, 3.461434841156006, 3.471710443496704, 3.4817066192626953, 3.4918150901794434, 3.5019376277923584, 3.5119214057922363, 3.5220370292663574, 3.5321006774902344, 3.5424962043762207, 3.552053213119507, 3.562225818634033, 3.5725820064544678, 3.582390785217285, 3.5922765731811523, 3.6023831367492676, 3.61238431930542, 3.6224539279937744, 3.6325478553771973, 3.6425909996032715, 3.6528801918029785, 3.662846565246582, 3.672854423522949, 3.6828229427337646, 3.6930220127105713, 3.7030527591705322, 3.7130680084228516, 3.7231171131134033, 3.7331156730651855, 3.743171215057373, 3.7532260417938232, 3.7632601261138916, 3.7733664512634277, 3.7833938598632812, 3.793468952178955, 3.803623914718628, 3.8135673999786377, 3.8237459659576416, 3.833765983581543, 3.8438351154327393, 3.8539412021636963, 3.8643734455108643, 3.8741376399993896, 3.8841230869293213, 3.894195795059204, 3.9042251110076904, 3.9142916202545166, 3.9243695735931396, 3.9343931674957275, 3.9446089267730713, 3.95452618598938, 3.964592695236206, 3.974641799926758, 3.9846749305725098, 3.9947867393493652, 4.004815578460693, 4.014817714691162, 4.024967432022095, 4.035018444061279, 4.045042514801025, 4.055105924606323, 4.065180540084839, 4.075190544128418, 4.085280656814575, 4.095600843429565, 4.105417490005493, 4.1154491901397705, 4.125530958175659, 4.135624408721924, 4.145899534225464, 4.15583872795105, 4.1658172607421875, 4.175853490829468, 4.185916423797607, 4.1960108280181885, 4.206050395965576, 4.2161619663238525, 4.226274013519287, 4.236221075057983, 4.246460437774658, 4.256356239318848, 4.266536235809326, 4.276485919952393, 4.286602258682251], "set_target_data": [{"head": [[0.9527065019345801, -0.03130034043374091, -0.3022757182777137, -0.0033239720265022823], [0.03949858407742723, 0.998997969736134, 0.0210456246987492, -0.005216742882400092], [0.30131409364225603, -0.03198976636073033, 0.952988180315334, 0.006487335542174625], [0.0, 0.0, 0.0, 1.0]], "antennas": [-0.5098009379905983, 0.6470019373454096], "body_yaw": 0.01850705210006624, "check_collision": false}, {"head": [[0.9528272494779132, -0.031167200006094097, -0.30190865886246965, -0.003324094255078382], [0.03930962990473206, 0.9990078476422363, 0.020930201766342704, -0.005197376682617253], [0.30095678369013035, -0.03181078422495976, 0.9531070707732083, 0.006496779142601276], [0.0, 0.0, 0.0, 1.0]], "antennas": [-0.5098009379905983, 0.6470019373454096], "body_yaw": 0.01850705210006624, "check_collision": false}, {"head": [[0.9527519999030784, -0.03132652036890776, -0.3021295679046674, -0.003365946379033631], [0.039514294800601535, 0.9989977879678347, 0.021024750694937255, -0.005083479028004273], [0.3011681377355443, -0.03196981008622849, 0.95303498574604, 0.006420926874733505], [0.0, 0.0, 0.0, 1.0]], "antennas": [-0.5098009379905983, 0.649773489091855], "body_yaw": 0.01850705210006624, "check_collision": false}, {"head": [[0.9525354816437429, -0.03158741562404161, -0.30278439752390884, -0.003337112291057425], [0.039800882107493184, 0.99898708028936, 0.020992932105945418, -0.005073526024248836], [0.30181458876798495, -0.03204759880448857, 0.952827846684635, 0.006412710673501024], [0.0, 0.0, 0.0, 1.0]], "antennas": [-0.5098009379905983, 0.6533663597184809], "body_yaw": 0.01850705210006624, "check_collision": false}, {"head": [[0.9526776809206031, -0.031593165232378206, -0.30233608482339824, -0.0032162750517310897], [0.03973456086476469, 0.9989934616887559, 0.020814134043973087, -0.004922691852711514], [0.3013741875951318, -0.031842352515412835, 0.9529741148833258, 0.006201807651386785], [0.0, 0.0, 0.0, 1.0]], "antennas": [-0.5098009379905983, 0.6581912086653775], "body_yaw": 0.01850705210006624, "check_collision": false}, {"head": [[0.952933368431967, -0.03193770960073827, -0.3014929153966383, -0.003110458777988431], [0.0398258196749595, 0.9990054246537385, 0.02005157349490855, -0.004902187156697499], [0.300552656644594, -0.031115015954728684, 0.9532575498604846, 0.006105849139771972], [0.0, 0.0, 0.0, 1.0]], "antennas": [-0.5098009379905983, 0.663016057612274], "body_yaw": 0.01850705210006624, "check_collision": false}, {"head": [[0.9536802442837737, -0.03249592378164337, -0.29906187754446323, -0.0029618052200042363], [0.03998500432012836, 0.9990204677603806, 0.018955327096887895, -0.0048476763161898005], [0.29815296592917073, -0.03003531144183994, 0.9540454333910051, 0.005993056011805446], [0.0, 0.0, 0.0, 1.0]], "antennas": [-0.5098009379905983, 0.6678409065591706], "body_yaw": 0.01850705210006624, "check_collision": false}, {"head": [[0.9549530508316433, -0.03292284616672132, -0.29492500217448386, -0.0029298443664255076], [0.0399841159264063, 0.9990392041231051, 0.01794266141508206, -0.004788946759274859], [0.29405091596681115, -0.028926714734912016, 0.9553519267755335, 0.0058699964502428904], [0.0, 0.0, 0.0, 1.0]], "antennas": [-0.5098009379905983, 0.6728710852261123], "body_yaw": 0.01850705210006624, "check_collision": false}, {"head": [[0.9568771544322696, -0.033659925746864536, -0.2885361688321211, -0.002990809108835596], [0.04009254753933206, 0.999061184109785, 0.016411521470023314, -0.004690848835080036], [0.28771287589784567, -0.02727196002985856, 0.9573283351278813, 0.005607870076631553], [0.0, 0.0, 0.0, 1.0]], "antennas": [-0.5098009379905983, 0.6776959341730088], "body_yaw": 0.01850705210006624, "check_collision": false}, {"head": [[0.9597746413829895, -0.03471627256603407, -0.27861697395757307, -0.0030862355740459307], [0.040267597118874746, 0.999087674337915, 0.014224612765502485, -0.004601256264038166], [0.2778689590084256, -0.02487165867362561, 0.9602969552249954, 0.005401850959908975], [0.0, 0.0, 0.0, 1.0]], "antennas": [-0.5098009379905983, 0.6825207831199054], "body_yaw": 0.01850705210006624, "check_collision": false}, {"head": [[0.9631689552664482, -0.03595558601518029, -0.26648219348625046, -0.003148341445647042], [0.040300761354967456, 0.9991286486501684, 0.010853206010118254, -0.004706021667613478], [0.2658597604850129, -0.021192906379094784, 0.9637787341885368, 0.005202587247686189], [0.0, 0.0, 0.0, 1.0]], "antennas": [-0.5098009379905983, 0.6869349726267117], "body_yaw": 0.01850705210006624, "check_collision": false}, {"head": [[0.9671172734864495, -0.037160079521402885, -0.2516014861126596, -0.003287350249089937], [0.04031295122645726, 0.999159798661013, 0.007386657098914144, -0.004618382953391663], [0.2511156014419436, -0.017286562111844983, 0.9678027327316264, 0.004827930207499723], [0.0, 0.0, 0.0, 1.0]], "antennas": [-0.5098009379905983, 0.6869349726267117], "body_yaw": 0.01850705210006624, "check_collision": false}, {"head": [[0.9701609162381246, -0.037691262456881994, -0.23951443659706295, -0.0033918949307353767], [0.039957743640470667, 0.9991907258433934, 0.004612169957252998, -0.004411386783549335], [0.23914676524503625, -0.01404500348731173, 0.9708818478836014, 0.00456293242706796], [0.0, 0.0, 0.0, 1.0]], "antennas": [-0.5098009379905983, 0.6869349726267117], "body_yaw": 0.01850705210006624, "check_collision": false}, {"head": [[0.9723657687806176, -0.03721870585052688, -0.2304768527173405, -0.0035347107368388767], [0.03906911682577938, 0.9992304907799074, 0.003468487595342762, -0.00431434271525896], [0.2301704060345993, -0.012377165691603223, 0.9730716263232171, 0.004352394559175913], [0.0, 0.0, 0.0, 1.0]], "antennas": [-0.5098009379905983, 0.6869349726267117], "body_yaw": 0.01850705210006624, "check_collision": false}, {"head": [[0.9734597292021631, -0.036873422961989435, -0.22586833842023413, -0.003630864734426036], [0.0386795878172507, 0.9992452704409943, 0.0035747709844644524, -0.004247339108396029], [0.2255660548662825, -0.012216389825558463, 0.9741512791716136, 0.00441905249145225], [0.0, 0.0, 0.0, 1.0]], "antennas": [-0.5098009379905983, 0.6869349726267117], "body_yaw": 0.01850705210006624, "check_collision": false}, {"head": [[0.9733356503279974, -0.03687846284526955, -0.22640161390490213, -0.003733872202125331], [0.03900280847247076, 0.9992270108429809, 0.004915458580942231, -0.004229069743381412], [0.22604533335557728, -0.013614689859532911, 0.974021636047267, 0.004444218074432408], [0.0, 0.0, 0.0, 1.0]], "antennas": [-0.5098009379905983, 0.6869349726267117], "body_yaw": 0.01850705210006624, "check_collision": false}, {"head": [[0.9722492971009944, -0.0369845282749825, -0.23100530070736391, -0.0037508680829370492], [0.03966670140752547, 0.9991886176618142, 0.006975609974720597, -0.004233038925603507], [0.2305598774419973, -0.01594525018148742, 0.9729274854327948, 0.004643396321705965], [0.0, 0.0, 0.0, 1.0]], "antennas": [-0.5098009379905983, 0.6869349726267117], "body_yaw": 0.01850705210006624, "check_collision": false}, {"head": [[0.9705772848056397, -0.037201373586144844, -0.23789870117891934, -0.0037603167154825223], [0.040812818992019544, 0.9991140123480052, 0.010271520617467838, -0.004304961726508244], [0.23730581119146096, -0.01967862122137886, 0.9712356582424209, 0.004775254677629851], [0.0, 0.0, 0.0, 1.0]], "antennas": [-0.5098009379905983, 0.6869349726267117], "body_yaw": 0.01850705210006624, "check_collision": false}, {"head": [[0.9690938678039448, -0.036883876576889935, -0.243919361743694, -0.0036547417314369457], [0.041377333744281375, 0.9990547728071774, 0.013322056275721547, -0.004498984436937458], [0.24319743345069383, -0.023003055880901735, 0.9697040103986038, 0.004900595709288472], [0.0, 0.0, 0.0, 1.0]], "antennas": [-0.5098009379905983, 0.6869349726267117], "body_yaw": 0.01850705210006624, "check_collision": false}, {"head": [[0.9669549148940733, -0.03619316652677955, -0.2523653051807249, -0.00357065251584735], [0.04184584344656141, 0.9989783173348714, 0.01706595678638644, -0.004625212467021864], [0.25148979690723333, -0.027062449843902537, 0.96748152739988, 0.005021960590999911], [0.0, 0.0, 0.0, 1.0]], "antennas": [-0.5098009379905983, 0.6869349726267117], "body_yaw": 0.01850705210006624, "check_collision": false}, {"head": [[0.9651647195344285, -0.03574953016379465, -0.2591891881601088, -0.003500573274615596], [0.042316472933484305, 0.9989080474225411, 0.019799720022168323, -0.004783976590484769], [0.2581983351698806, -0.03007796348748531, 0.9656235994568214, 0.005096702479147067], [0.0, 0.0, 0.0, 1.0]], "antennas": [-0.5098009379905983, 0.6869349726267117], "body_yaw": 0.01850705210006624, "check_collision": false}, {"head": [[0.9633068869691299, -0.035344055406736255, -0.26606510343382045, -0.0034259128133586176], [0.04275231342449064, 0.9988412052131145, 0.022101729915715015, -0.004883195807641296], [0.2649756238122634, -0.03266564733506213, 0.9637016521047804, 0.00519188292017703], [0.0, 0.0, 0.0, 1.0]], "antennas": [-0.5098009379905983, 0.6869349726267117], "body_yaw": 0.01850705210006624, "check_collision": false}, {"head": [[0.9614094434684446, -0.03569532757490915, -0.2727961246040998, -0.0034242183257778987], [0.043624061079361176, 0.9987820115248622, 0.023052868569749876, -0.004936424679549347], [0.2716409823731312, -0.0340637203439367, 0.961795632996787, 0.0051293091310648], [0.0, 0.0, 0.0, 1.0]], "antennas": [-0.5098009379905983, 0.6869349726267117], "body_yaw": 0.01850705210006624, "check_collision": false}, {"head": [[0.9596547406570918, -0.03571275835974076, -0.2789038859978627, -0.0034064805830385718], [0.044249199230330494, 0.9987232490713216, 0.024369655965925066, -0.0049889545820265575], [0.27767748756758176, -0.03572772949351517, 0.960009761535472, 0.00524537413796378], [0.0, 0.0, 0.0, 1.0]], "antennas": [-0.5098009379905983, 0.6869349726267117], "body_yaw": 0.01850705210006624, "check_collision": false}, {"head": [[0.9581468891191469, -0.035696296777582646, -0.284042801823367, -0.0034443457795248138], [0.044821244319276164, 0.998664680509078, 0.025688751650743715, -0.0051059845567895685], [0.2827465206310655, -0.0373447492971713, 0.958467409342101, 0.00534385611089239], [0.0, 0.0, 0.0, 1.0]], "antennas": [-0.5098009379905983, 0.6869349726267117], "body_yaw": 0.01850705210006624, "check_collision": false}, {"head": [[0.956966861620796, -0.035917660539305084, -0.28796587891801984, -0.0034228895979684783], [0.045286971574606184, 0.9986372122004018, 0.025938554589849568, -0.00512689524866025], [0.2866417903328913, -0.03786343975384488, 0.9572893209290292, 0.005433843883480897], [0.0, 0.0, 0.0, 1.0]], "antennas": [-0.5098009379905983, 0.6869349726267117], "body_yaw": 0.01850705210006624, "check_collision": false}, {"head": [[0.9557604138452994, -0.03629847111794203, -0.2918980169866905, -0.0034309673022460793], [0.045965787170363065, 0.99859603476531, 0.02632690184600163, -0.005147451281236769], [0.29053257603248417, -0.03857953272786033, 0.9560870472495845, 0.005550881019990465], [0.0, 0.0, 0.0, 1.0]], "antennas": [-0.5098009379905983, 0.6869349726267117], "body_yaw": 0.01850705210006624, "check_collision": false}, {"head": [[0.9549064844848855, -0.03613056798311138, -0.29470016617900857, -0.0033224610146294826], [0.046082002680827995, 0.9985756365756379, 0.026891393911138574, -0.005193986130341664], [0.2933088047052827, -0.03925914027048511, 0.9552113195453564, 0.005574570804381621], [0.0, 0.0, 0.0, 1.0]], "antennas": [-0.5098009379905983, 0.6869349726267117], "body_yaw": 0.01850705210006624, "check_collision": false}, {"head": [[0.9541469231042465, -0.03578193442255306, -0.29719236581661873, -0.0033657199424169], [0.0459725765174728, 0.9985676996191292, 0.02736917035106097, -0.005037599194617727], [0.29578737521916637, -0.03977690845629407, 0.9544252858210618, 0.005517134866832921], [0.0, 0.0, 0.0, 1.0]], "antennas": [-0.5098009379905983, 0.6869349726267117], "body_yaw": 0.01850705210006624, "check_collision": false}, {"head": [[0.9538531334109136, -0.035561566996565534, -0.29816031733772125, -0.003262459243662383], [0.04565114707769464, 0.9985940728341206, 0.026941612257874444, -0.005052912933614534], [0.296783039698485, -0.03930970177083184, 0.9541355117036656, 0.005495922840194404], [0.0, 0.0, 0.0, 1.0]], "antennas": [-0.5098009379905983, 0.6869349726267117], "body_yaw": 0.01850705210006624, "check_collision": false}, {"head": [[0.9536175744119619, -0.0354619671354542, -0.29892469061542837, -0.0032400405450420202], [0.045487660380430964, 0.9986094623255312, 0.026646097407080516, -0.0051350595008066765], [0.29756410154076074, -0.039007571582925005, 0.9539046151651863, 0.005582467135988759], [0.0, 0.0, 0.0, 1.0]], "antennas": [-0.5098009379905983, 0.6869349726267117], "body_yaw": 0.01850705210006624, "check_collision": false}, {"head": [[0.9536207908361578, -0.03542167877919351, -0.298919206404481, -0.0032011312927713357], [0.04536539907075929, 0.9986218202583134, 0.026390162392902778, -0.005147322642715569], [0.2975724581546011, -0.03872679661986852, 0.9539134485745505, 0.005573461027952534], [0.0, 0.0, 0.0, 1.0]], "antennas": [-0.5098009379905983, 0.6934024593339692], "body_yaw": 0.01850705210006624, "check_collision": false}, {"head": [[0.9537437720341597, -0.03546678896506303, -0.2985212290383388, -0.0032556404202490103], [0.04530727300365189, 0.9986319222449939, 0.026106223132442954, -0.0050352909887403565], [0.29718692487898113, -0.03842383054532729, 0.9540458798858673, 0.005552284051196902], [0.0, 0.0, 0.0, 1.0]], "antennas": [-0.5098009379905983, 0.7023339026817679], "body_yaw": 0.01850705210006624, "check_collision": false}, {"head": [[0.9542923075639834, -0.035890378894979945, -0.2967121036071543, -0.0032944304335696998], [0.04525931106299872, 0.9986682617743097, 0.0247648478045336, -0.004993672896652248], [0.2954281409857744, -0.03706188915117211, 0.954645813842095, 0.005541894931330064], [0.0, 0.0, 0.0, 1.0]], "antennas": [-0.5098009379905983, 0.7141399621101981], "body_yaw": 0.01850705210006624, "check_collision": false}, {"head": [[0.9546757000182785, -0.0366284641615817, -0.29538561814647313, -0.0032410758108337907], [0.045604239285243965, 0.9986818974394529, 0.02355251761380657, -0.004976928811596835], [0.29413357705951304, -0.03595585265152507, 0.955087752777868, 0.005639494119675573], [0.0, 0.0, 0.0, 1.0]], "antennas": [-0.5098009379905983, 0.7273833295789441], "body_yaw": 0.01850705210006624, "check_collision": false}, {"head": [[0.9543484433166828, -0.03726599199421605, -0.2963617630189696, -0.0031898414132055654], [0.04602765518106731, 0.9986835871937755, 0.022639514754205874, -0.004956430949256874], [0.2951279446232729, -0.03524682270021176, 0.9548073930337901, 0.005630241895982938], [0.0, 0.0, 0.0, 1.0]], "antennas": [-0.5098009379905983, 0.7418586753679608], "body_yaw": 0.01850705210006624, "check_collision": false}, {"head": [[0.9539355375099727, -0.03732840578955994, -0.29768033256627646, -0.0030931961817352283], [0.04608541010860101, 0.9986851821607815, 0.02245087765786349, -0.004900862560093271], [0.2964508816830894, -0.03513541025370624, 0.9544015809373025, 0.005467916070683091], [0.0, 0.0, 0.0, 1.0]], "antennas": [-0.5098009379905983, 0.7565393508770226], "body_yaw": 0.01850705210006624, "check_collision": false}, {"head": [[0.9530293748703476, -0.03743851321748618, -0.3005551003764512, -0.0030090853684132646], [0.04639162632533816, 0.9986652640358568, 0.022704788373438967, -0.004906714072239951], [0.29930390515515287, -0.0355815701769409, 0.953494165804185, 0.005474789402063033], [0.0, 0.0, 0.0, 1.0]], "antennas": [-0.5098009379905983, 0.7716306858261747], "body_yaw": 0.01850705210006624, "check_collision": false}, {"head": [[0.9521360745299934, -0.037324810588429465, -0.3033871356751182, -0.0029485995080109667], [0.04634013215671166, 0.9986707498009091, 0.022568244145001602, -0.004807512678857364], [0.3021415028265948, -0.03554703935108752, 0.9526000841187549, 0.005351954361218939], [0.0, 0.0, 0.0, 1.0]], "antennas": [-0.5098009379905983, 0.7867220207753267], "body_yaw": 0.01850705210006624, "check_collision": false}, {"head": [[0.9508517591432124, -0.03714907834285716, -0.3074099512256139, -0.0028811670416228944], [0.04650688956759555, 0.9986492503115537, 0.023168601056576407, -0.004826711052143254], [0.30613402515402555, -0.036326585725162536, 0.9512950845098205, 0.005384277082532422], [0.0, 0.0, 0.0, 1.0]], "antennas": [-0.5098009379905983, 0.8018133557244788], "body_yaw": 0.01850705210006624, "check_collision": false}, {"head": [[0.9496939444617567, -0.037103139565699036, -0.31097390386821583, -0.002861481008211282], [0.04660611147037082, 0.9986443357300524, 0.0231810501896286, -0.004762999514106388], [0.30969223791739026, -0.03650818741941278, 0.9501357113723639, 0.005390409663985633], [0.0, 0.0, 0.0, 1.0]], "antennas": [-0.5098009379905983, 0.8169046906736307], "body_yaw": 0.01850705210006624, "check_collision": false}, {"head": [[0.9480440576540985, -0.03754390568613579, -0.3159160013240588, -0.0028829480262798405], [0.04722467392636871, 0.9986185161569879, 0.02304103645593067, -0.00472951571627264], [0.3146145179728684, -0.03676294784488747, 0.948507348809936, 0.0054961820470418345], [0.0, 0.0, 0.0, 1.0]], "antennas": [-0.5098009379905983, 0.8317906959027377], "body_yaw": 0.01850705210006624, "check_collision": false}, {"head": [[0.9462998388665433, -0.03838736339105208, -0.3210031546465509, -0.002985559688898525], [0.04820961281109037, 0.9985791805446157, 0.022703599173885546, -0.004529812336919637], [0.31967553580741664, -0.03695985003658726, 0.946805957570776, 0.005525873780190097], [0.0, 0.0, 0.0, 1.0]], "antennas": [-0.5098009379905983, 0.8464713714117994], "body_yaw": 0.01850705210006624, "check_collision": false}, {"head": [[0.944086343531828, -0.04008000874152787, -0.3272530654646071, -0.003009547518668267], [0.050081227959740085, 0.9984986493309451, 0.022188237656989126, -0.004492514808022123], [0.32587243909657027, -0.03733684753105881, 0.9446761949227337, 0.00564088676555408], [0.0, 0.0, 0.0, 1.0]], "antennas": [-0.5098009379905983, 0.8609467172008162], "body_yaw": 0.01850705210006624, "check_collision": false}, {"head": [[0.9429779392162916, -0.04027361327978037, -0.33040980951658555, -0.0031601983141567413], [0.05072946197327879, 0.9984457175427289, 0.023079662226439368, -0.004250298600962278], [0.32896675795480806, -0.0385251241915658, 0.9435553438811773, 0.005656515200032745], [0.0, 0.0, 0.0, 1.0]], "antennas": [-0.5098009379905983, 0.8739847549495171], "body_yaw": 0.01850705210006624, "check_collision": false}, {"head": [[0.9405273927257295, -0.041640913047313904, -0.3371561328125698, -0.003119270436571791], [0.05230437138779129, 0.9983753795405385, 0.022602085324449114, -0.004247886641858633], [0.33566721059148624, -0.03889261996666874, 0.9411773944617767, 0.005682101918458974], [0.0, 0.0, 0.0, 1.0]], "antennas": [-0.5098009379905983, 0.885174825217812], "body_yaw": 0.01850705210006624, "check_collision": false}, {"head": [[0.9393873497393534, -0.04183951813936523, -0.34029525690426443, -0.003185724853025211], [0.05270492264154634, 0.9983510823722106, 0.02274439393749849, -0.0039980351621286565], [0.338782523573785, -0.039301031132798925, 0.9400435259459407, 0.005629855025311107], [0.0, 0.0, 0.0, 1.0]], "antennas": [-0.5098009379905983, 0.890820993044889], "body_yaw": 0.01850705210006624, "check_collision": false}, {"head": [[0.9388279988110702, -0.04227007347700883, -0.3417824301169532, -0.003136026803120122], [0.05306411609643813, 0.9983423204654488, 0.022289251906859275, -0.003920175172091601], [0.34027369606142854, -0.03906215631416127, 0.939514746937366, 0.005634371660258378], [0.0, 0.0, 0.0, 1.0]], "antennas": [-0.5098009379905983, 0.890820993044889], "body_yaw": 0.01850705210006624, "check_collision": false}, {"head": [[0.9371241651949769, -0.04425564834692926, -0.34617876393131103, -0.0030119408298771], [0.054537080081510036, 0.9983112234768972, 0.02001019680671374, -0.004215570564175571], [0.3447085811287563, -0.03763161794891888, 0.937955145743519, 0.005734205959467723], [0.0, 0.0, 0.0, 1.0]], "antennas": [-0.5098009379905983, 0.890820993044889], "body_yaw": 0.01850705210006624, "check_collision": false}, {"head": [[0.9360749195963499, -0.04529988033408276, -0.3488719904841957, -0.0028633833705533312], [0.05543675198721294, 0.9982790825263029, 0.019121713300615052, -0.004231237720116977], [0.3474053992553875, -0.03723968625217536, 0.936975290141658, 0.005695260062528743], [0.0, 0.0, 0.0, 1.0]], "antennas": [-0.5098009379905983, 0.890820993044889], "body_yaw": 0.01850705210006624, "check_collision": false}, {"head": [[0.9346987765334611, -0.045770204287304835, -0.35248161022434876, -0.002978052638216985], [0.05609068580730147, 0.9982426579350802, 0.019116245561656302, -0.004123517033198255], [0.35098722499902746, -0.03763886659033899, 0.9356234732034447, 0.0056797366527724415], [0.0, 0.0, 0.0, 1.0]], "antennas": [-0.5098009379905983, 0.890820993044889], "body_yaw": 0.01850705210006624, "check_collision": false}, {"head": [[0.9332162859890292, -0.04588610488691706, -0.35637315968398775, -0.002902750989216212], [0.05647025543629689, 0.9982168159020166, 0.019346800805263478, -0.0041386753567534875], [0.3548499314017146, -0.03817923295125256, 0.9341433896118154, 0.005731708366655489], [0.0, 0.0, 0.0, 1.0]], "antennas": [-0.5098009379905983, 0.890820993044889], "body_yaw": 0.01850705210006624, "check_collision": false}, {"head": [[0.9314236408698221, -0.045179004365078934, -0.3611216675767122, -0.003046061254473901], [0.05649017098257103, 0.9981860097475997, 0.02082187615286271, -0.004114466460686009], [0.3595258847581981, -0.03979381244295955, 0.9322862171458344, 0.0057686303559024744], [0.0, 0.0, 0.0, 1.0]], "antennas": [-0.5098009379905983, 0.890820993044889], "body_yaw": 0.01850705210006624, "check_collision": false}, {"head": [[0.9297405917198114, -0.04442426590437526, -0.36552553495939527, -0.0030770874475593364], [0.05642846095709349, 0.9981593954985314, 0.022218235123878032, -0.004108956000251509], [0.3638657182292782, -0.041283238449321205, 0.9305360999556265, 0.005913422650699499], [0.0, 0.0, 0.0, 1.0]], "antennas": [-0.5098009379905983, 0.890820993044889], "body_yaw": 0.01850705210006624, "check_collision": false}, {"head": [[0.928746053890596, -0.04352533580702072, -0.36815256691422477, -0.0032208282359127995], [0.056102817743696694, 0.998147824023559, 0.02352435415164983, -0.004236390161731661], [0.3664467781600272, -0.042502547452132486, 0.9294677467433796, 0.006145052297123258], [0.0, 0.0, 0.0, 1.0]], "antennas": [-0.5098009379905983, 0.890820993044889], "body_yaw": 0.01850705210006624, "check_collision": false}, {"head": [[0.9293784362823753, -0.04263752987337863, -0.36665755579235476, -0.003306089455964801], [0.055321188500540616, 0.9981765251921415, 0.024149340741103503, -0.004191017663234287], [0.36495929673898525, -0.04272780829435338, 0.93004249694417, 0.006137809741194936], [0.0, 0.0, 0.0, 1.0]], "antennas": [-0.5098009379905983, 0.890820993044889], "body_yaw": 0.01850705210006624, "check_collision": false}, {"head": [[0.9311387207184086, -0.04193126822164746, -0.36224639615075505, -0.003291441339839035], [0.05425639902823125, 0.9982406356670142, 0.023913938772294023, -0.0045024347496983915], [0.3606063309807176, -0.0419213793718663, 0.931775548084508, 0.006109012017840313], [0.0, 0.0, 0.0, 1.0]], "antennas": [-0.5098009379905983, 0.890820993044889], "body_yaw": 0.01850705210006624, "check_collision": false}, {"head": [[0.9343298014244105, -0.04032508146887702, -0.35412103859379807, -0.0033293305492655347], [0.05215243658028047, 0.9983527335055222, 0.023915326901209108, -0.0044522746006997686], [0.3525733193662868, -0.04081307764161267, 0.9348937625016321, 0.005941042733159544], [0.0, 0.0, 0.0, 1.0]], "antennas": [-0.5098009379905983, 0.890820993044889], "body_yaw": 0.01850705210006624, "check_collision": false}, {"head": [[0.9373424725996851, -0.03899902656465986, -0.3462198217718289, -0.0033510731462936716], [0.0501592844013749, 0.9984687189603405, 0.02332945447364493, -0.0045683333257927426], [0.3447798359084388, -0.039233827046374625, 0.9378633011085595, 0.00580875010465021], [0.0, 0.0, 0.0, 1.0]], "antennas": [-0.5098009379905983, 0.890820993044889], "body_yaw": 0.01850705210006624, "check_collision": false}, {"head": [[0.9414302975331531, -0.03852207448963699, -0.3350000666621629, -0.0034452133691884814], [0.04858746717483203, 0.9985828735063934, 0.021714114608912108, -0.004474217145765463], [0.333688856451895, -0.0367191301194515, 0.9419678617464067, 0.005617576821935647], [0.0, 0.0, 0.0, 1.0]], "antennas": [-0.5098009379905983, 0.890820993044889], "body_yaw": 0.01850705210006624, "check_collision": false}, {"head": [[0.944523285899796, -0.03849285858346042, -0.32618102677980115, -0.003722587354127804], [0.04801931613635337, 0.9986213676550684, 0.02120163532647709, -0.004388618647363314], [0.32491523151561946, -0.03568842810763296, 0.9450695362926249, 0.005622962628798803], [0.0, 0.0, 0.0, 1.0]], "antennas": [-0.5098009379905983, 0.890820993044889], "body_yaw": 0.01850705210006624, "check_collision": false}, {"head": [[0.9474864842663311, -0.03917576142060164, -0.3173871797186254, -0.003894066561218476], [0.04796464029079775, 0.9986503444856818, 0.01992191608262183, -0.004303335677038162], [0.31617836012985023, -0.03409910813708689, 0.9480867552127565, 0.005523815650565814], [0.0, 0.0, 0.0, 1.0]], "antennas": [-0.5098009379905983, 0.890820993044889], "body_yaw": 0.01850705210006624, "check_collision": false}, {"head": [[0.9503525918955646, -0.04033492259993754, -0.30854990697817286, -0.004083469579114318], [0.04832945025195008, 0.9986636438568268, 0.018308213374024537, -0.004194494112367204], [0.30739911404512266, -0.0323113054125267, 0.9510319470064146, 0.0054976733564007264], [0.0, 0.0, 0.0, 1.0]], "antennas": [-0.5098009379905983, 0.890820993044889], "body_yaw": 0.01850705210006624, "check_collision": false}, {"head": [[0.9528282190557369, -0.041262371993925274, -0.30069220413656805, -0.00423658611743543], [0.048610750994336406, 0.998673213233472, 0.01699435370052487, -0.004087141116250517], [0.29959202235513416, -0.030809573631695265, 0.9535698140743518, 0.005432075369014248], [0.0, 0.0, 0.0, 1.0]], "antennas": [-0.5098009379905983, 0.890820993044889], "body_yaw": 0.01850705210006624, "check_collision": false}, {"head": [[0.9557387341504233, -0.041814906255221995, -0.29123012491741535, -0.004271813981218747], [0.04832996518395952, 0.998715609834182, 0.015210034150362798, -0.0038938572383158346], [0.29022006565684527, -0.028611960583031316, 0.9565321056826745, 0.005210147430902871], [0.0, 0.0, 0.0, 1.0]], "antennas": [-0.5098009379905983, 0.890820993044889], "body_yaw": 0.01850705210006624, "check_collision": false}, {"head": [[0.9595199245236249, -0.042463385182267485, -0.2784212193081545, -0.004363934450501768], [0.04772517727161632, 0.9987866684467156, 0.012144891415868813, -0.0037356919050112822], [0.27756768885547517, -0.024940967342363302, 0.960382281308572, 0.004979682897490959], [0.0, 0.0, 0.0, 1.0]], "antennas": [-0.5098009379905983, 0.890820993044889], "body_yaw": 0.01850705210006624, "check_collision": false}, {"head": [[0.9641877585692897, -0.04303901185132553, -0.26170519613486876, -0.004314380214315083], [0.046898908744267505, 0.9988633200903376, 0.008518223799842684, -0.003749904889289028], [0.26104110516109436, -0.020486855223991737, 0.9651102684042405, 0.004710415175758435], [0.0, 0.0, 0.0, 1.0]], "antennas": [-0.5098009379905983, 0.890820993044889], "body_yaw": 0.01850705210006624, "check_collision": false}, {"head": [[0.9685252871480041, -0.04290843221968566, -0.24518897732019734, -0.004298254410369893], [0.04556687758755786, 0.9989478747838775, 0.005177174103168041, -0.0036115201790078277], [0.24470886339034825, -0.016186720150253978, 0.9694614805493721, 0.004377564199856913], [0.0, 0.0, 0.0, 1.0]], "antennas": [-0.5098009379905983, 0.890820993044889], "body_yaw": 0.01850705210006624, "check_collision": false}, {"head": [[0.9713927418322614, -0.04176298444709563, -0.23377765985156204, -0.0043164583500129965], [0.04394227267936031, 0.9990255807773654, 0.004118934840481785, -0.0035493682165607474], [0.23337784339429854, -0.014273825083664114, 0.9722813585223706, 0.0042565859245099515], [0.0, 0.0, 0.0, 1.0]], "antennas": [-0.5098009379905983, 0.890820993044889], "body_yaw": 0.01850705210006624, "check_collision": false}, {"head": [[0.9739923259759812, -0.04012496781252963, -0.22299985627336444, -0.004358981212315588], [0.0420505760481095, 0.9991079053895541, 0.003891329094241877, -0.00343158355025556], [0.22264477984879838, -0.013167397090579257, 0.9748107106817911, 0.004094500112446501], [0.0, 0.0, 0.0, 1.0]], "antennas": [-0.5098009379905983, 0.890820993044889], "body_yaw": 0.01850705210006624, "check_collision": false}, {"head": [[0.9757649926047873, -0.03862803217435079, -0.21538466597535946, -0.0044649468138631505], [0.04033032285388387, 0.9991802274826935, 0.0035125583460923065, -0.003366476811286651], [0.21507241632873644, -0.012113964585160824, 0.9765229682893017, 0.0042687573301954974], [0.0, 0.0, 0.0, 1.0]], "antennas": [-0.5098009379905983, 0.890820993044889], "body_yaw": 0.01850705210006624, "check_collision": false}, {"head": [[0.9774544597969128, -0.0370491628468191, -0.2078704850513301, -0.004614636633872642], [0.03843145065258227, 0.999257820469693, 0.002613777132228161, -0.0032190397703828876], [0.2076193695777528, -0.010543612403190135, 0.9781528661787112, 0.004280800631691232], [0.0, 0.0, 0.0, 1.0]], "antennas": [-0.5098009379905983, 0.890820993044889], "body_yaw": 0.01850705210006624, "check_collision": false}, {"head": [[0.9789080684335257, -0.03585777677295013, -0.2011298421434407, -0.004599808462662517], [0.03699961268293622, 0.9993134364771734, 0.0019194628142659579, -0.003126192155353676], [0.2009229260613552, -0.009320703894230477, 0.9795627097138088, 0.004352413089412258], [0.0, 0.0, 0.0, 1.0]], "antennas": [-0.5098009379905983, 0.890820993044889], "body_yaw": 0.01850705210006624, "check_collision": false}, {"head": [[0.9798876681079907, -0.034963157935716145, -0.19646306390018242, -0.004707554348978552], [0.0360754647790033, 0.9993468940194443, 0.002084767293705473, -0.003038656704847051], [0.1962618626500418, -0.009130334104082965, 0.980509009784349, 0.004386069784952821], [0.0, 0.0, 0.0, 1.0]], "antennas": [-0.5098009379905983, 0.890820993044889], "body_yaw": 0.01850705210006624, "check_collision": false}, {"head": [[0.9808270286758644, -0.034561424403517005, -0.1917911566315689, -0.004645455417061942], [0.03558778372620443, 0.9993647322729718, 0.001908281537934031, -0.0030706962935741332], [0.19160336497131755, -0.00869711631353172, 0.9814339054156916, 0.004440164510349346], [0.0, 0.0, 0.0, 1.0]], "antennas": [-0.5098009379905983, 0.890820993044889], "body_yaw": 0.01850705210006624, "check_collision": false}, {"head": [[0.9818657356432164, -0.03368030413518145, -0.1865618242920216, -0.004784853200646861], [0.03466463779745265, 0.9993969683818649, 0.0020155583616794956, -0.0030146344841887555], [0.18638143699461293, -0.008446105759437203, 0.9824411551036142, 0.0044573349768488625], [0.0, 0.0, 0.0, 1.0]], "antennas": [-0.5098009379905983, 0.890820993044889], "body_yaw": 0.01850705210006624, "check_collision": false}, {"head": [[0.9834340714247951, -0.03209251615826396, -0.17840262769220125, -0.004787521550277726], [0.033081