{"description": "Just like boredom1, you start falling asleep, but now you snore. Also usable when no one talks to you for 2 minutes. You can follow with sleep1 if silence continues.", "time": [0.0, 0.010106325149536133, 0.020186901092529297, 0.030226469039916992, 0.040375471115112305, 0.05058455467224121, 0.06041574478149414, 0.07067322731018066, 0.08061695098876953, 0.09069585800170898, 0.1006934642791748, 0.11096954345703125, 0.12099719047546387, 0.13106966018676758, 0.14119529724121094, 0.1512451171875, 0.16128110885620117, 0.17137527465820312, 0.1813526153564453, 0.19142365455627441, 0.20156359672546387, 0.2114856243133545, 0.2215895652770996, 0.23155856132507324, 0.2417161464691162, 0.2517554759979248, 0.26178836822509766, 0.27193665504455566, 0.2819375991821289, 0.29207801818847656, 0.3021390438079834, 0.3121006488800049, 0.32224392890930176, 0.33225083351135254, 0.34244537353515625, 0.3524162769317627, 0.36245155334472656, 0.37273240089416504, 0.38253307342529297, 0.39281678199768066, 0.40277743339538574, 0.41295838356018066, 0.42305731773376465, 0.4330430030822754, 0.44315528869628906, 0.45301318168640137, 0.4630393981933594, 0.47313904762268066, 0.4831395149230957, 0.4933195114135742, 0.5033907890319824, 0.5133955478668213, 0.5234706401824951, 0.5334656238555908, 0.543609619140625, 0.5536701679229736, 0.5636744499206543, 0.5738649368286133, 0.583810567855835, 0.5938739776611328, 0.6039869785308838, 0.6139721870422363, 0.6240835189819336, 0.6341452598571777, 0.644195556640625, 0.654259204864502, 0.6643795967102051, 0.674485445022583, 0.684417724609375, 0.6944949626922607, 0.7046034336090088, 0.7146434783935547, 0.7247576713562012, 0.7347259521484375, 0.7447748184204102, 0.7548666000366211, 0.7650649547576904, 0.7749736309051514, 0.785029411315918, 0.7950694561004639, 0.8051366806030273, 0.8152122497558594, 0.8252744674682617, 0.8353631496429443, 0.8453996181488037, 0.8554842472076416, 0.8654842376708984, 0.8756177425384521, 0.8856608867645264, 0.8957183361053467, 0.905869722366333, 0.9157636165618896, 0.925879955291748, 0.936009407043457, 0.9459123611450195, 0.9560484886169434, 0.966026782989502, 0.9761905670166016, 0.9862470626831055, 0.996239185333252, 1.006368637084961, 1.0162804126739502, 1.026447057723999, 1.036607027053833, 1.0466723442077637, 1.0568299293518066, 1.0667638778686523, 1.0768191814422607, 1.0868163108825684, 1.0968892574310303, 1.1069459915161133, 1.1169183254241943, 1.1269874572753906, 1.1371362209320068, 1.147141456604004, 1.1573188304901123, 1.1679816246032715, 1.1773381233215332, 1.1873795986175537, 1.197481393814087, 1.2077090740203857, 1.2175798416137695, 1.227604866027832, 1.237823724746704, 1.247786045074463, 1.2577731609344482, 1.2679126262664795, 1.277991771697998, 1.2879576683044434, 1.2979938983917236, 1.3081400394439697, 1.3181617259979248, 1.328239917755127, 1.3383164405822754, 1.3483388423919678, 1.3584973812103271, 1.3684797286987305, 1.3785226345062256, 1.388594150543213, 1.3986408710479736, 1.4087233543395996, 1.4187979698181152, 1.4290173053741455, 1.4392127990722656, 1.4491078853607178, 1.4589838981628418, 1.4691259860992432, 1.4792258739471436, 1.489180088043213, 1.499267339706421, 1.509340763092041, 1.519423246383667, 1.5294346809387207, 1.539527177810669, 1.5495514869689941, 1.559701681137085, 1.5697236061096191, 1.579690933227539, 1.5897469520568848, 1.5998601913452148, 1.6098990440368652, 1.6199069023132324, 1.6299350261688232, 1.640169382095337, 1.650080680847168, 1.6602692604064941, 1.6704120635986328, 1.6802916526794434, 1.6904475688934326, 1.700425386428833, 1.71048903465271, 1.7206134796142578, 1.7306718826293945, 1.7406723499298096, 1.7508139610290527, 1.760812759399414, 1.770934820175171, 1.78092622756958, 1.7909250259399414, 1.8010501861572266, 1.8111369609832764, 1.8210742473602295, 1.8311305046081543, 1.8413536548614502, 1.8513193130493164, 1.8613781929016113, 1.8714683055877686, 1.8815217018127441, 1.8914852142333984, 1.9016480445861816, 1.9116415977478027, 1.9217638969421387, 1.931722640991211, 1.9420766830444336, 1.951967477798462, 1.9618802070617676, 1.972045660018921, 1.9820008277893066, 1.9921083450317383, 2.0022528171539307, 2.0121712684631348, 2.0222506523132324, 2.032275438308716, 2.0425267219543457, 2.0525808334350586, 2.062566041946411, 2.0726876258850098, 2.0828323364257812, 2.0927722454071045, 2.1033084392547607, 2.1131179332733154, 2.1233041286468506, 2.13325572013855, 2.1434268951416016, 2.153433084487915, 2.163572311401367, 2.173658609390259, 2.1835763454437256, 2.1935997009277344, 2.203718423843384, 2.2137386798858643, 2.2238717079162598, 2.233907699584961, 2.2438933849334717, 2.254002094268799, 2.264004707336426, 2.274188995361328, 2.284179210662842, 2.2941715717315674, 2.3042800426483154, 2.3143436908721924, 2.3243985176086426, 2.3344802856445312, 2.3445382118225098, 2.354656457901001, 2.3646161556243896, 2.3747918605804443, 2.3847708702087402, 2.3947601318359375, 2.4049558639526367, 2.4151089191436768, 2.4251785278320312, 2.435133457183838, 2.4451284408569336, 2.455249309539795, 2.4652841091156006, 2.4753687381744385, 2.4854631423950195, 2.4954473972320557, 2.5056235790252686, 2.5156006813049316, 2.5256435871124268, 2.5357537269592285, 2.5458037853240967, 2.5558502674102783, 2.5659117698669434, 2.575960636138916, 2.5860040187835693, 2.5961432456970215, 2.6061623096466064, 2.616159439086914, 2.6262879371643066, 2.6363749504089355, 2.646329641342163, 2.6565651893615723, 2.6666953563690186, 2.6765992641448975, 2.6868364810943604, 2.6966843605041504, 2.706885814666748, 2.7168524265289307, 2.7268505096435547, 2.7371954917907715, 2.747183322906494, 2.757274866104126, 2.767220973968506, 2.777181625366211, 2.7872307300567627, 2.7972872257232666, 2.8073952198028564, 2.8174242973327637, 2.8274261951446533, 2.8375794887542725, 2.8475584983825684, 2.8576958179473877, 2.867779493331909, 2.877748727798462, 2.887803792953491, 2.8979756832122803, 2.9080803394317627, 2.9180564880371094, 2.9280219078063965, 2.938246965408325, 2.9482059478759766, 2.9582653045654297, 2.9683494567871094, 2.9784657955169678, 2.9885141849517822, 2.9984941482543945, 3.0086379051208496, 3.0187389850616455, 3.0286808013916016, 3.038821220397949, 3.0490036010742188, 3.058993101119995, 3.0689921379089355, 3.078989028930664, 3.089103937149048, 3.099111318588257, 3.1092357635498047, 3.1192901134490967, 3.1292595863342285, 3.1394593715667725, 3.149394989013672, 3.159507989883423, 3.169703960418701, 3.1797666549682617, 3.189708948135376, 3.199777126312256, 3.2098746299743652, 3.219893217086792, 3.2298543453216553, 3.2400224208831787, 3.249971628189087, 3.2600181102752686, 3.270198106765747, 3.2801589965820312, 3.2902281284332275, 3.3003673553466797, 3.310342788696289, 3.3204448223114014, 3.330484628677368, 3.3405778408050537, 3.350731134414673, 3.3605971336364746, 3.3707194328308105, 3.3807172775268555, 3.390850305557251, 3.40090274810791, 3.410874128341675, 3.4209225177764893, 3.431065082550049, 3.4411842823028564, 3.4511752128601074, 3.46120548248291, 3.471381425857544, 3.4812850952148438, 3.4914379119873047, 3.5014681816101074, 3.511565923690796, 3.5215845108032227, 3.531616449356079, 3.5417392253875732, 3.551816940307617, 3.561824083328247, 3.5718789100646973, 3.581890106201172, 3.591961145401001, 3.602024793624878, 3.6121137142181396, 3.622133731842041, 3.632190227508545, 3.642298936843872, 3.652320146560669, 3.662428140640259, 3.672661542892456, 3.6824827194213867, 3.692579746246338, 3.702680826187134, 3.712714433670044, 3.7227895259857178, 3.7327733039855957, 3.742938756942749, 3.752952814102173, 3.7630224227905273, 3.7731025218963623, 3.783111333847046, 3.7932326793670654, 3.803316831588745, 3.8133082389831543, 3.823394298553467, 3.833422899246216, 3.8435420989990234, 3.853558301925659, 3.8636481761932373, 3.8738045692443848, 3.8838019371032715, 3.8938045501708984, 3.9038734436035156, 3.9138784408569336, 3.924013137817383, 3.9340310096740723, 3.9440553188323975, 3.9542202949523926, 3.9642367362976074, 3.9742989540100098, 3.984300374984741, 3.9944117069244385, 4.004554748535156, 4.014477491378784, 4.024562358856201, 4.034679889678955, 4.044758081436157, 4.054830551147461, 4.0648229122161865, 4.075040817260742, 4.08497166633606, 4.095072984695435, 4.105398178100586, 4.115394592285156, 4.1255271434783936, 4.135617733001709, 4.1455652713775635, 4.155675411224365, 4.16582179069519, 4.17582368850708, 4.185840606689453, 4.19579553604126, 4.205957651138306, 4.215924263000488, 4.226057529449463, 4.236126661300659, 4.246233224868774, 4.256245136260986, 4.2663068771362305, 4.2765278816223145, 4.28648042678833, 4.296473264694214, 4.306606769561768, 4.316620349884033, 4.3266379833221436, 4.336731910705566, 4.346786260604858, 4.356940031051636, 4.366918325424194, 4.376920700073242, 4.38698935508728, 4.397031784057617, 4.407261371612549, 4.417179346084595, 4.427168607711792, 4.437441349029541, 4.447390794754028, 4.457458257675171, 4.467571258544922, 4.477612257003784, 4.487625598907471, 4.497694253921509, 4.507782936096191, 4.517846584320068, 4.527850151062012, 4.537904977798462, 4.547970294952393, 4.558190107345581, 4.568139553070068, 4.578189373016357, 4.58823823928833, 4.598277807235718, 4.60849928855896, 4.618498802185059, 4.628562927246094, 4.6389079093933105, 4.648957014083862, 4.658755302429199, 4.668997049331665, 4.678849697113037, 4.688881874084473, 4.698918104171753, 4.7089855670928955, 4.719072580337524, 4.729182958602905, 4.739224195480347, 4.74919056892395, 4.759361505508423, 4.769486904144287, 4.779445648193359, 4.789480686187744, 4.799506187438965, 4.809621810913086, 4.819702625274658, 4.82972526550293, 4.839891672134399, 4.849876642227173, 4.859874486923218, 4.870006799697876, 4.879922389984131, 4.890052795410156, 4.900088787078857, 4.910180568695068, 4.920243978500366, 4.930312633514404, 4.940434694290161, 4.950438022613525, 4.960451126098633, 4.970655679702759, 4.980549573898315, 4.990667343139648, 5.000740051269531, 5.010782241821289, 5.020864009857178, 5.030908107757568, 5.041053056716919, 5.0511109828948975, 5.061051368713379, 5.0712244510650635, 5.081162929534912, 5.091687917709351, 5.101461410522461, 5.1113364696502686, 5.121495008468628, 5.13146185874939, 5.14162540435791, 5.151712417602539, 5.1616926193237305, 5.171927452087402, 5.181838274002075, 5.191906213760376, 5.202000856399536, 5.211991548538208, 5.2219953536987305, 5.2320075035095215, 5.242176532745361, 5.252208709716797, 5.26222562789917, 5.272422790527344, 5.282416105270386, 5.292488098144531, 5.302515745162964, 5.31255030632019, 5.322613716125488, 5.332732677459717, 5.342799663543701, 5.3528735637664795, 5.362804889678955, 5.373007297515869, 5.382923603057861, 5.393061399459839, 5.403175354003906, 5.413134336471558, 5.423216104507446, 5.433328866958618, 5.44336724281311, 5.453450441360474, 5.46347975730896, 5.473611354827881, 5.483565807342529, 5.493650436401367, 5.503803491592407, 5.5137646198272705, 5.5238096714019775, 5.5338850021362305, 5.543907403945923, 5.55402398109436, 5.564017295837402, 5.574183940887451, 5.584231615066528, 5.594222068786621, 5.604383945465088, 5.614343166351318, 5.624393939971924, 5.634648561477661, 5.644545555114746, 5.6546409130096436, 5.665082693099976, 5.674960374832153, 5.684807300567627, 5.694850444793701, 5.705035924911499, 5.714993238449097, 5.725026845932007, 5.735229969024658, 5.74515438079834, 5.755259990692139, 5.765285015106201, 5.775590419769287, 5.7855188846588135, 5.795416355133057, 5.805582523345947, 5.81560206413269, 5.8256614208221436, 5.835850954055786, 5.8457489013671875, 5.855860233306885, 5.865884065628052, 5.875958204269409, 5.886003732681274, 5.896035671234131, 5.906158685684204, 5.916134357452393, 5.926205158233643, 5.936442613601685, 5.946291208267212, 5.956470251083374, 5.966484069824219, 5.97671365737915, 5.9866554737091064, 5.996657133102417, 6.006805419921875, 6.016788482666016, 6.026877164840698, 6.036933422088623, 6.0470099449157715, 6.0572428703308105, 6.0672447681427, 6.07723331451416, 6.087219476699829, 6.097741603851318, 6.107873916625977, 6.117900133132935, 6.127978563308716, 6.138055086135864, 6.148002862930298, 6.158111333847046, 6.168202877044678, 6.178210735321045, 6.188312292098999, 6.198800325393677, 6.208436012268066, 6.218509197235107, 6.228564023971558, 6.238729476928711, 6.248614311218262, 6.258756637573242, 6.268805980682373, 6.278820037841797, 6.2889111042022705, 6.298916578292847, 6.309114933013916, 6.319107294082642, 6.329123497009277, 6.339187860488892, 6.349217414855957, 6.35930061340332, 6.369361877441406, 6.379449129104614, 6.38949990272522, 6.399542808532715, 6.409616708755493, 6.4196624755859375, 6.429706811904907, 6.439817667007446, 6.449873208999634, 6.459885597229004, 6.469949007034302, 6.479938983917236, 6.490068197250366, 6.500171899795532, 6.510356426239014, 6.520242214202881, 6.530247449874878, 6.5403711795806885, 6.550444841384888, 6.560447931289673, 6.570585250854492, 6.580634355545044, 6.5907769203186035, 6.600768327713013, 6.610833168029785, 6.620874643325806, 6.6308698654174805, 6.641023874282837, 6.65101432800293, 6.661046504974365, 6.671370506286621, 6.681180477142334, 6.69134783744812, 6.701354265213013, 6.711579084396362, 6.721485137939453, 6.731551647186279, 6.741701602935791, 6.75173807144165, 6.761719226837158, 6.77187705039978, 6.781862735748291, 6.791916131973267, 6.802138090133667, 6.811980247497559, 6.822084903717041, 6.832155227661133, 6.842219591140747, 6.852330446243286, 6.862332105636597, 6.87257981300354, 6.882442951202393, 6.892489433288574, 6.902582406997681, 6.91262412071228, 6.922748804092407, 6.9327216148376465, 6.942877769470215, 6.952919244766235, 6.96288275718689, 6.973196268081665, 6.983042240142822, 6.993149280548096, 7.003292083740234, 7.013248443603516, 7.0233235359191895, 7.03339958190918, 7.043508768081665, 7.053582668304443, 7.06367301940918, 7.07402777671814, 7.083741664886475, 7.093799829483032, 7.103906631469727, 7.113882541656494, 7.124037981033325, 7.1341259479522705, 7.1440818309783936, 7.154130458831787, 7.16430139541626, 7.174352169036865, 7.184402227401733, 7.194433927536011, 7.204594373703003, 7.214494705200195, 7.2245635986328125, 7.234651565551758, 7.244818449020386, 7.254777193069458, 7.26484489440918, 7.27498722076416, 7.285168886184692, 7.294972896575928, 7.305115699768066, 7.315066576004028, 7.325132608413696, 7.335322141647339, 7.345271110534668, 7.355332851409912, 7.36540412902832, 7.3755340576171875, 7.385540246963501, 7.395591735839844, 7.4057416915893555, 7.415750980377197, 7.425856590270996, 7.435950040817261, 7.445820569992065, 7.4559547901153564, 7.465959548950195, 7.4760942459106445, 7.486117362976074, 7.496169090270996, 7.506815195083618, 7.516500949859619, 7.52637791633606, 7.5364296436309814, 7.546422958374023, 7.5567028522491455, 7.566683530807495, 7.576783895492554, 7.58674693107605, 7.597100734710693, 7.607089996337891, 7.617123365402222, 7.627090692520142, 7.637133598327637, 7.647176027297974, 7.657207727432251, 7.667408466339111, 7.677367210388184, 7.68740177154541, 7.697386980056763, 7.707591772079468, 7.7175493240356445, 7.7275378704071045, 7.737675189971924, 7.747745752334595, 7.757823467254639, 7.76785135269165, 7.777932643890381, 7.788054466247559, 7.798074960708618, 7.808130264282227, 7.81816029548645, 7.828155279159546, 7.838335037231445, 7.848371982574463, 7.858832597732544, 7.868616580963135, 7.878535270690918, 7.8886940479278564, 7.898741245269775, 7.908854007720947, 7.9190356731414795, 7.928834915161133, 7.939063787460327, 7.949037790298462, 7.959083080291748, 7.969162702560425, 7.9792516231536865, 7.989312648773193, 7.9992995262146, 8.009460687637329, 8.019530057907104, 8.029499292373657, 8.039644718170166, 8.04969835281372, 8.059794902801514, 8.069849252700806, 8.079844951629639, 8.0899658203125, 8.100180864334106, 8.110157489776611, 8.120550870895386, 8.130206108093262, 8.140288591384888, 8.150240421295166, 8.16028356552124, 8.17048692703247, 8.180400609970093, 8.190496444702148, 8.200536966323853, 8.210603952407837, 8.220678567886353, 8.230682134628296, 8.240894794464111, 8.250858068466187, 8.26085615158081, 8.271048069000244, 8.281067609786987, 8.291055679321289, 8.301112651824951, 8.31115436553955, 8.32127070426941, 8.331296682357788, 8.34134554862976, 8.3514404296875, 8.361478328704834, 8.371589660644531, 8.381595134735107, 8.39168667793274, 8.401761054992676, 8.41178274154663, 8.42186427116394, 8.431802034378052, 8.441975831985474, 8.45200800895691, 8.461998224258423, 8.472162008285522, 8.48218059539795, 8.492240905761719, 8.502330780029297, 8.512345314025879, 8.522468566894531, 8.532491207122803, 8.54257607460022, 8.552677392959595, 8.562662124633789, 8.572734355926514, 8.582754135131836, 8.592892408370972, 8.602944135665894, 8.612927675247192, 8.623056173324585, 8.633049488067627, 8.64319634437561, 8.653148651123047, 8.663183450698853, 8.67356562614441, 8.683345556259155, 8.693408727645874, 8.703505992889404, 8.713529109954834, 8.723634958267212, 8.733795881271362, 8.74370527267456, 8.753797769546509, 8.763878107070923, 8.773916006088257, 8.783977746963501, 8.793951272964478, 8.804064512252808, 8.814047813415527, 8.824181318283081, 8.835506677627563, 8.844417095184326, 8.854379177093506, 8.864397048950195, 8.87463641166687, 8.884639024734497, 8.894604206085205, 8.904713869094849, 8.914758920669556, 8.924839496612549, 8.934872150421143, 8.944920063018799, 8.955657482147217, 8.96530795097351, 8.975180387496948, 8.985166072845459, 8.995190620422363, 9.005387544631958, 9.015303134918213, 9.025350093841553, 9.03553295135498, 9.045672416687012, 9.055683374404907, 9.065749168395996, 9.07594108581543, 9.085875034332275, 9.095895528793335, 9.105985879898071, 9.115952014923096, 9.126105070114136, 9.136111974716187, 9.146181583404541, 9.156307935714722, 9.166761636734009, 9.176410675048828, 9.186468601226807, 9.196533203125, 9.206696510314941, 9.21664571762085, 9.226680040359497, 9.236835479736328, 9.246808052062988, 9.256872415542603, 9.26691484451294, 9.276989221572876, 9.287077903747559, 9.297125101089478, 9.30717396736145, 9.317254304885864, 9.327295780181885, 9.33736777305603, 9.347343921661377, 9.357742309570312, 9.367597579956055, 9.37761640548706, 9.387666940689087, 9.39773416519165, 9.407926082611084, 9.417866706848145, 9.427835941314697, 9.437986612319946, 9.448019027709961, 9.457996129989624, 9.468115329742432, 9.478202819824219, 9.48832631111145, 9.498439311981201, 9.508363485336304, 9.51854681968689, 9.528516054153442, 9.538573503494263, 9.548632144927979, 9.55875539779663, 9.568803310394287, 9.578816413879395, 9.588895797729492, 9.59888243675232, 9.60908055305481, 9.619037628173828, 9.629085540771484, 9.639548301696777, 9.649292230606079, 9.659259796142578, 9.669639587402344, 9.679441928863525, 9.689464092254639, 9.699511289596558, 9.709620952606201, 9.719677686691284, 9.729706525802612, 9.739978313446045, 9.749871492385864, 9.759932041168213, 9.76998496055603, 9.779919385910034, 9.789981365203857, 9.800179481506348, 9.810154676437378, 9.820177555084229, 9.830187559127808, 9.84041142463684, 9.850375652313232, 9.860341787338257, 9.870679378509521, 9.880616426467896, 9.890610218048096, 9.900672435760498, 9.910728693008423, 9.920818567276001, 9.930913209915161, 9.940997838973999, 9.951128005981445, 9.961060047149658, 9.971157550811768, 9.981163740158081, 9.991268396377563, 10.001355648040771, 10.011358737945557, 10.021484136581421, 10.031514644622803, 10.041805744171143, 10.051748037338257, 10.061664342880249, 10.071838855743408, 10.081782341003418, 10.09305453300476, 10.102723598480225, 10.112765073776245, 10.122846603393555, 10.13274884223938, 10.142906904220581, 10.15293025970459, 10.162882566452026, 10.173032760620117, 10.182963609695435, 10.193223476409912, 10.203190326690674, 10.213223934173584, 10.22324800491333, 10.233279943466187, 10.243387937545776, 10.253403425216675, 10.263481378555298, 10.273682594299316, 10.283629417419434, 10.2936851978302, 10.30376672744751, 10.313775777816772, 10.32382869720459, 10.334714412689209, 10.344013452529907, 10.354018688201904, 10.364061832427979, 10.374130964279175, 10.384211778640747, 10.394383907318115, 10.404668807983398, 10.414836406707764, 10.424434423446655, 10.434497594833374, 10.444687366485596, 10.454624652862549, 10.464699983596802, 10.47489595413208, 10.484834432601929, 10.49485182762146, 10.50498342514038, 10.514962673187256, 10.52506709098816, 10.535146474838257, 10.545162200927734, 10.555264234542847, 10.56527829170227, 10.575385808944702, 10.58550500869751, 10.595485925674438, 10.605679512023926, 10.615655183792114, 10.62567925453186, 10.635779857635498, 10.645807027816772, 10.655903577804565, 10.665966272354126, 10.676210880279541, 10.686075448989868, 10.696073055267334, 10.70622181892395, 10.716211795806885, 10.726290225982666, 10.736492156982422, 10.746411323547363, 10.756514310836792, 10.766585111618042, 10.776660680770874, 10.786714553833008, 10.796798467636108, 10.806926250457764, 10.81683611869812, 10.826954364776611, 10.8370943069458, 10.847094774246216, 10.857125520706177, 10.867291450500488, 10.877277135848999, 10.887372970581055, 10.897330522537231, 10.907482385635376, 10.917484045028687, 10.927489995956421, 10.937655448913574, 10.94765591621399, 10.957751512527466, 10.967778205871582, 10.977861642837524, 10.988028764724731, 10.997986078262329, 11.008050203323364, 11.018094778060913, 11.028149843215942, 11.038280010223389, 11.049355030059814, 11.058778762817383, 11.068838596343994, 11.078541040420532, 11.08857250213623, 11.098633289337158, 11.108718633651733, 11.118786573410034, 11.12878942489624, 11.138905763626099, 11.14890742301941, 11.158980131149292, 11.169243335723877, 11.179080963134766, 11.189208269119263, 11.19922661781311, 11.209419250488281, 11.219418287277222, 11.229518175125122, 11.239557981491089, 11.24961233139038, 11.259575843811035, 11.26973295211792, 11.27977967262268, 11.289818048477173, 11.299818515777588, 11.309863805770874, 11.319928884506226, 11.32993745803833, 11.340180158615112, 11.350111484527588, 11.36021375656128, 11.370378732681274, 11.38025188446045, 11.390370607376099, 11.400474548339844, 11.410547733306885, 11.420555353164673, 11.430548667907715, 11.440775156021118, 11.45076060295105, 11.460780620574951, 11.470988035202026, 11.48095417022705, 11.491170883178711, 11.501060247421265, 11.511075019836426, 11.521233320236206, 11.531249761581421, 11.541377782821655, 11.551435947418213, 11.56149697303772, 11.571629762649536, 11.581530809402466, 11.591626167297363, 11.601689577102661, 11.611747741699219, 11.621800184249878, 11.631823778152466, 11.642035245895386, 11.651952266693115, 11.66211199760437, 11.672315835952759, 11.682318210601807, 11.692275285720825, 11.702399253845215, 11.71232008934021, 11.722447633743286, 11.732471227645874, 11.742572546005249, 11.752664566040039, 11.762633562088013, 11.772775888442993, 11.78291630744934, 11.793034076690674, 11.802939414978027, 11.81294059753418, 11.823057889938354, 11.834256172180176, 11.843142986297607, 11.853200674057007, 11.8632333278656, 11.873486757278442, 11.883373022079468, 11.893422603607178, 11.903539419174194, 11.913569450378418, 11.92368221282959, 11.933741569519043, 11.943834066390991, 11.953871488571167, 11.963959217071533, 11.973969221115112, 11.98396611213684, 11.994017124176025, 12.004176378250122, 12.014150381088257, 12.024221897125244, 12.034311056137085, 12.044488668441772, 12.054537534713745, 12.06448745727539, 12.07466745376587, 12.084648370742798, 12.094790935516357, 12.104790925979614, 12.115132093429565, 12.125299453735352, 12.135395050048828, 12.145355463027954, 12.155446767807007, 12.16551160812378, 12.175598859786987, 12.185632705688477, 12.195641040802002, 12.20582628250122, 12.215820074081421, 12.225867748260498, 12.235893249511719, 12.24587869644165, 12.256051778793335, 12.266117334365845, 12.27620244026184, 12.286197900772095, 12.296185731887817, 12.30633020401001, 12.316324234008789, 12.326432228088379, 12.336503267288208, 12.34653377532959, 12.356620073318481, 12.366660118103027, 12.376760244369507, 12.386806964874268, 12.396814107894897, 12.406870365142822, 12.416966199874878, 12.427216053009033, 12.437349557876587, 12.447366952896118, 12.457204580307007, 12.467275857925415, 12.477409839630127, 12.487352132797241, 12.497430562973022, 12.507562637329102, 12.517646551132202, 12.527596473693848, 12.537757873535156, 12.54774785041809, 12.557837724685669, 12.567909955978394, 12.57788634300232, 12.587990522384644, 12.597991704940796, 12.608338356018066, 12.61934781074524, 12.628366470336914, 12.63850450515747, 12.648471593856812, 12.658447504043579, 12.668657302856445, 12.678739786148071, 12.688677549362183, 12.698805570602417, 12.70877480506897, 12.718892574310303, 12.728883743286133, 12.738951921463013, 12.748966217041016, 12.75913119316101, 12.76915431022644, 12.779184818267822, 12.789258480072021, 12.799302577972412, 12.809502363204956, 12.81940770149231, 12.829461336135864, 12.839675903320312, 12.849590539932251, 12.859678030014038, 12.869842529296875, 12.879783630371094, 12.890023946762085, 12.89993143081665, 12.910040855407715, 12.920172691345215, 12.930131196975708, 12.940244913101196, 12.950303792953491, 12.960358142852783, 12.970533847808838, 12.98041820526123, 12.990548133850098, 13.000624895095825, 13.010726690292358, 13.020726680755615, 13.03076171875, 13.041067600250244, 13.051365852355957, 13.060932874679565, 13.07108473777771, 13.081082105636597, 13.091201782226562, 13.101290702819824, 13.111279964447021, 13.121383428573608, 13.131380319595337, 13.141483783721924, 13.151611804962158, 13.162862300872803, 13.172873258590698, 13.182708978652954, 13.192200422286987, 13.202337265014648, 13.212149858474731, 13.22201657295227, 13.232040405273438, 13.242156744003296, 13.25222635269165, 13.262298345565796, 13.27238655090332, 13.28235125541687, 13.292473793029785, 13.30252742767334, 13.312581062316895, 13.32265591621399, 13.332709789276123, 13.342827558517456, 13.352993965148926, 13.362854719161987, 13.373040914535522, 13.382962226867676, 13.393069505691528, 13.40325927734375, 13.413313627243042, 13.423262119293213, 13.433334589004517, 13.443411111831665, 13.45348072052002, 13.46351408958435, 13.473650217056274, 13.483638048171997, 13.49376630783081, 13.50384783744812, 13.513882637023926, 13.52390456199646, 13.534015417098999, 13.544042587280273, 13.55411434173584, 13.56408977508545, 13.574271202087402, 13.584293603897095, 13.594418048858643, 13.60450530052185, 13.614502906799316, 13.624591588973999, 13.634689807891846, 13.644594430923462, 13.654710531234741, 13.66485595703125, 13.67499828338623, 13.684924602508545, 13.69491457939148, 13.705111265182495, 13.71502161026001, 13.72515344619751, 13.73520278930664, 13.745291471481323, 13.755328178405762, 13.765403270721436, 13.775513648986816, 13.785565376281738, 13.795583486557007, 13.805676698684692, 13.815714120864868, 13.825782299041748, 13.835867166519165, 13.845814228057861, 13.856025218963623, 13.866030931472778, 13.8760666847229, 13.886118650436401, 13.897651195526123, 13.906338453292847, 13.91624140739441, 13.92635202407837, 13.936477899551392, 13.946489334106445, 13.956578254699707, 13.966691017150879, 13.976701974868774, 13.986775398254395, 13.99683666229248, 14.006972551345825, 14.016875982284546, 14.026992082595825, 14.037127494812012, 14.047188758850098, 14.057311773300171, 14.068079710006714, 14.077383518218994, 14.087363719940186, 14.097465991973877, 14.107532262802124, 14.117565155029297, 14.127894163131714, 14.137745141983032, 14.147698402404785, 14.157918214797974, 14.167898893356323, 14.17793583869934, 14.18795132637024], "set_target_data": [{"head": [[0.9991219592402744, 0.04073454701625894, 0.009798328595015046, -0.010935579237687633], [-0.04058785476497937, 0.9990673756930321, -0.014731085208327145, 0.004320097105030981], [-0.010389254518618794, 0.014320457577125228, 0.9998434816936745, 0.0011479724434914056], [0.0, 0.0, 0.0, 1.0]], "antennas": [-0.0, 0.16335164336273528], "body_yaw": -0.0, "check_collision": false}, {"head": [[0.9991225378608166, 0.04069806580089886, 0.009890489301697255, -0.010909603159274453], [-0.040551197793841275, 0.9990704650364943, -0.01462211507436773, 0.004303409084058076], [-0.010476387547530079, 0.014208213534044193, 0.9998441738451673, 0.001159745239017627], [0.0, 0.0, 0.0, 1.0]], "antennas": [-0.0, 0.16335164336273528], "body_yaw": -0.0, "check_collision": false}, {"head": [[0.9991256365252825, 0.04057093309322582, 0.010097614861631231, -0.01089127239837113], [-0.040423889167300026, 0.9990793738372468, -0.014363633160330479, 0.004303882741139282], [-0.010671064733131617, 0.013942889260110183, 0.9998458502271944, 0.0011200165625644392], [0.0, 0.0, 0.0, 1.0]], "antennas": [-0.0, 0.16335164336273528], "body_yaw": -0.0, "check_collision": false}, {"head": [[0.9991274541471824, 0.04049361172513592, 0.010227305550522167, -0.010877168670878306], [-0.04034540036516793, 0.9990833930000318, -0.01430463214899854, 0.004281546616391468], [-0.01079717735077619, 0.01387952596444813, 0.999845377906133, 0.0011385139456389064], [0.0, 0.0, 0.0, 1.0]], "antennas": [-0.0, 0.16335164336273528], "body_yaw": -0.0, "check_collision": false}, {"head": [[0.9991342262469942, 0.04030473228715101, 0.010311474049880599, -0.010886032407777264], [-0.04015646899881624, 0.9990924578872614, -0.014202766995837942, 0.004423698666120898], [-0.010874554674439952, 0.013776398224936759, 0.9998459655929911, 0.00108946857200287], [0.0, 0.0, 0.0, 1.0]], "antennas": [-0.0, 0.16335164336273528], "body_yaw": -0.0, "check_collision": false}, {"head": [[0.9991364669547457, 0.04020699506344273, 0.0104746336049108, -0.010867614155495196], [-0.040056251675867904, 0.9990961760297896, -0.014224195735843534, 0.004405228219600238], [-0.011037078547712012, 0.013792338112892655, 0.9998439649797921, 0.0011014380452496458], [0.0, 0.0, 0.0, 1.0]], "antennas": [-0.0, 0.16335164336273528], "body_yaw": -0.0, "check_collision": false}, {"head": [[0.9991351481027669, 0.04019242798987345, 0.010654790375245322, -0.010892131869931456], [-0.04004048099609052, 0.9990984267208286, -0.014110053350943227, 0.004513054474544285], [-0.011212301604188887, 0.01367122731299527, 0.999843678700072, 0.0011215509912195758], [0.0, 0.0, 0.0, 1.0]], "antennas": [-0.0, 0.16335164336273528], "body_yaw": -0.0, "check_collision": false}, {"head": [[0.999134527320478, 0.04016941515582328, 0.01079881484811641, -0.010943761916311101], [-0.04001580398444455, 0.9990997928437391, -0.014083301142699697, 0.004576479773227272], [-0.011354811648076585, 0.013638989172096676, 0.9998425107119621, 0.0010835730115699143], [0.0, 0.0, 0.0, 1.0]], "antennas": [-0.0, 0.16335164336273528], "body_yaw": -0.0, "check_collision": false}, {"head": [[0.9991385618135843, 0.04004198157832788, 0.010898348882462109, -0.010942095678270595], [-0.03988643515545403, 0.9991042484378032, -0.014134109244052308, 0.004565131728601556], [-0.011454544411401691, 0.013687237296616667, 0.9998407137877082, 0.001094488961253746], [0.0, 0.0, 0.0, 1.0]], "antennas": [-0.0, 0.16335164336273528], "body_yaw": -0.0, "check_collision": false}, {"head": [[0.9991419559731297, 0.039943062856615794, 0.010950047662958701, -0.01094607433355092], [-0.039786915922232755, 0.9991083440743612, -0.01412508840273343, 0.004554894587584381], [-0.011504483281999633, 0.01367729982928987, 0.9998402764110845, 0.0011101580242798264], [0.0, 0.0, 0.0, 1.0]], "antennas": [-0.0, 0.16335164336273528], "body_yaw": -0.0, "check_collision": false}, {"head": [[0.9991483979284508, 0.03976638198605295, 0.011005170636982252, -0.01093424061550158], [-0.039609479206547366, 0.9991153848230844, -0.01412575544195389, 0.004524163566841207], [-0.011557165482758537, 0.013677816841847275, 0.9998396617720486, 0.0010554024660174282], [0.0, 0.0, 0.0, 1.0]], "antennas": [-0.0, 0.16335164336273528], "body_yaw": -0.0, "check_collision": false}, {"head": [[0.9991489230357606, 0.03974822388361013, 0.011023080085802972, -0.010935039119958306], [-0.03959164231622728, 0.9991167814166357, -0.014076894201714825, 0.0045085742644015315], [-0.011572875838940932, 0.013628491837351472, 0.9998401536020923, 0.001065858974678589], [0.0, 0.0, 0.0, 1.0]], "antennas": [-0.0, 0.16335164336273528], "body_yaw": -0.0, "check_collision": false}, {"head": [[0.9991501398508912, 0.03965784970209914, 0.011236235710849468, -0.01088651850982718], [-0.039498028083185435, 0.9991200818949403, -0.014105592216824456, 0.0044966479658158694], [-0.011785746199708699, 0.013649795282463377, 0.999837376414416, 0.0010076214285480427], [0.0, 0.0, 0.0, 1.0]], "antennas": [-0.0, 0.16335164336273528], "body_yaw": -0.0, "check_collision": false}, {"head": [[0.9991540678725758, 0.039497897222621925, 0.01144835222533395, -0.010861925245541157], [-0.03933593108488609, 0.999127352785426, -0.014043412750181897, 0.004502202132159032], [-0.011993047126114592, 0.013581201381986603, 0.9998358454214635, 0.000997985734334626], [0.0, 0.0, 0.0, 1.0]], "antennas": [-0.0, 0.16335164336273528], "body_yaw": -0.0, "check_collision": false}, {"head": [[0.9991501094592092, 0.03952259970984962, 0.011705677247589155, -0.01083212410411932], [-0.039357074937044274, 0.9991264465977476, -0.014048642687376886, 0.004495937531081025], [-0.01225069059480376, 0.01357600166222372, 0.9998327924002179, 0.0009875349180568076], [0.0, 0.0, 0.0, 1.0]], "antennas": [-0.0, 0.16335164336273528], "body_yaw": -0.0, "check_collision": false}, {"head": [[0.999152143759211, 0.03942898577270124, 0.01184688576418041, -0.01083134163816294], [-0.039261095606475775, 0.9991297109541966, -0.014084994155597302, 0.004489726801690757], [-0.012391932583442582, 0.013607930390774514, 0.9998306177734946, 0.0009551125093685258], [0.0, 0.0, 0.0, 1.0]], "antennas": [-0.0, 0.16335164336273528], "body_yaw": -0.0, "check_collision": false}, {"head": [[0.9991491794826447, 0.03941177541807539, 0.01215027150118835, -0.010802782824095553], [-0.039240105772270994, 0.9991309209615189, -0.014057627024775098, 0.004486196767238522], [-0.01269374799412632, 0.013568888568408655, 0.9998273621105193, 0.0009477828687101102], [0.0, 0.0, 0.0, 1.0]], "antennas": [-0.0, 0.16335164336273528], "body_yaw": -0.0, "check_collision": false}, {"head": [[0.9991481210396154, 0.03936857796219817, 0.012375269380510687, -0.010773464928499487], [-0.03919487929341872, 0.9991338069411406, -0.013978457156555761, 0.004479623275305818], [-0.012914861988430885, 0.013481502013412798, 0.9998257125335804, 0.0009477007689938626], [0.0, 0.0, 0.0, 1.0]], "antennas": [-0.0, 0.16335164336273528], "body_yaw": -0.0, "check_collision": false}, {"head": [[0.999149309955645, 0.03926708003247877, 0.012599715904777598, -0.01072982993111612], [-0.03909051893928266, 0.9991380676183621, -0.013966143522914578, 0.004459902420858513], [-0.013137265477099206, 0.013461733230456312, 0.9998230813470032, 0.0009345237615224749], [0.0, 0.0, 0.0, 1.0]], "antennas": [-0.0, 0.16335164336273528], "body_yaw": -0.0, "check_collision": false}, {"head": [[0.9991551102071785, 0.03901560090449362, 0.012916990088337379, -0.01067141594548563], [-0.03883405334241793, 0.999147320858894, -0.014019540701909382, 0.004408370614325431], [-0.013452956845213183, 0.013506076652956316, 0.999818285412687, 0.0009800727164080963], [0.0, 0.0, 0.0, 1.0]], "antennas": [-0.0, 0.16335164336273528], "body_yaw": -0.0, "check_collision": false}, {"head": [[0.9991583310550234, 0.03884868329169496, 0.01316849611161577, -0.010640694618598947], [-0.03866344980402688, 0.9991536395839169, -0.014040732013100124, 0.004395025473582713], [-0.013702814768928043, 0.013519774876593981, 0.9998147071106198, 0.0009742437245214824], [0.0, 0.0, 0.0, 1.0]], "antennas": [-0.0, 0.16335164336273528], "body_yaw": -0.0, "check_collision": false}, {"head": [[0.999158729441114, 0.0387544769806346, 0.013413571320703487, -0.0106058123306669], [-0.038565292029455536, 0.9991567885608944, -0.014086522756249387, 0.0043796195003167355], [-0.013948176665820867, 0.013557373884236622, 0.9998108050931743, 0.0009667441688083738], [0.0, 0.0, 0.0, 1.0]], "antennas": [-0.0, 0.16335164336273528], "body_yaw": -0.0, "check_collision": false}, {"head": [[0.9991639771726767, 0.038646302991029134, 0.01333454107211633, -0.01063839722955873], [-0.0384583306150879, 0.999161054048829, -0.01407639436550583, 0.00435274056896174], [-0.013867354714543713, 0.013551801989337947, 0.9998120048969519, 0.0010459869790420111], [0.0, 0.0, 0.0, 1.0]], "antennas": [-0.0, 0.16335164336273528], "body_yaw": -0.0, "check_collision": false}, {"head": [[0.9991611844263084, 0.03862351924545096, 0.01360703115721228, -0.010619985429876787], [-0.03843216729291826, 0.9991623717687661, -0.014054300359102033, 0.004333629003686421], [-0.01413846006417284, 0.013519563695289541, 0.9998086443637619, 0.0010487180481869567], [0.0, 0.0, 0.0, 1.0]], "antennas": [-0.0, 0.16335164336273528], "body_yaw": -0.0, "check_collision": false}, {"head": [[0.9991601449135581, 0.03862004069732101, 0.013692964356003479, -0.010696029884610712], [-0.03842755266460365, 0.9991625747543318, -0.014052487555713877, 0.004418087515485761], [-0.014224205163263993, 0.013514498393638184, 0.9998074966315474, 0.0010636740385329118], [0.0, 0.0, 0.0, 1.0]], "antennas": [-0.0, 0.16335164336273528], "body_yaw": -0.0, "check_collision": false}, {"head": [[0.999164493822001, 0.03848101265792859, 0.013766842421005402, -0.010717438726826735], [-0.03828719139985202, 0.9991676341379835, -0.014075861103881137, 0.004421488725122132], [-0.014297036760656093, 0.013537006904223553, 0.9998061533036989, 0.0010449419119281638], [0.0, 0.0, 0.0, 1.0]], "antennas": [-0.0, 0.16335164336273528], "body_yaw": -0.0, "check_collision": false}, {"head": [[0.9991661809845467, 0.03840969987378137, 0.013843328081129513, -0.010707615546517618], [-0.03821489563247088, 0.9991704535617174, -0.014072188211890883, 0.004404550989496313], [-0.01437235292341193, 0.013531433215944355, 0.9998051489098098, 0.0010539657349828407], [0.0, 0.0, 0.0, 1.0]], "antennas": [-0.0, 0.16335164336273528], "body_yaw": -0.0, "check_collision": false}, {"head": [[0.9991681733458043, 0.038323452720331684, 0.013938233187940116, -0.01070065458503762], [-0.03812799983051635, 0.9991743915145316, -0.014028220503323644, 0.004385801015662976], [-0.014464335509557225, 0.013485114502970567, 0.9998044482223055, 0.001060245865343144], [0.0, 0.0, 0.0, 1.0]], "antennas": [-0.0, 0.16335164336273528], "body_yaw": -0.0, "check_collision": false}, {"head": [[0.9991682416027858, 0.03817287910437613, 0.014340720807539353, -0.010688327557101912], [-0.037973276432747276, 0.9991814866605502, -0.013942273551150436, 0.004328317911448125], [-0.01486119945896926, 0.013386112792578467, 0.9997999583591436, 0.0010610163391184795], [0.0, 0.0, 0.0, 1.0]], "antennas": [-0.0, 0.16335164336273528], "body_yaw": -0.0, "check_collision": false}, {"head": [[0.9991668756326869, 0.03817360280610869, 0.014433665065266596, -0.010678867748567397], [-0.037975209779476014, 0.9991836894655082, -0.013778176523037531, 0.004307956573623354], [-0.014947845350405376, 0.013218576129698853, 0.999800895760993, 0.001069813198174006], [0.0, 0.0, 0.0, 1.0]], "antennas": [-0.0, 0.16335164336273528], "body_yaw": -0.0, "check_collision": false}, {"head": [[0.9991695975482118, 0.03804446526848114, 0.0145854035864672, -0.010685322511084604], [-0.037845309493888854, 0.9991897520644243, -0.013695689787163134, 0.004259171887405868], [-0.015094630987757344, 0.013132327739961813, 0.9997998270071233, 0.001089195121543483], [0.0, 0.0, 0.0, 1.0]], "antennas": [-0.0, 0.16335164336273528], "body_yaw": -0.0, "check_collision": false}, {"head": [[0.9991691652149305, 0.03796791505914826, 0.014812721213905875, -0.01068663188853914], [-0.03776623154064791, 0.9991931541829858, -0.013665737780108189, 0.004188108319876174], [-0.015319629203011576, 0.013094963150685394, 0.9997968948247264, 0.0010861501269253653], [0.0, 0.0, 0.0, 1.0]], "antennas": [-0.0, 0.16335164336273528], "body_yaw": -0.0, "check_collision": false}, {"head": [[0.999169547344885, 0.03789135378003093, 0.014982021470244588, -0.01067069