{"description": "You\u2019re about to fall asleep because the conversation is boring. Use it when no one talks to you for 2 minutes. You can follow with boredom2 if there is still no interaction.", "time": [0.0, 0.009986400604248047, 0.020035505294799805, 0.03007030487060547, 0.04024386405944824, 0.05022549629211426, 0.060199737548828125, 0.07039403915405273, 0.08040046691894531, 0.0904238224029541, 0.10048270225524902, 0.11054086685180664, 0.12061285972595215, 0.13065481185913086, 0.14070725440979004, 0.15087461471557617, 0.1608734130859375, 0.1708536148071289, 0.18095803260803223, 0.19107818603515625, 0.20104527473449707, 0.21111655235290527, 0.22121095657348633, 0.23122000694274902, 0.24135589599609375, 0.2514302730560303, 0.26143312454223633, 0.27155184745788574, 0.2816183567047119, 0.2916245460510254, 0.30172252655029297, 0.31180548667907715, 0.32191967964172363, 0.3319213390350342, 0.34198999404907227, 0.35207271575927734, 0.3620748519897461, 0.37212157249450684, 0.38218069076538086, 0.3922402858734131, 0.4022667407989502, 0.4123661518096924, 0.4224543571472168, 0.4324655532836914, 0.442690372467041, 0.45265722274780273, 0.4626586437225342, 0.47275781631469727, 0.4828009605407715, 0.4928748607635498, 0.5029656887054443, 0.5130255222320557, 0.5230722427368164, 0.5330605506896973, 0.5432026386260986, 0.5532917976379395, 0.5632994174957275, 0.5733702182769775, 0.5834488868713379, 0.5934591293334961, 0.6035411357879639, 0.613584041595459, 0.6236593723297119, 0.6337192058563232, 0.6437842845916748, 0.653813362121582, 0.6638543605804443, 0.6740047931671143, 0.6840386390686035, 0.6939725875854492, 0.7041292190551758, 0.714205265045166, 0.7241744995117188, 0.7342720031738281, 0.7442889213562012, 0.754410982131958, 0.7645092010498047, 0.7744824886322021, 0.7845919132232666, 0.7945899963378906, 0.8046791553497314, 0.8150348663330078, 0.8248815536499023, 0.834991455078125, 0.8451576232910156, 0.855095386505127, 0.865058422088623, 0.8752696514129639, 0.8852987289428711, 0.89522385597229, 0.9054038524627686, 0.9155967235565186, 0.925560474395752, 0.9359540939331055, 0.9459302425384521, 0.9558885097503662, 0.9657480716705322, 0.9760658740997314, 0.9860310554504395, 0.9959690570831299, 1.006044864654541, 1.0160329341888428, 1.0261528491973877, 1.0364153385162354, 1.046377420425415, 1.0565826892852783, 1.0669105052947998, 1.0769546031951904, 1.0870943069458008, 1.0970220565795898, 1.1070804595947266, 1.117157220840454, 1.1272082328796387, 1.1372601985931396, 1.1473350524902344, 1.157379388809204, 1.1674110889434814, 1.177478313446045, 1.1875605583190918, 1.1976661682128906, 1.2077233791351318, 1.2177765369415283, 1.2280642986297607, 1.2378947734832764, 1.2479662895202637, 1.2580211162567139, 1.2680943012237549, 1.2781460285186768, 1.288172960281372, 1.2982285022735596, 1.308439016342163, 1.3185632228851318, 1.3284516334533691, 1.3386046886444092, 1.3485193252563477, 1.3587093353271484, 1.3687701225280762, 1.3789432048797607, 1.3889150619506836, 1.398970603942871, 1.4089434146881104, 1.4190173149108887, 1.4289546012878418, 1.4392082691192627, 1.449183464050293, 1.4591617584228516, 1.469308853149414, 1.479337453842163, 1.489380121231079, 1.4993867874145508, 1.5095667839050293, 1.5196285247802734, 1.5295319557189941, 1.5397241115570068, 1.5498590469360352, 1.5598797798156738, 1.5699255466461182, 1.579913854598999, 1.5900790691375732, 1.6000392436981201, 1.610109567642212, 1.6201889514923096, 1.6301722526550293, 1.640406608581543, 1.650346279144287, 1.6603615283966064, 1.6705307960510254, 1.680527687072754, 1.6906111240386963, 1.7006566524505615, 1.7107393741607666, 1.7208495140075684, 1.7308003902435303, 1.7409262657165527, 1.750955581665039, 1.7609925270080566, 1.7711899280548096, 1.781317949295044, 1.7912590503692627, 1.801276445388794, 1.8113396167755127, 1.8215019702911377, 1.831498384475708, 1.8416659832000732, 1.8516356945037842, 1.8615388870239258, 1.8717799186706543, 1.8817734718322754, 1.892000436782837, 1.901900053024292, 1.9119970798492432, 1.922135591506958, 1.9320907592773438, 1.942267894744873, 1.9522573947906494, 1.9623231887817383, 1.9723968505859375, 1.9825305938720703, 1.9924938678741455, 2.002725839614868, 2.012688636779785, 2.0227413177490234, 2.0327703952789307, 2.0429179668426514, 2.0529134273529053, 2.063185930252075, 2.0730416774749756, 2.083009958267212, 2.093099594116211, 2.103116273880005, 2.1131370067596436, 2.1232876777648926, 2.1332590579986572, 2.143415689468384, 2.1534271240234375, 2.1634442806243896, 2.1735620498657227, 2.1836864948272705, 2.19368577003479, 2.2038118839263916, 2.213848829269409, 2.224090099334717, 2.234044075012207, 2.244001626968384, 2.2540504932403564, 2.264106035232544, 2.2741971015930176, 2.2842540740966797, 2.2943148612976074, 2.3044064044952393, 2.3144710063934326, 2.3245599269866943, 2.3345742225646973, 2.3446543216705322, 2.3547024726867676, 2.3646979331970215, 2.37484073638916, 2.385134696960449, 2.394836902618408, 2.405015468597412, 2.414989471435547, 2.4251086711883545, 2.4352195262908936, 2.4451422691345215, 2.4553096294403076, 2.4652934074401855, 2.475404977798462, 2.4854533672332764, 2.4954802989959717, 2.5055928230285645, 2.5156309604644775, 2.5257129669189453, 2.535797595977783, 2.5458898544311523, 2.555933713912964, 2.5659101009368896, 2.5759921073913574, 2.586160182952881, 2.5960495471954346, 2.60623836517334, 2.616152048110962, 2.6262800693511963, 2.636357545852661, 2.646393060684204, 2.656463861465454, 2.666555166244507, 2.6765518188476562, 2.6866884231567383, 2.6966729164123535, 2.7067935466766357, 2.7168872356414795, 2.726884603500366, 2.7369866371154785, 2.7470591068267822, 2.757065773010254, 2.7671027183532715, 2.7771830558776855, 2.7872610092163086, 2.797203302383423, 2.807372570037842, 2.8175690174102783, 2.8275463581085205, 2.837575912475586, 2.847785711288452, 2.8576583862304688, 2.8678019046783447, 2.8777925968170166, 2.887833833694458, 2.897813081741333, 2.907961130142212, 2.918966770172119, 2.928145408630371, 2.9382262229919434, 2.9481472969055176, 2.9582550525665283, 2.9682698249816895, 2.9783647060394287, 2.989447832107544, 2.998613119125366, 3.0085930824279785, 3.018646001815796, 3.028629779815674, 3.03926944732666, 3.0492053031921387, 3.0588223934173584, 3.06898832321167, 3.0790905952453613, 3.089063882827759, 3.099067211151123, 3.109154462814331, 3.1192445755004883, 3.129258155822754, 3.1393394470214844, 3.149463415145874, 3.1595170497894287, 3.1695187091827393, 3.179579973220825, 3.189727544784546, 3.1996822357177734, 3.2097585201263428, 3.21985125541687, 3.229830265045166, 3.239964246749878, 3.250009536743164, 3.2601146697998047, 3.270263433456421, 3.2802627086639404, 3.2902116775512695, 3.3005027770996094, 3.3104965686798096, 3.3205528259277344, 3.3304412364959717, 3.340593099594116, 3.3506383895874023, 3.3606154918670654, 3.370889902114868, 3.3808772563934326, 3.3909530639648438, 3.400953769683838, 3.410982847213745, 3.4210548400878906, 3.431079864501953, 3.441330671310425, 3.4512598514556885, 3.4612910747528076, 3.4714272022247314, 3.4814605712890625, 3.491460084915161, 3.5015652179718018, 3.5116982460021973, 3.5216662883758545, 3.531719207763672, 3.541950225830078, 3.5519564151763916, 3.5619394779205322, 3.5720033645629883, 3.582087516784668, 3.5921945571899414, 3.602167844772339, 3.6121768951416016, 3.622260808944702, 3.6322782039642334, 3.6424827575683594, 3.652519464492798, 3.662433385848999, 3.672612428665161, 3.6826412677764893, 3.692774772644043, 3.7028143405914307, 3.712883710861206, 3.7228920459747314, 3.733020305633545, 3.7430505752563477, 3.7530922889709473, 3.76312518119812, 3.7732386589050293, 3.7832679748535156, 3.7932772636413574, 3.8033344745635986, 3.8133795261383057, 3.823552131652832, 3.8336331844329834, 3.843660831451416, 3.8536806106567383, 3.8637137413024902, 3.873769998550415, 3.883852005004883, 3.8939239978790283, 3.9039642810821533, 3.9142842292785645, 3.9241623878479004, 3.934187889099121, 3.9442615509033203, 3.9543025493621826, 3.964323043823242, 3.974846839904785, 3.9845738410949707, 3.994541883468628, 4.004893779754639, 4.014679908752441, 4.024677038192749, 4.034823656082153, 4.044834613800049, 4.054877519607544, 4.064866304397583, 4.075019598007202, 4.085081100463867, 4.095036506652832, 4.105210304260254, 4.115234613418579, 4.1253111362457275, 4.135424375534058, 4.145512104034424, 4.155826807022095, 4.165560722351074, 4.175649404525757, 4.185737371444702, 4.195682764053345, 4.20592188835144, 4.215867280960083, 4.225878477096558, 4.23604679107666, 4.246006965637207, 4.256140470504761, 4.266258478164673, 4.276240587234497, 4.286440372467041, 4.296302318572998, 4.306440114974976, 4.316454172134399, 4.326583385467529, 4.3366758823394775, 4.346686363220215, 4.356747150421143, 4.3667638301849365, 4.376896142959595, 4.386986017227173, 4.396984100341797, 4.407065153121948, 4.417147636413574, 4.427150249481201, 4.437234878540039, 4.447313070297241, 4.457297325134277, 4.467355489730835, 4.477369546890259, 4.487492322921753, 4.497551918029785, 4.507685422897339, 4.517666339874268, 4.527695178985596, 4.537896633148193, 4.548457145690918, 4.558932542800903, 4.568124532699585, 4.578196287155151, 4.5881335735321045, 4.598164796829224, 4.608248710632324, 4.618323802947998, 4.628322601318359, 4.63847541809082, 4.648577690124512, 4.658614158630371, 4.668666124343872, 4.67875337600708, 4.68877100944519, 4.698789119720459, 4.708958625793457, 4.719056129455566, 4.729038953781128, 4.739087820053101, 4.749132394790649, 4.759123802185059, 4.769237756729126, 4.779320001602173, 4.789367198944092, 4.799540758132935, 4.809724569320679, 4.819863557815552, 4.829695224761963, 4.840438365936279, 4.8499228954315186, 4.859870672225952, 4.869953870773315, 4.879904270172119, 4.890009641647339, 4.899979114532471, 4.910099029541016, 4.920258045196533, 4.930193185806274, 4.9402666091918945, 4.95027756690979, 4.960362434387207, 4.970534801483154, 4.980550765991211, 4.990750551223755, 5.00066614151001, 5.010724782943726, 5.020829677581787, 5.030786752700806, 5.040948867797852, 5.05105996131897, 5.061177968978882, 5.071293830871582, 5.081420660018921, 5.09133505821228, 5.101409912109375, 5.11147928237915, 5.1215736865997314, 5.131570339202881, 5.141705751419067, 5.151867628097534, 5.161928176879883, 5.171848297119141, 5.181886911392212, 5.191972732543945, 5.201986312866211, 5.212117910385132, 5.222195863723755, 5.232165575027466, 5.242351770401001, 5.252334833145142, 5.262390851974487, 5.272489786148071, 5.2825610637664795, 5.292602062225342, 5.3026885986328125, 5.312726259231567, 5.322921991348267, 5.332794427871704, 5.342969655990601, 5.3529953956604, 5.362971305847168, 5.373107194900513, 5.383122205734253, 5.39315128326416, 5.403217077255249, 5.4134440422058105, 5.42343282699585, 5.433553695678711, 5.443732023239136, 5.4535744190216064, 5.463573455810547, 5.473705768585205, 5.4837646484375, 5.493788957595825, 5.503899812698364, 5.513944864273071, 5.524003505706787, 5.534004211425781, 5.544169187545776, 5.55417275428772, 5.564269065856934, 5.574345827102661, 5.584471940994263, 5.594339847564697, 5.604482412338257, 5.614547967910767, 5.624621152877808, 5.634677171707153, 5.644704103469849, 5.654891490936279, 5.664787769317627, 5.6748974323272705, 5.68495512008667, 5.695195436477661, 5.705239534378052, 5.715198278427124, 5.725178480148315, 5.735206127166748, 5.745290994644165, 5.755385398864746, 5.7654032707214355, 5.775497198104858, 5.785654067993164, 5.795516014099121, 5.805692434310913, 5.815969705581665, 5.825917482376099, 5.83591103553772, 5.845912933349609, 5.856038570404053, 5.865986108779907, 5.876084566116333, 5.886124610900879, 5.896113395690918, 5.9062817096710205, 5.917447805404663, 5.926546096801758, 5.936477899551392, 5.946575880050659, 5.956663608551025, 5.966639280319214, 5.9772114753723145, 5.986829519271851, 5.99686336517334, 6.0069780349731445, 6.017081260681152, 6.0269997119903564, 6.037187099456787, 6.047240734100342, 6.057257652282715, 6.067299842834473, 6.0773842334747314, 6.087398290634155, 6.097421646118164, 6.107511281967163, 6.117724657058716, 6.12768292427063, 6.137834548950195, 6.1478424072265625, 6.157902717590332, 6.167903423309326, 6.177931308746338, 6.1880786418914795, 6.198103666305542, 6.2081475257873535, 6.218262434005737, 6.228230237960815, 6.23835301399231, 6.248405694961548, 6.258570909500122, 6.268608570098877, 6.2786643505096436, 6.2886903285980225, 6.298703670501709, 6.30890154838562, 6.3189215660095215, 6.3289265632629395, 6.33901572227478, 6.349020004272461, 6.359056234359741, 6.369201898574829, 6.3794286251068115, 6.389289617538452, 6.399310350418091, 6.409342050552368, 6.419452905654907, 6.429416656494141, 6.439661264419556, 6.449619293212891, 6.459657669067383, 6.469773769378662, 6.47981858253479, 6.489902973175049, 6.499902725219727, 6.510020017623901, 6.5200605392456055, 6.530032396316528, 6.540202617645264, 6.550267457962036, 6.560208797454834, 6.57029128074646, 6.580329656600952, 6.590867280960083, 6.600454092025757, 6.6106274127960205, 6.6206300258636475, 6.630645990371704, 6.640890598297119, 6.650903701782227, 6.660838603973389, 6.671018600463867, 6.681036949157715, 6.690964221954346, 6.701037645339966, 6.711147308349609, 6.721250057220459, 6.7313551902771, 6.7412965297698975, 6.751441717147827, 6.761674404144287, 6.771519899368286, 6.781773328781128, 6.791833877563477, 6.801736354827881, 6.811816453933716, 6.821991682052612, 6.832108736038208, 6.84216046333313, 6.852300643920898, 6.862216949462891, 6.872434854507446, 6.882499933242798, 6.892939329147339, 6.902848720550537, 6.912757635116577, 6.922858953475952, 6.932832717895508, 6.943957328796387, 6.953319072723389, 6.963450193405151, 6.97294807434082, 6.983059406280518, 6.993084192276001, 7.003138542175293, 7.013328313827515, 7.0232367515563965, 7.033248662948608, 7.043551206588745, 7.0534656047821045, 7.06353759765625, 7.073729038238525, 7.083756685256958, 7.093635320663452, 7.103755235671997, 7.113808870315552, 7.123819351196289, 7.133853435516357, 7.143948554992676, 7.1540207862854, 7.163985013961792, 7.174110412597656, 7.184202432632446, 7.194190979003906, 7.204257965087891, 7.214301824569702, 7.224371433258057, 7.234471559524536, 7.244585275650024, 7.25457763671875, 7.264613151550293, 7.274738073348999, 7.284811019897461, 7.2947399616241455, 7.3048996925354, 7.314982652664185, 7.325114011764526, 7.33509373664856, 7.3450610637664795, 7.35526704788208, 7.365162372589111, 7.3753111362457275, 7.385342121124268, 7.395264625549316, 7.4053871631622314, 7.415449619293213, 7.425471544265747, 7.435656785964966, 7.445720672607422, 7.45577073097229, 7.465764760971069, 7.4758970737457275, 7.486140251159668, 7.496149301528931, 7.506094932556152, 7.516058444976807, 7.526072263717651, 7.536234617233276, 7.546357154846191, 7.5563037395477295, 7.566331148147583, 7.576466083526611, 7.586552381515503, 7.596487998962402, 7.606618881225586, 7.61664080619812, 7.626655340194702, 7.6367950439453125, 7.647082567214966, 7.656981945037842, 7.667048931121826, 7.677026987075806, 7.687128067016602, 7.697078704833984, 7.707231044769287, 7.71727442741394, 7.727358818054199, 7.737394094467163, 7.747483968734741, 7.75754189491272, 7.767581939697266, 7.777740716934204, 7.787798881530762, 7.797779321670532, 7.807883024215698, 7.818044424057007, 7.828024625778198, 7.838121652603149, 7.848130464553833, 7.858150482177734, 7.86822247505188, 7.87824273109436, 7.888330698013306, 7.898386478424072, 7.908449649810791, 7.918590307235718, 7.928689241409302, 7.938830614089966, 7.9487316608428955, 7.958843469619751, 7.969017028808594, 7.978896617889404, 7.989409923553467, 7.99903416633606, 8.009113788604736, 8.019123315811157, 8.029055833816528, 8.039217472076416, 8.049202919006348, 8.059287786483765, 8.069382667541504, 8.079418420791626, 8.089529037475586, 8.099539756774902, 8.109681606292725, 8.119734048843384, 8.129652976989746, 8.139827489852905, 8.149882316589355, 8.159903764724731, 8.16999363899231, 8.179983854293823, 8.190078973770142, 8.200084686279297, 8.210107564926147, 8.220195531845093, 8.230260848999023, 8.24034309387207, 8.250465393066406, 8.260470867156982, 8.270544528961182, 8.280650615692139, 8.290720701217651, 8.300743341445923, 8.310845136642456, 8.320876121520996, 8.330942392349243, 8.340990781784058, 8.351041316986084, 8.361001253128052, 8.371126413345337, 8.381214618682861, 8.391266584396362, 8.4014310836792, 8.411417007446289, 8.4216468334198, 8.43149733543396, 8.441645383834839, 8.45167350769043, 8.461708068847656, 8.471840858459473, 8.481908798217773, 8.491923809051514, 8.50196385383606, 8.512058734893799, 8.522117376327515, 8.532153844833374, 8.542371273040771, 8.552369832992554, 8.562302589416504, 8.572475910186768, 8.58245587348938, 8.592520952224731, 8.602588176727295, 8.612659215927124, 8.622839212417603, 8.632733583450317, 8.64287519454956, 8.652969121932983, 8.6629638671875, 8.673057317733765, 8.683062553405762, 8.693090200424194, 8.703254222869873, 8.713233470916748, 8.723362445831299, 8.733341693878174, 8.743663311004639, 8.753581762313843, 8.763473272323608, 8.77368688583374, 8.783740997314453, 8.793827056884766, 8.803862571716309, 8.81398892402649, 8.82422161102295, 8.834195613861084, 8.844170808792114, 8.854268789291382, 8.864344835281372, 8.874425888061523, 8.884444236755371, 8.89445161819458, 8.904552221298218, 8.915121078491211, 8.924839496612549, 8.93473482131958, 8.944849729537964, 8.954930067062378, 8.965089559555054, 8.975189447402954, 8.985345125198364, 8.99512267112732, 9.0051908493042, 9.015261173248291, 9.02529263496399, 9.035423517227173, 9.045844793319702, 9.056004047393799, 9.065884351730347, 9.07607388496399, 9.086310863494873, 9.096142530441284, 9.10619330406189, 9.116208791732788, 9.126296997070312, 9.136475086212158, 9.146411657333374, 9.156497478485107, 9.166473627090454, 9.176608324050903, 9.186737060546875, 9.196671485900879, 9.206788539886475, 9.216792583465576, 9.226898431777954, 9.236969232559204, 9.247003555297852, 9.257121324539185, 9.267109632492065, 9.277131795883179, 9.287175178527832, 9.297199010848999, 9.307363748550415, 9.317415475845337, 9.327509641647339, 9.337571144104004, 9.347592830657959, 9.357659816741943, 9.36776089668274, 9.37777829170227, 9.387838125228882, 9.397953271865845, 9.407943725585938, 9.418027877807617, 9.42800259590149, 9.438208818435669, 9.448235273361206, 9.458239316940308, 9.468329906463623, 9.478428840637207, 9.488430738449097, 9.498467683792114, 9.508626222610474, 9.518692970275879, 9.528727293014526, 9.538788557052612, 9.54886507987976, 9.558992624282837, 9.569015741348267, 9.578977108001709, 9.589067459106445, 9.599095821380615, 9.609318971633911, 9.619438648223877, 9.629238367080688, 9.639396667480469, 9.64950180053711, 9.659461498260498, 9.669567346572876, 9.679631471633911, 9.68964409828186, 9.69969654083252, 9.709927797317505, 9.719880104064941, 9.729884147644043, 9.740005254745483, 9.750349044799805, 9.760327100753784, 9.770145416259766, 9.780229806900024, 9.79027271270752, 9.800275802612305, 9.810428142547607, 9.820510864257812, 9.830525875091553, 9.840632200241089, 9.850659608840942, 9.860610485076904, 9.870846509933472, 9.880802392959595, 9.890835285186768, 9.900953531265259, 9.910977602005005, 9.921122550964355, 9.931022882461548, 9.941162109375, 9.951256036758423, 9.961191415786743, 9.97149395942688, 9.981523752212524, 9.991624593734741, 10.001724004745483, 10.01171064376831, 10.02181363105774, 10.031796216964722, 10.041875123977661, 10.05196762084961, 10.061980724334717, 10.072060346603394, 10.082104921340942, 10.092159509658813, 10.102266550064087, 10.112352848052979, 10.122406005859375, 10.132361650466919, 10.1425461769104, 10.152629852294922, 10.1626615524292, 10.172734022140503, 10.182859182357788, 10.192889213562012, 10.202865600585938, 10.212929964065552, 10.223004817962646, 10.233009815216064, 10.243141412734985, 10.25322437286377, 10.263189315795898, 10.27336835861206, 10.283421039581299, 10.293359279632568, 10.303551435470581, 10.313526630401611, 10.323632955551147, 10.33372688293457, 10.343777656555176, 10.353855609893799, 10.363862037658691, 10.373980522155762, 10.384076356887817, 10.394103050231934, 10.40415072441101, 10.414216995239258, 10.424259185791016, 10.434313297271729, 10.444425821304321, 10.454452753067017, 10.464471340179443, 10.474628210067749, 10.484671354293823, 10.49458384513855, 10.50475525856018, 10.514780044555664, 10.524981021881104, 10.534953594207764, 10.545035123825073, 10.55512285232544, 10.565083265304565, 10.575190305709839, 10.585218667984009, 10.59519648551941, 10.605419397354126, 10.615457534790039, 10.625473022460938, 10.635532855987549, 10.645632266998291, 10.655684232711792, 10.665676355361938, 10.67594027519226, 10.685856580734253, 10.695860862731934, 10.706074237823486, 10.71601939201355, 10.726040601730347, 10.736160516738892, 10.746188163757324, 10.756428003311157, 10.766263961791992, 10.77640151977539, 10.786511898040771, 10.796526193618774, 10.806569814682007, 10.816718578338623, 10.82671570777893, 10.836846828460693, 10.846828937530518, 10.856937885284424, 10.866959810256958, 10.877095460891724, 10.88707685470581, 10.897028923034668, 10.907339811325073, 10.91738247871399, 10.927258014678955, 10.937357902526855, 10.94739556312561, 10.958298683166504, 10.96770429611206, 10.977828979492188, 10.987715005874634, 10.997684478759766, 11.007774353027344, 11.017868041992188, 11.027872562408447, 11.038542032241821, 11.048391103744507, 11.058647394180298, 11.068825960159302, 11.078804731369019, 11.088780164718628, 11.098808765411377, 11.108959436416626, 11.119055986404419, 11.129178762435913, 11.139070749282837, 11.149137735366821, 11.159311056137085, 11.169279098510742, 11.179331064224243, 11.189435005187988, 11.199383974075317, 11.209479331970215, 11.219611406326294, 11.229573488235474, 11.239659070968628, 11.249739170074463, 11.259869813919067, 11.269927501678467, 11.280061721801758, 11.290011882781982, 11.30007004737854, 11.310073137283325, 11.320132493972778, 11.330191612243652, 11.340274810791016, 11.350355386734009, 11.360356330871582, 11.37045407295227, 11.380719661712646, 11.390617370605469, 11.400622367858887, 11.410675525665283, 11.420807838439941, 11.43077540397644, 11.44092869758606, 11.450994729995728, 11.46097469329834, 11.471052885055542, 11.481104612350464, 11.491090774536133, 11.50118350982666, 11.511513948440552, 11.521332502365112, 11.531369924545288, 11.541532516479492, 11.551553726196289, 11.561555624008179, 11.57165789604187, 11.581686973571777, 11.59180474281311, 11.60180950164795, 11.611897230148315, 11.622089385986328, 11.632020235061646, 11.64210295677185, 11.652240753173828, 11.662160634994507, 11.67228388786316, 11.682398319244385, 11.692397832870483, 11.70251727104187, 11.712547302246094, 11.722579002380371, 11.732635021209717, 11.742762327194214, 11.752880334854126, 11.762827157974243, 11.772903203964233, 11.782979249954224, 11.793016910552979, 11.803056001663208, 11.813154697418213, 11.823219060897827, 11.833344459533691, 11.843364477157593, 11.85336446762085, 11.86335825920105, 11.87351679801941, 11.88355565071106, 11.893543004989624, 11.90366005897522, 11.914352416992188, 11.923982858657837, 11.933899641036987, 11.943959712982178, 11.954025506973267, 11.964423656463623, 11.974506616592407, 11.984660625457764, 11.994660377502441, 12.004775047302246, 12.014892339706421, 12.024829387664795, 12.034935474395752, 12.044928073883057, 12.054998874664307, 12.06497049331665, 12.075420618057251, 12.085199117660522, 12.09516191482544, 12.105312585830688, 12.115427017211914, 12.12539792060852, 12.135542154312134, 12.14553952217102, 12.155633211135864, 12.16565489768982, 12.175811052322388, 12.185841083526611, 12.195894956588745, 12.20589280128479, 12.215986967086792, 12.225970983505249, 12.236329078674316, 12.246195316314697, 12.256182193756104, 12.266310453414917, 12.276345252990723, 12.286414384841919, 12.296473979949951, 12.306619882583618, 12.316603899002075, 12.326622486114502, 12.3368239402771, 12.34685468673706, 12.356881380081177, 12.367007970809937, 12.376996040344238, 12.38707447052002, 12.39704966545105, 12.407087564468384, 12.417211771011353, 12.42721939086914, 12.43737244606018, 12.447449445724487, 12.457397699356079, 12.467535734176636, 12.477660417556763, 12.487642049789429, 12.497677564620972, 12.50778865814209, 12.51785659790039, 12.527854442596436, 12.538028478622437, 12.548105001449585, 12.558034658432007, 12.568835973739624, 12.578396081924438, 12.588340520858765, 12.598369598388672, 12.608458518981934, 12.618523120880127, 12.628523826599121, 12.638736009597778, 12.648748397827148, 12.658741235733032, 12.6687912940979, 12.678864240646362, 12.688971042633057, 12.69903826713562, 12.709107875823975, 12.719128370285034, 12.72913908958435, 12.739187955856323, 12.749274253845215, 12.75944209098816, 12.769405841827393, 12.779398679733276, 12.78959035873413, 12.799514293670654, 12.809694528579712, 12.81972599029541, 12.829797267913818, 12.840081453323364, 12.849935054779053, 12.86009931564331, 12.870092630386353, 12.880122423171997, 12.89011025428772, 12.900283813476562, 12.910223722457886, 12.920408964157104, 12.930622100830078, 12.94070553779602, 12.950594425201416, 12.960519790649414, 12.970690488815308, 12.980709552764893, 12.990795850753784, 13.000813245773315, 13.010921239852905, 13.020979881286621, 13.03122329711914, 13.041111469268799, 13.051166772842407, 13.061120510101318, 13.07131838798523, 13.08129334449768, 13.091321468353271, 13.1015043258667, 13.111470937728882, 13.121533870697021, 13.131742238998413, 13.141776323318481, 13.151790857315063, 13.161742925643921, 13.171851634979248, 13.181884765625, 13.191935300827026, 13.201962232589722, 13.212077379226685, 13.222155809402466, 13.232114315032959, 13.242309808731079, 13.252332925796509, 13.262349605560303, 13.272475242614746, 13.282576560974121, 13.292831897735596, 13.30293869972229, 13.313090562820435, 13.323259592056274, 13.33337140083313, 13.343139171600342, 13.353437423706055, 13.3631112575531, 13.373042106628418, 13.3831307888031, 13.393155097961426, 13.40328049659729, 13.413279294967651, 13.423337459564209, 13.433449506759644, 13.443535804748535, 13.453529596328735, 13.46355128288269, 13.473760843276978, 13.483741760253906, 13.493773698806763, 13.503930568695068, 13.513906240463257, 13.5239737033844, 13.533989906311035, 13.544159173965454, 13.554130792617798, 13.564154386520386, 13.574559926986694, 13.584433794021606, 13.594389200210571, 13.604450702667236, 13.614527463912964, 13.624521732330322, 13.634648323059082, 13.644726514816284, 13.654739618301392, 13.664788484573364, 13.67494535446167, 13.684966802597046, 13.694953203201294, 13.705142736434937, 13.715153455734253, 13.72515869140625, 13.735308408737183, 13.745319366455078, 13.755447626113892, 13.765496730804443, 13.775526285171509, 13.785643577575684, 13.795620203018188, 13.805715084075928, 13.81588888168335, 13.825780868530273, 13.83599591255188, 13.845937728881836, 13.856250286102295, 13.866058588027954, 13.87618637084961, 13.886332511901855, 13.896256923675537, 13.906371116638184, 13.916497468948364, 13.926506280899048, 13.936477422714233, 13.94657015800476, 13.95667314529419, 13.967045783996582, 13.977139234542847, 13.987210035324097, 13.997435808181763, 14.007569789886475, 14.017621278762817, 14.027584791183472, 14.037544250488281, 14.047518968582153, 14.05759334564209, 14.067713260650635, 14.077725887298584, 14.08782410621643, 14.097854137420654, 14.107964515686035, 14.117974758148193, 14.127930879592896, 14.138062238693237, 14.14818787574768, 14.158132553100586, 14.168253898620605, 14.17827844619751, 14.18839168548584, 14.198395490646362, 14.208532810211182, 14.218536138534546, 14.228545665740967, 14.238756895065308, 14.248780488967896, 14.258818864822388, 14.268989324569702, 14.278966665267944, 14.28899621963501, 14.299015283584595, 14.309178113937378, 14.319254398345947, 14.32929539680481, 14.339315176010132, 14.349340677261353, 14.359375238418579, 14.369590759277344, 14.37954831123352, 14.389668941497803, 14.399714946746826, 14.409993410110474, 14.419832229614258, 14.429779291152954, 14.439931154251099, 14.45000171661377, 14.459946393966675, 14.470066785812378, 14.480085611343384, 14.490159034729004, 14.500203847885132, 14.510558128356934, 14.520436763763428, 14.530374765396118, 14.540546417236328, 14.550614356994629, 14.560595035552979, 14.570700883865356, 14.580762147903442, 14.59078574180603, 14.600867748260498, 14.611181497573853, 14.621194124221802, 14.631173372268677, 14.641341209411621, 14.65122103691101, 14.661257028579712, 14.671350717544556, 14.681358575820923, 14.691396236419678, 14.701519966125488, 14.711493730545044, 14.721686124801636, 14.73164439201355, 14.741770267486572, 14.751829624176025, 14.76181674003601, 14.771971702575684, 14.782004833221436, 14.792017698287964, 14.802116870880127, 14.812203645706177, 14.822279453277588, 14.833197116851807, 14.843374252319336, 14.853286504745483, 14.863304615020752, 14.873444557189941, 14.883476257324219, 14.89349913597107, 14.903634071350098, 14.91378903388977, 14.923824548721313, 14.933778762817383, 14.943862199783325, 14.953968048095703, 14.964011192321777, 14.974076509475708, 14.984092473983765, 14.994102954864502, 15.004271745681763, 15.014335870742798, 15.024328231811523, 15.034433841705322, 15.044485092163086, 15.054778814315796, 15.064829111099243, 15.07515811920166, 15.084959268569946, 15.094970703125, 15.105121850967407, 15.115118503570557, 15.125228881835938, 15.135213375091553, 15.145329713821411, 15.15545654296875, 15.165373802185059, 15.17549991607666, 15.185577630996704, 15.195590019226074, 15.20568585395813, 15.215809345245361, 15.22577953338623, 15.235879182815552, 15.246017694473267, 15.256011009216309, 15.266021251678467, 15.27625298500061, 15.286093473434448, 15.29613447189331, 15.30640721321106, 15.316500425338745, 15.32656216621399, 15.336589336395264, 15.346548795700073, 15.356630086898804, 15.366711139678955, 15.376879930496216, 15.38689374923706, 15.396903038024902, 15.406940460205078, 15.417010068893433, 15.427005052566528, 15.43708610534668, 15.447153091430664, 15.4572172164917, 15.467301607131958, 15.4773690700531, 15.487420797348022, 15.497500658035278, 15.507566452026367, 15.517611265182495, 15.527684450149536, 15.537819147109985, 15.547764539718628, 15.557850360870361, 15.567925930023193, 15.578040361404419, 15.588057518005371, 15.597995281219482, 15.60823106765747, 15.618268489837646, 15.628180265426636, 15.638283967971802, 15.648388862609863, 15.65845513343811, 15.668525457382202, 15.678568124771118, 15.688636779785156, 15.698877096176147, 15.709056377410889], "set_target_data": [{"head": [[0.9992586292299509, -0.011775510015487258, -0.036654184936439356, -0.010522020177676594], [0.012210336628488928, 0.9998574451728712, 0.01166177567087327, -0.0010564786753577589], [0.036511636349231456, -0.012100689908180827, 0.9992599630300654, 0.002879017581761012], [0.0, 0.0, 0.0, 1.0]], "antennas": [-0.13894643513324914, 0.12164920385318448], "body_yaw": -0.0, "check_collision": false}, {"head": [[0.9992635445751864, -0.011757544930637234, -0.03652572545806856, -0.010550932327501782], [0.012192578144431794, 0.9998570925127601, 0.011710490601228847, -0.0010084876488236222], [0.036382819039019985, -0.01214720910882791, 0.9992640971182944, 0.0029133645570934563], [0.0, 0.0, 0.0, 1.0]], "antennas": [-0.13894643513324914, 0.12164920385318448], "body_yaw": -0.0, "check_collision": false}, {"head": [[0.9992779048268658, -0.011779907886672361, -0.036123436921348895, -0.010533573809721218], [0.012202732830871995, 0.9998593318494151, 0.011506946819178016, -0.000971049313168177], [0.03598280473069765, -0.011939442358106454, 0.9992810853207869, 0.0028948324800558423], [0.0, 0.0, 0.0, 1.0]], "antennas": [-0.13894643513324914, 0.12164920385318448], "body_yaw": -0.0, "check_collision": false}, {"head": [[0.9992840749716699, -0.011880019597717006, -0.03591939089645676, -0.010496999831226175], [0.012296032549635044, 0.9998596052530789, 0.011383205466654044, -0.0010262012259472444], [0.0357791152986336, -0.011816721944583735, 0.9992898578445256, 0.0028940929537842885], [0.0, 0.0, 0.0, 1.0]], "antennas": [-0.13894643513324914, 0.12164920385318448], "body_yaw": -0.0, "check_collision": false}, {"head": [[0.9992786860582114, -0.011753284905403878, -0.03611049547855167, -0.010489714548920236], [0.01218034329183531, 0.9998581894184935, 0.01162928587938471, -0.0010069747566061743], [0.035968692318002586, -0.012060735744713894, 0.9992801368116092, 0.0028894892992851196], [0.0, 0.0, 0.0, 1.0]], "antennas": [-0.13894643513324914, 0.12164920385318448], "body_yaw": -0.0, "check_collision": false}, {"head": [[0.9992750284893764, -0.011771739036433982, -0.03620557412352176, -0.01046935273169921], [0.012204911053318104, 0.9998562836046659, 0.011766574796700489, -0.0009756263297970788], [0.036061857741058294, -0.01219993017700716, 0.9992750893122172, 0.0028480849447612977], [0.0, 0.0, 0.0, 1.0]], "antennas": [-0.13894643513324914, 0.12164920385318448], "body_yaw": -0.0, "check_collision": false}, {"head": [[0.9992728856160686, -0.011882533518660122, -0.036228517354613264, -0.010491086255773777], [0.012318928432737231, 0.9998539441610905, 0.01184627991313132, -0.0009423413583570274], [0.036082462149979365, -0.012283962825126062, 0.9992733160564763, 0.0028446386581760796], [0.0, 0.0, 0.0, 1.0]], "antennas": [-0.13894643513324914, 0.12164920385318448], "body_yaw": -0.0, "check_collision": false}, {"head": [[0.9992787191619587, -0.012190782712974775, -0.035964235663787654, -0.010464116359165623], [0.012616142619178526, 0.9998528450884545, 0.01162416078413352, -0.0010363866605651653], [0.035817235731529694, -0.012069506426025705, 0.9992854710437774, 0.0028696287616009064], [0.0, 0.0, 0.0, 1.0]], "antennas": [-0.13894643513324914, 0.12164920385318448], "body_yaw": -0.0, "check_collision": false}, {"head": [[0.9992818585764297, -0.012664966286535137, -0.035712263285839076, -0.010450621752076731], [0.01308572791165769, 0.9998474034345664, 0.011572967215778884, -0.0009942861676611632], [0.03556024247749478, -0.012031977149095586, 0.9992951018997468, 0.002838015080653955], [0.0, 0.0, 0.0, 1.0]], "antennas": [-0.13894643513324914, 0.12164920385318448], "body_yaw": -0.0, "check_collision": false}, {"head": [[0.9992959738405713, -0.013187421148005949, -0.03512333397457344, -0.01047183414195472], [0.013596948100104457, 0.9998420384280042, 0.011446448990685015, -0.0010508321447948617], [0.03496683669403576, -0.011915960540317915, 0.999317432158578, 0.002744308674580309], [0.0, 0.0, 0.0, 1.0]], "antennas": [-0.13894643513324914, 0.12164920385318448], "body_yaw": -0.0, "check_collision": false}, {"head": [[0.9993207973494133, -0.013826444627358065, -0.03415806513694298, -0.010448934995108287], [0.01422160143520159, 0.9998344172149058, 0.011352717963029342, -0.0009910913740397431], [0.03399544142309833, -0.011830789555072746, 0.9993519612133417, 0.0026693226848821805], [0.0, 0.0, 0.0, 1.0]], "antennas": [-0.13894643513324914, 0.12164920385318448], "body_yaw": -0.0, "check_collision": false}, {"head": [[0.9993508113075514, -0.014709755746490716, -0.03288736877308858, -0.010472477688344492], [0.015075144716891342, 0.9998270580594624, 0.010890086497588474, -0.0009975549993303592], [0.0327214906552761, -0.011378798620186537, 0.9993997333355946, 0.0026008388221614442], [0.0, 0.0, 0.0, 1.0]], "antennas": [-0.13894643513324914, 0.12164920385318448], "body_yaw": -0.0, "check_collision": false}, {"head": [[0.9993646609893505, -0.015896607508934988, -0.03189940807205471, -0.010475284158378294], [0.01623144187328957, 0.9998155659843262, 0.010265198982758383, -0.0009081058930905904], [0.03173034289689632, -0.010776450489306458, 0.9994383690125654, 0.0025213168830529042], [0.0, 0.0, 0.0, 1.0]], "antennas": [-0.13894643513324914, 0.12164920385318448], "body_yaw": -0.0, "check_collision": false}, {"head": [[0.9993581473790455, -0.017001130032712298, -0.03153180687389858, -0.010485884278511905], [0.01731489327089363, 0.9998029895971788, 0.009704455861148925, -0.0008031996734362105], [0.03136060806393257, -0.010244196901379494, 0.9994556361798688, 0.0025529061303309897], [0.0, 0.0, 0.0, 1.0]], "antennas": [-0.13894643513324914, 0.12164920385318448], "body_yaw": -0.0, "check_collision": false}, {"head": [[0.9993550565047011, -0.018067286900188113, -0.031032953171622343, -0.010499808841795069], [0.018357020530154068, 0.999790292789892, 0.009076906981885447, -0.000702992616760819], [0.030862450254983263, -0.009640725448252827, 0.9994771461004449, 0.00248139201654618], [0.0, 0.0, 0.0, 1.0]], "antennas": [-0.13894643513324914, 0.12164920385318448], "body_yaw": -0.0, "check_collision": false}, {"head": [[0.9993641246273354, -0.018690861082935092, -0.03036442194110995, -0.010531113600137148], [0.018966698727115254, 0.9997811967498743, 0.008821732527329202, -0.0006330026327622217], [0.03019289232972193, -0.009392035847850881, 0.9994999644399184, 0.002550406722600096], [0.0, 0.0, 0.0, 1.0]], "antennas": [-0.13894643513324914, 0.12164920385318448], "body_yaw": -0.0, "check_collision": false}, {"head": [[0.9993633307346769, -0.01910360468128866, -0.030132797266005956, -0.010512680166210396], [0.019366671321919673, 0.9997766327737311, 0.00846265924690005, -0.000552812227311978], [0.02996439928985569, -0.009040843312515423, 0.999510078952382, 0.0024846412917901572], [0.0, 0.0, 0.0, 1.0]], "antennas": [-0.13894643513324914, 0.12164920385318448], "body_yaw": -0.0, "check_collision": false}, {"head": [[0.9993739680308465, -0.019745729129857986, -0.029356059057902163, -0.010515667311229144], [0.01999320832145041, 0.9997668097412014, 0.008160745120136328, -0.0006032177938643697], [0.029188073648253116, -0.008742558037040448, 0.9995357042325569, 0.0024795578256484596], [0.0, 0.0, 0.0, 1.0]], "antennas": [-0.13894643513324914, 0.12164920385318448], "body_yaw": -0.0, "check_collision": false}, {"head": [[0.9993898634408548, -0.020389687778307027, -0.02835774116485694, -0.010474948293913402], [0.020615621198933134, 0.9997578405866219, 0.00769781450523395, -0.0005511210219455338], [0.02819391803655468, -0.008277730237090872, 0.9995681978573899, 0.0024000818843024074], [0.0, 0.0, 0.0, 1.0]], "antennas": [-0.13894643513324914, 0.12164920385318448], "body_yaw": -0.0, "check_collision": false}, {"head": [[0.9994068685457004, -0.021153044325399585, -0.027174617190402785, -0.010415632874754985], [0.02134508219734054, 0.999749067762236, 0.006796247091510802, -0.0006803470715509713], [0.027024036886927724, -0.007372260461200045, 0.9996075986135892, 0.0023552058561274736], [0.0, 0.0, 0.0, 1.0]], "antennas": [-0.13894643513324914, 0.12164920385318448], "body_yaw": -0.0, "check_collision": false}, {"head": [[0.9994309791986961, -0.021602302021162367, -0.025904794253608674, -0.010398669198628696], [0.02177526676446833, 0.9997423191220267, 0.006413510259436098, -0.0006541318876084473], [0.025759572497841523, -0.006973944644040098, 0.99964384083574, 0.0022714671170596112], [0.0, 0.0, 0.0, 1.0]], "antennas": [-0.13894643513324914, 0.12164920385318448], "body_yaw": -0.0, "check_collision": false}, {"head": [[0.9994543433241299, -0.021763759624601246, -0.024846617023943623, -0.010371421369914542], [0.021930143545366168, 0.9997387397813756, 0.006443677864875102, -0.0007321672982786749], [0.02469988693519837, -0.0069850517069827995, 0.9996705080365424, 0.0022434593317368634], [0.0, 0.0, 0.0, 1.0]], "antennas": [-0.13894643513324914, 0.12164920385318448], "body_yaw": -0.0, "check_collision": false}, {"head": [[0.9994657695210993, -0.022011690997568962, -0.024159077280077185, -0.010388527108809284], [0.02217250892788415, 0.9997336166116206, 0.0064090299181993856, -0.0007037850891755473], [0.024011568117057618, -0.00694127337575885, 0.9996875828580063, 0.0022012371140054388], [0.0, 0.0, 0.0, 1.0]], "antennas": [-0.13894643513324914, 0.12164920385318448], "body_yaw": -0.0, "check_collision": false}, {"head": [[0.999470601362705, -0.022509501760448247, -0.02349126097444684, -0.010418991557388239], [0.02265623332428842, 0