{"description": "It is like whistling. Use it when someone makes you a proposal that makes you happy.", "time": [0.0, 0.010079383850097656, 0.02015852928161621, 0.030195236206054688, 0.040254831314086914, 0.05025935173034668, 0.06033492088317871, 0.07042956352233887, 0.08046531677246094, 0.09059762954711914, 0.10060381889343262, 0.11066794395446777, 0.12070488929748535, 0.13080096244812012, 0.14078116416931152, 0.15079832077026367, 0.16101837158203125, 0.171006441116333, 0.18099761009216309, 0.19109416007995605, 0.2011270523071289, 0.2113170623779297, 0.22132086753845215, 0.23131728172302246, 0.24149537086486816, 0.25142669677734375, 0.26155543327331543, 0.27156829833984375, 0.28159642219543457, 0.29171085357666016, 0.30176424980163574, 0.31199216842651367, 0.32189083099365234, 0.3320589065551758, 0.34203624725341797, 0.3520674705505371, 0.36222219467163086, 0.3724689483642578, 0.38234615325927734, 0.3924107551574707, 0.4024176597595215, 0.4125821590423584, 0.4226360321044922, 0.43273067474365234, 0.44271063804626465, 0.4527404308319092, 0.4628713130950928, 0.4728853702545166, 0.48285913467407227, 0.49309492111206055, 0.5032813549041748, 0.5131230354309082, 0.5232124328613281, 0.5332529544830322, 0.5432789325714111, 0.5533313751220703, 0.5633687973022461, 0.5734667778015137, 0.5835044384002686, 0.5936131477355957, 0.6036972999572754, 0.6136372089385986, 0.6236958503723145, 0.6338553428649902, 0.6438908576965332, 0.6539313793182373, 0.6641268730163574, 0.674069881439209, 0.6840250492095947, 0.6942193508148193, 0.7042410373687744, 0.7142460346221924, 0.7244014739990234, 0.7343871593475342, 0.7444198131561279, 0.7544925212860107, 0.7645306587219238, 0.7746734619140625, 0.7845973968505859, 0.7947425842285156, 0.8047754764556885, 0.8147921562194824, 0.82497239112854, 0.8349261283874512, 0.8450136184692383, 0.855175256729126, 0.865211009979248, 0.8752586841583252, 0.8852381706237793, 0.8953335285186768, 0.9054851531982422, 0.9155073165893555, 0.9256517887115479, 0.9355971813201904, 0.9456350803375244, 0.9557580947875977, 0.9657979011535645, 0.9759654998779297, 0.9858930110931396, 0.9961366653442383, 1.0060663223266602, 1.016040563583374, 1.026151180267334, 1.0362939834594727, 1.0462262630462646, 1.0563006401062012, 1.0664634704589844, 1.0764799118041992, 1.0864675045013428, 1.096562385559082, 1.1066224575042725, 1.1166408061981201, 1.1267616748809814, 1.1367905139923096, 1.1468110084533691, 1.156935691833496, 1.1669819355010986, 1.1771352291107178, 1.187093734741211, 1.1972308158874512, 1.2072088718414307, 1.21732759475708, 1.2273578643798828, 1.2376518249511719, 1.2474157810211182, 1.2575793266296387, 1.2676355838775635, 1.2776904106140137, 1.2876594066619873, 1.297795295715332, 1.307906150817871, 1.3179314136505127, 1.3279995918273926, 1.3380765914916992, 1.3480801582336426, 1.358213186264038, 1.3689613342285156, 1.378476619720459, 1.3884966373443604, 1.3985638618469238, 1.4086058139801025, 1.4185872077941895, 1.429563283920288, 1.439298152923584, 1.4491984844207764, 1.4594132900238037, 1.4694311618804932, 1.479405164718628, 1.489445686340332, 1.499464988708496, 1.5096535682678223, 1.5196971893310547, 1.529667615890503, 1.5397417545318604, 1.5497443675994873, 1.5601317882537842, 1.5702381134033203, 1.5801777839660645, 1.5902581214904785, 1.6001739501953125, 1.6102228164672852, 1.6201815605163574, 1.630316972732544, 1.6403863430023193, 1.6502940654754639, 1.6604418754577637, 1.6704895496368408, 1.6805307865142822, 1.6906001567840576, 1.7008171081542969, 1.7110114097595215, 1.7210443019866943, 1.731151819229126, 1.740969181060791, 1.7509777545928955, 1.7611145973205566, 1.7712392807006836, 1.7812161445617676, 1.7912671566009521, 1.8013100624084473, 1.811371088027954, 1.8214728832244873, 1.8315961360931396, 1.8415679931640625, 1.851548671722412, 1.8616719245910645, 1.871778964996338, 1.881730079650879, 1.8918840885162354, 1.9018871784210205, 1.911980152130127, 1.9219934940338135, 1.932295799255371, 1.9422211647033691, 1.9522619247436523, 1.962310552597046, 1.9724187850952148, 1.9823381900787354, 1.9925825595855713, 2.0025126934051514, 2.0124852657318115, 2.022627830505371, 2.032717227935791, 2.042772054672241, 2.052802085876465, 2.0629124641418457, 2.073110580444336, 2.083111524581909, 2.0931262969970703, 2.1031384468078613, 2.113168239593506, 2.123225212097168, 2.1333227157592773, 2.1435275077819824, 2.153538465499878, 2.1635210514068604, 2.173537492752075, 2.1836743354797363, 2.19376540184021, 2.2037689685821533, 2.2137610912323, 2.223925828933716, 2.234079122543335, 2.244035243988037, 2.2541205883026123, 2.264286994934082, 2.2742626667022705, 2.284219264984131, 2.294354200363159, 2.304476737976074, 2.314382553100586, 2.3247153759002686, 2.3346173763275146, 2.3446569442749023, 2.3548171520233154, 2.3647828102111816, 2.3750224113464355, 2.384871482849121, 2.3950862884521484, 2.4051320552825928, 2.4150547981262207, 2.4253227710723877, 2.436373710632324, 2.445401906967163, 2.455331802368164, 2.4653921127319336, 2.47552490234375, 2.485478162765503, 2.4960103034973145, 2.5064055919647217, 2.516113758087158, 2.52630615234375, 2.5363001823425293, 2.5462939739227295, 2.5564379692077637, 2.5664498805999756, 2.5764198303222656, 2.5864691734313965, 2.596545934677124, 2.6066808700561523, 2.6166982650756836, 2.626814603805542, 2.636936664581299, 2.6468818187713623, 2.656951904296875, 2.6670970916748047, 2.677166223526001, 2.687138795852661, 2.697185516357422, 2.7072808742523193, 2.7173240184783936, 2.7273800373077393, 2.7374472618103027, 2.7474770545959473, 2.7575418949127197, 2.7676374912261963, 2.777667760848999, 2.7876734733581543, 2.7979907989501953, 2.807887315750122], "set_target_data": [{"head": [[0.9873527551619977, -0.15844639191669874, 0.0054108929569790225, -0.013358064215044176], [0.15813744585779305, 0.986706565558679, 0.037452659464579076, -0.0044719700358629485], [-0.01127320236603377, -0.03612332171846964, 0.9992837537638837, 0.02], [0.0, 0.0, 0.0, 1.0]], "antennas": [-0.21302483027734284, 0.5258085026326995], "body_yaw": 0.06723863899077155, "check_collision": false}, {"head": [[0.9873398926037044, -0.15852555926172043, 0.005439074743401505, -0.013339426004089971], [0.15821958129668715, 0.9867069167999828, 0.03709480332031394, -0.00447444034885513], [-0.011247247112362645, -0.035764610997891924, 0.9992969488758399, 0.02], [0.0, 0.0, 0.0, 1.0]], "antennas": [-0.21302483027734284, 0.5258085026326995], "body_yaw": 0.06723863899077155, "check_collision": false}, {"head": [[0.9873259434014738, -0.15860789405154802, 0.005569329485897884, -0.013264554754352611], [0.15829857880727377, 0.9866987752836966, 0.036974136923669264, -0.0043427624280594716], [-0.011359640574723587, -0.03562390767708994, 0.9993007033760294, 0.02], [0.0, 0.0, 0.0, 1.0]], "antennas": [-0.21302483027734284, 0.5258085026326995], "body_yaw": 0.06723863899077155, "check_collision": false}, {"head": [[0.9873316329540089, -0.15857203140046913, 0.0055818837231445, -0.013250081196009744], [0.15826137116284986, 0.9867017108090785, 0.037054990002591645, -0.004352198278875301], [-0.01138353925739906, -0.03570216721665684, 0.9992976384891585, 0.02], [0.0, 0.0, 0.0, 1.0]], "antennas": [-0.21302483027734284, 0.5258085026326995], "body_yaw": 0.06723863899077155, "check_collision": false}, {"head": [[0.9873513562390805, -0.1584452795139337, 0.005691461376450953, -0.013205263161057976], [0.15812649259698905, 0.9867092662781496, 0.037427746122496226, -0.004474161389965614], [-0.01154606737476381, -0.03605436506980921, 0.999283128591487, 0.02], [0.0, 0.0, 0.0, 1.0]], "antennas": [-0.21302483027734284, 0.5258085026326995], "body_yaw": 0.06723863899077155, "check_collision": false}, {"head": [[0.9873926336507397, -0.1581947686704444, 0.005495650785906905, -0.013192536290795727], [0.15787696743878732, 0.9867282954315448, 0.03797544136794207, -0.00450442728116014], [-0.011430230294624573, -0.036629034386160005, 0.9992635606662285, 0.02], [0.0, 0.0, 0.0, 1.0]], "antennas": [-0.21302483027734284, 0.5258085026326995], "body_yaw": 0.06723863899077155, "check_collision": false}, {"head": [[0.9874163036519282, -0.15805149120905604, 0.005363712236564279, -0.013180232951765267], [0.1577348550720094, 0.9867381740307984, 0.03830785044580027, -0.004493088448177021], [-0.011347192506306322, -0.036979751715760546, 0.9992515895335196, 0.02], [0.0, 0.0, 0.0, 1.0]], "antennas": [-0.21302483027734284, 0.5258085026326995], "body_yaw": 0.06723863899077155, "check_collision": false}, {"head": [[0.98743634416639, -0.157922669381815, 0.00546778882509538, -0.013161236047550293], [0.1575980259728226, 0.9867456076429806, 0.03867774562657319, -0.0045273969584543935], [-0.011503409441701503, -0.03733009901682973, 0.999236776384161, 0.02], [0.0, 0.0, 0.0, 1.0]], "antennas": [-0.21302483027734284, 0.5258085026326995], "body_yaw": 0.06723863899077155, "check_collision": false}, {"head": [[0.9874578991308096, -0.15779018004535286, 0.005399678270347226, -0.013160570304294097], [0.15747052331831649, 0.9867740077670673, 0.03847196227352762, -0.004588560049072233], [-0.011398760021321223, -0.03713915287907523, 0.9992450908527903, 0.02], [0.0, 0.0, 0.0, 1.0]], "antennas": [-0.21302483027734284, 0.5258085026326995], "body_yaw": 0.06723863899077155, "check_collision": false}, {"head": [[0.9874609549412963, -0.15777000769170685, 0.005430206200729891, -0.013116050263112512], [0.15745496082107246, 0.9867959632311699, 0.03796922784969922, -0.0046100063872714665], [-0.011348910928288339, -0.03663811708626137, 0.9992641545643052, 0.02], [0.0, 0.0, 0.0, 1.0]], "antennas": [-0.21302483027734284, 0.5258085026326995], "body_yaw": 0.06723863899077155, "check_collision": false}, {"head": [[0.9874478373950099, -0.15786063941651432, 0.005175610778175276, -0.013147258051155712], [0.15756546516522393, 0.9868148246497559, 0.03700845901598531, -0.004591565232365187], [-0.01094954844660373, -0.035728425300879225, 0.9993015495906802, 0.02], [0.0, 0.0, 0.0, 1.0]], "antennas": [-0.21302483027734284, 0.5258085026326995], "body_yaw": 0.06723863899077155, "check_collision": false}, {"head": [[0.9874137760971239, -0.1580698012217025, 0.005288923836745455, -0.013142585589183409], [0.15778028132318572, 0.9868136128348198, 0.03611476636318112, -0.004603351232959319], [-0.010927835979543242, -0.034825729936675445, 0.9993336534587347, 0.02], [0.0, 0.0, 0.0, 1.0]], "antennas": [-0.21302483027734284, 0.5258085026326995], "body_yaw": 0.06723863899077155, "check_collision": false}, {"head": [[0.9873811470804639, -0.15826757262687366, 0.005463135076576782, -0.013124511380526595], [0.15798207845346587, 0.9868147390347918, 0.03518996605879212, -0.004613890378486229], [-0.010960532723851035, -0.03388283161858311, 0.9993657090594595, 0.02], [0.0, 0.0, 0.0, 1.0]], "antennas": [-0.21302483027734284, 0.5258085026326995], "body_yaw": 0.06723863899077155, "check_collision": false}, {"head": [[0.9873638029807231, -0.15836688587109765, 0.005714019857714572, -0.013097524502205932], [0.15808086237595004, 0.9868242921718461, 0.034471108627525185, -0.004706692152242136], [-0.011097815727410547, -0.033132247720694064, 0.999389359882851, 0.02], [0.0, 0.0, 0.0, 1.0]], "antennas": [-0.21302483027734284, 0.5258085026326995], "body_yaw": 0.06723863899077155, "check_collision": false}, {"head": [[0.9873529628772526, -0.1584316651298362, 0.005790870547512379, -0.01308804111318658], [0.15815111071019444, 0.9868380478171193, 0.03374749711650927, -0.004727539539969289], [-0.01106132354840168, -0.03240485865860893, 0.9994136142041858, 0.02], [0.0, 0.0, 0.0, 1.0]], "antennas": [-0.21302483027734284, 0.5258085026326995], "body_yaw": 0.06723863899077155, "check_collision": false}, {"head": [[0.9873324195139109, -0.15856222163341355, 0.005719724423651254, -0.013118217501927869], [0.15829222076880506, 0.9868411214577844, 0.03298748011021894, -0.004696919877543676], [-0.01087502739702984, -0.031664220669684155, 0.9994393983171241, 0.02], [0.0, 0.0, 0.0, 1.0]], "antennas": [-0.21302483027734284, 0.5258085026326995], "body_yaw": 0.06723863899077155, "check_collision": false}, {"head": [[0.9873295828241777, -0.15858398422194733, 0.005604893266450778, -0.013124392651423358], [0.15832432817402367, 0.9868567236310961, 0.03236068806966749, -0.004723835701188136], [-0.010663113451483117, -0.031063273690830225, 0.9994605400110248, 0.02], [0.0, 0.0, 0.0, 1.0]], "antennas": [-0.21302483027734284, 0.5258085026326995], "body_yaw": 0.06723863899077155, "check_collision": false}, {"head": [[0.9873182232967064, -0.15866908472545507, 0.005181457190904624, -0.013187408291982877], [0.15843159753347744, 0.9868682256449764, 0.03147275195031261, -0.00480117069604309], [-0.010107168209990833, -0.030252714997534253, 0.9994911797439999, 0.02], [0.0, 0.0, 0.0, 1.0]], "antennas": [-0.21302483027734284, 0.5258085026326995], "body_yaw": 0.06723863899077155, "check_collision": false}, {"head": [[0.9872815811503161, -0.15890374756283526, 0.0049677491702483706, -0.013186981627038146], [0.15868283606366895, 0.98686046382756, 0.030433246176573368, -0.004868357073070007], [-0.009738432118290119, -0.029257886877556216, 0.9995244564268237, 0.02], [0.0, 0.0, 0.0, 1.0]], "antennas": [-0.21302483027734284, 0.5258085026326995], "body_yaw": 0.06723863899077155, "check_collision": false}, {"head": [[0.987218607276707, -0.15930180048977727, 0.0047284043137293535, -0.013234276919993897], [0.15909806010962446, 0.9868267927009212, 0.029337492683717343, -0.004672612244122376], [-0.00933963146988258, -0.028210238714481698, 0.9995583793434372, 0.02], [0.0, 0.0, 0.0, 1.0]], "antennas": [-0.21302483027734284, 0.5258085026326995], "body_yaw": 0.06723863899077155, "check_collision": false}, {"head": [[0.9871601651071642, -0.15967019832372426, 0.004498465611617689, -0.01324919074283773], [0.15948327748595587, 0.9867984007786583, 0.028178013113416757, -0.004699922710789272], [-0.008938267613689882, -0.02709878203803367, 0.9995927987856461, 0.02], [0.0, 0.0, 0.0, 1.0]], "antennas": [-0.21302483027734284, 0.5258085026326995], "body_yaw": 0.06723863899077155, "check_collision": false}, {"head": [[0.9871229052944369, -0.15990624084787675, 0.0042853215715773696, -0.013261055867926154], [0.15973010511903152, 0.98677503508743, 0.027592093919548547, -0.00459013982832591], [-0.008640796359950742, -0.026552293047924808, 0.999610080167344, 0.02], [0.0, 0.0, 0.0, 1.0]], "antennas": [-0.21302483027734284, 0.5258085026326995], "body_yaw": 0.06723863899077155, "check_collision": false}, {"head": [[0.987096368723289, -0.16007468381841095, 0.004105417607590374, -0.013234527875352628], [0.15990765879105573, 0.9867607056084303, 0.02707121214715183, -0.004613171694956826], [-0.008384480500319605, -0.026065407489402004, 0.9996250772260324, 0.02], [0.0, 0.0, 0.0, 1.0]], "antennas": [-0.21302483027734284, 0.5258085026326995], "body_yaw": 0.06723863899077155, "check_collision": false}, {"head": [[0.9871024897213118, -0.16003848304334595, 0.0040445928314615, -0.013186563242324607], [0.15987635490580548, 0.986776608272758, 0.02667351697367253, -0.004630884654169337], [-0.008259898789971382, -0.025682860255363604, 0.9996360161384157, 0.02], [0.0, 0.0, 0.0, 1.0]], "antennas": [-0.21302483027734284, 0.5258085026326995], "body_yaw": 0.06723863899077155, "check_collision": false}, {"head": [[0.9871095342181422, -0.15999762083054203, 0.003940657839541159, -0.013171061058834437], [0.15984217874995882, 0.986795345135316, 0.026180617100035813, -0.0045291933267889075], [-0.008077459260711344, -0.025213253416379516, 0.9996494618135163, 0.02], [0.0, 0.0, 0.0, 1.0]], "antennas": [-0.21302483027734284, 0.5258085026326995], "body_yaw": 0.06723863899077155, "check_collision": false}, {"head": [[0.9870775383033584, -0.16020129012116419, 0.0036715147414198316, -0.013105851881059795], [0.1600589117499973, 0.9867815579841634, 0.025363390777921338, -0.004698821531559696], [-0.007686230961170322, -0.024447974678110967, 0.9996715552558999, 0.02], [0.0, 0.0, 0.0, 1.0]], "antennas": [-0.21302483027734284, 0.5258085026326995], "body_yaw": 0.06723863899077155, "check_collision": false}, {"head": [[0.9870332338237576, -0.16047596326561556, 0.003586159699164342, -0.013041186449292029], [0.16034277440904396, 0.9867595217908938, 0.02440985149108627, -0.004718364857238507], [-0.007455871661015874, -0.02351831985876664, 0.9996956029756232, 0.02], [0.0, 0.0, 0.0, 1.0]], "antennas": [-0.21302483027734284, 0.5258085026326995], "body_yaw": 0.06723863899077155, "check_collision": false}, {"head": [[0.9869508186050164, -0.16098488516174783, 0.003456646401753868, -0.012941043256627913], [0.16086559481876364, 0.9867109169873415, 0.022887260683731356, -0.00477869768022572], [-0.007095213773613032, -0.022032545187938797, 0.999732076555538, 0.02], [0.0, 0.0, 0.0, 1.0]], "antennas": [-0.21302483027734284, 0.5258085026326995], "body_yaw": 0.06723863899077155, "check_collision": false}, {"head": [[0.98688350547541, -0.16140442702005048, 0.0030915301868004235, -0.012883005794964417], [0.16130548104636788, 0.9866809021991926, 0.021008070348976234, -0.004796093318581078], [-0.0064411493513616995, -0.02023383734532047, 0.9997745262914618, 0.02], [0.0, 0.0, 0.0, 1.0]], "antennas": [-0.21302483027734284, 0.5258085026326995], "body_yaw": 0.06723863899077155, "check_collision": false}, {"head": [[0.9867906704226543, -0.16197543112986934, 0.0028517498314896755, -0.012840593955218702], [0.16189506976833296, 0.9866305438379792, 0.018712465114998814, -0.004807176053001747], [-0.005844583091637097, -0.018003601758159356, 0.9998208395368736, 0.02], [0.0, 0.0, 0.0, 1.0]], "antennas": [-0.21302483027734284, 0.5258085026326995], "body_yaw": 0.06723863899077155, "check_collision": false}, {"head": [[0.9867184711208267, -0.16241391669427938, 0.002894548842597291, -0.012832649667077969], [0.16234512061445186, 0.9865953478967807, 0.016543316508775708, -0.004717145701875513], [-0.005542613251669892, -0.015853680091831215, 0.9998589601868298, 0.02], [0.0, 0.0, 0.0, 1.0]], "antennas": [-0.21302483027734284, 0.5258085026326995], "body_yaw": 0.06723863899077155, "check_collision": false}, {"head": [[0.9866337638787727, -0.1629348551987121, 0.0024594584324814923, -0.012838147129129675], [0.16288241333841158, 0.9865370295336218, 0.014629039067303827, -0.004710230427618324], [-0.00480992717836916, -0.014032901351915492, 0.9998899650862519, 0.02], [0.0, 0.0, 0.0, 1.0]], "antennas": [-0.21302483027734284, 0.5258085026326995], "body_yaw": 0.06723863899077155, "check_collision": false}, {"head": [[0.986571069132234, -0.16332333181630404, 0.001736328224298857, -0.012854614855908423], [0.1632853266841658, 0.9864856727851261, 0.013561691609920197, -0.004658718891299355], [-0.003927803575320643, -0.013096055669505039, 0.9999065284740245, 0.02], [0.0, 0.0, 0.0, 1.0]], "antennas": [-0.21302483027734284, 0.5258085026326995], "body_yaw": 0.06723863899077155, "check_collision": false}, {"head": [[0.9864940222229126, -0.16379231912677517, 0.0012729153674324455, -0.012859321467958438], [0.16376468319806764, 0.9864230051437748, 0.012279391685317739, -0.004587032600136246], [-0.0032669030436406374, -0.011905087912214158, 0.9999237952095681, 0.02], [0.0, 0.0, 0.0, 1.0]], "antennas": [-0.21302483027734284, 0.5258085026326995], "body_yaw": 0.06723863899077155, "check_collision": false}, {"head": [[0.9864150879951671, -0.1642712072782966, 0.0004946057190797737, -0.01291410733287196], [0.16425644049123142, 0.9863588505000843, 0.010772176999219627, -0.004550852232847366], [-0.0022574172491996, -0.010544595747722095, 0.999941856093583, 0.02], [0.0, 0.0, 0.0, 1.0]], "antennas": [-0.21302483027734284, 0.5258085026326995], "body_yaw": 0.06723863899077155, "check_collision": false}, {"head": [[0.986345080796173, -0.16469164388254132, -0.00020982005788159437, -0.012972158514343936], [0.16468675961230317, 0.9863042826038764, 0.00906274382579044, -0.004512598370319585], [-0.0012856117570909699, -0.008973547376518476, 0.9999589104807712, 0.02], [0.0, 0.0, 0.0, 1.0]], "antennas": [-0.21302483027734284, 0.5258085026326995], "body_yaw": 0.06723863899077155, "check_collision": false}, {"head": [[0.9862753419937903, -0.16510663687278687, -0.0008650061213166455, -0.012989521477974388], [0.1651086335241701, 0.9862507369378117, 0.0069730212537253014, -0.004528508540111003], [-0.0002981791634407884, -0.007020138900428523, 0.999975314064805, 0.02], [0.0, 0.0, 0.0, 1.0]], "antennas": [-0.21302483027734284, 0.5258085026326995], "body_yaw": 0.06723863899077155, "check_collision": false}, {"head": [[0.9862038502707005, -0.16552823796030544, -0.0015388791382777395, -0.013026981663523087], [0.16553402114568108, 0.9861908941447766, 0.005099818552374503, -0.004503874368764158], [0.0006734646144670401, -0.005284197543849999, 0.999985811750212, 0.02], [0.0, 0.0, 0.0, 1.0]], "antennas": [-0.21302483027734284, 0.5258085026326995], "body_yaw": 0.06723863899077155, "check_collision": false}, {"head": [[0.9861019339318796, -0.16612919884047034, -0.002016231244171387, -0.013042494282812206], [0.1661343555373021, 0.9860993288862837, 0.002736691474372306, -0.004481767455529898], [0.0015335599146459448, -0.003033622033818005, 0.999994222648983, 0.02], [0.0, 0.0, 0.0, 1.0]], "antennas": [-0.21302483027734284, 0.5258085026326995], "body_yaw": 0.06723863899077155, "check_collision": false}, {"head": [[0.9859967275177849, -0.16674912892219035, -0.002276253041589874, -0.013055946688478702], [0.16674964424790978, 0.9859992671197979, 3.718086168601149e-05, -0.004503123266240109], [0.0022381839544881083, -0.00041622459285203285, 0.9999974086414793, 0.02], [0.0, 0.0, 0.0, 1.0]], "antennas": [-0.21302483027734284, 0.5258085026326995], "body_yaw": 0.06723863899077155, "check_collision": false}, {"head": [[0.9858728304806882, -0.16747858022042095, -0.002384803419249647, -0.013028143697156687], [0.16747089610145655, 0.9858720725813689, -0.0031233736714477447, -0.004498508538107822], [0.0028742092776266963, 0.0026798640764714907, 0.9999922785949701, 0.02], [0.0, 0.0, 0.0, 1.0]], "antennas": [-0.21302483027734284, 0.5258085026326995], "body_yaw": 0.06723863899077155, "check_collision": false}, {"head": [[0.9857244408682448, -0.16835080138637862, -0.0023096206508947236, -0.012975923855455316], [0.1683302170999275, 0.9857037831464727, -0.007279416310649289, -0.004481201311235252], [0.00350209738274303, 0.006786719627078364, 0.9999708374500859, 0.02], [0.0, 0.0, 0.0, 1.0]], "antennas": [-0.21302483027734284, 0.5258085026326995], "body_yaw": 0.06723863899077155, "check_collision": false}, {"head": [[0.9855063340387081, -0.1696260036584255, -0.0020698918952461263, -0.012923940139216288], [0.16957886621247176, 0.9854096521431468, -0.014519834613897399, -0.0045741730690135474], [0.004502632971805098, 0.013958379060412146, 0.9998924391904996, 0.02], [0.0, 0.0, 0.0, 1.0]], "antennas": [-0.21302483027734284, 0.5258085026326995], "body_yaw": 0.06723863899077155, "check_collision": false}, {"head": [[0.9852854269984042, -0.17090865707799813, -0.001690644956041356, -0.012849482791000968], [0.17083118284154086, 0.9850558798800079, -0.021945853430283012, -0.00452087114130144], [0.005416116092938263, 0.021334114690295163, 0.999757731271356, 0.02], [0.0, 0.0, 0.0, 1.0]], "antennas": [-0.21302483027734284, 0.5258085026326995], "body_yaw": 0.06723863899077155, "check_collision": false}, {"head": [[0.9848886535879552, -0.1731827870760258, -0.001436069039115943, -0.012837675595061127], [0.17304643812946147, 0.9843816438569785, -0.03236834083081409, -0.004351342489684872], [0.00701927947952417, 0.0316307049876095, 0.9994749762838365, 0.02], [0.0, 0.0, 0.0, 1.0]], "antennas": [-0.21302483027734284, 0.5258085026326995], "body_yaw": 0.06723863899077155, "check_collision": false}, {"head": [[0.9846683338243873, -0.1744224477395957, -0.0022543486937950893, -0.012892104624771484], [0.17416761900390276, 0.983783499634637, -0.042844676882174776, -0.003974246182200733], [0.009690864461779499, 0.04179516205441243, 0.9990792018528006, 0.02], [0.0, 0.0, 0.0, 1.0]], "antennas": [-0.21302483027734284, 0.5258085026326995], "body_yaw": 0.06723863899077155, "check_collision": false}, {"head": [[0.9844204147988718, -0.17581092248240437, -0.002639405823933439, -0.012848447529465162], [0.17538986202794515, 0.9829038132899905, -0.056022228782992255, -0.0038659228976247167], [0.012443601771022161, 0.05468650067321509, 0.9984260330235198, 0.02], [0.0, 0.0, 0.0, 1.0]], "antennas": [-0.21302483027734284, 0.5258085026326995], "body_yaw": 0.06723863899077155, "check_collision": false}, {"head": [[0.9841818110913519, -0.17713815507619066, -0.0028699709318587997, -0.012838251766602499], [0.17652043223457645, 0.9818691358291779, -0.06909078889245311, -0.0037083785196657653], [0.015056550755886773, 0.0674912892325124, 0.9976062480543456, 0.02], [0.0, 0.0, 0.0, 1.0]], "antennas": [-0.21302483027734284, 0.5258085026326995], "body_yaw": 0.06723863899077155, "check_collision": false}, {"head": [[0.9839559969411801, -0.1783780483606849, -0.0034449886097495204, -0.012887843178769797], [0.17746957070363892, 0.9805610712431264, -0.0836931122422757, -0.0037124764476715536], [0.018307035744605245, 0.0817389590438073, 0.9964856220822658, 0.02], [0.0, 0.0, 0.0, 1.0]], "antennas": [-0.21302483027734284, 0.5258085026326995], "body_yaw": 0.06723863899077155, "check_collision": false}, {"head": [[0.983688972223877, -0.17983755829043646, -0.0038024404356666406, -0.012842248811914482], [0.17856971423744555, 0.9788622174387438, -0.09970765481176824, -0.0037132370479318975], [0.021653246460749474, 0.0974023197826395, 0.9950095100141861, 0.02], [0.0, 0.0, 0.0, 1.0]], "antennas": [-0.21302483027734284, 0.5258085026326995], "body_yaw": 0.06723863899077155, "check_collision": false}, {"head": [[0.9834031808246887, -0.1813677713676709, -0.0048903428314749624, -0.012877186788388438], [0.17951446591696107, 0.9765572356986338, -0.11878771793073409, -0.003559660300745641], [0.02631996334407257, 0.11593833237444673, 0.9929076304550185, 0.02], [0.0, 0.0, 0.0, 1.0]], "antennas": [-0.21302483027734284, 0.5258085026326995], "body_yaw": 0.06723863899077155, "check_collision": false}, {"head": [[0.9830185716910063, -0.183370259462394, -0.007059437319510101, -0.012850539858860109], [0.1805578521449172, 0.9733773765665672, -0.14119258060252768, -0.003312386138228535], [0.03276201671735134, 0.13752029207750163, 0.9899569786245919, 0.02], [0.0, 0.0, 0.0, 1.0]], "antennas": [-0.21302483027734284, 0.5258085026326995], "body_yaw": 0.06723863899077155, "check_collision": false}, {"head": [[0.9826215552325637, -0.1854156624721439, -0.008712709243042294, -0.012905884362498267], [0.1814927647721801, 0.9695562106745342, -0.16438105328105232, -0.003114018230080161], [0.038926283250368184, 0.15994307253661869, 0.9863584328325368, 0.02], [0.0, 0.0, 0.0, 1.0]], "antennas": [-0.21302483027734284, 0.5258085026326995], "body_yaw": 0.06723863899077155, "check_collision": false}, {"head": [[0.9821984040138614, -0.187600980647272, -0.009600375659589721, -0.012992245156666863], [0.18249292171026443, 0.965073589168125, -0.18796090289154316, -0.00285975894672341], [0.04452671870096271, 0.18286289823344343, 0.9821295901108928, 0.02], [0.0, 0.0, 0.0, 1.0]], "antennas": [-0.21302483027734284, 0.5258085026326995], "body_yaw": 0.06723863899077155, "check_collision": false}, {"head": [[0.9817043425331782, -0.19004206906985405, -0.011857311463786071, -0.013029673814849952], [0.18321870144291547, 0.9597405838378237, -0.21290589277003413, -0.002658857229149358], [0.05184101940618273, 0.20683815827424662, 0.9770007599734227, 0.02], [0.0, 0.0, 0.0, 1.0]], "antennas": [-0.21302483027734284, 0.5258085026326995], "body_yaw": 0.06231072570968892, "check_collision": false}, {"head": [[0.9811558279129045, -0.19270765312568228, -0.014035732233649512, -0.013103014698256], [0.18400818505630834, 0.954079430287912, -0.23637560900773286, -0.0024310002437642163], [0.05894259228118809, 0.22933861674014894, 0.9715603788169259, 0.02], [0.0, 0.0, 0.0, 1.0]], "antennas": [-0.21302483027734284, 0.5258085026326995], "body_yaw": 0.05289293588361991, "check_collision": false}, {"head": [[0.9806606973094407, -0.19508612005722784, -0.015684467271114295, -0.01314194084461385], [0.18438666439847587, 0.9477936768412136, -0.26017052894556886, -0.0022424410093287873], [0.06562129794941281, 0.2522470057321397, 0.965435286984376, 0.02], [0.0, 0.0, 0.0, 1.0]], "antennas": [-0.21302483027734284, 0.5258085026326995], "body_yaw": 0.03975183380073292, "check_collision": false}, {"head": [[0.9802837374789873, -0.19681980064398674, -0.017485997503394583, -0.013260031553846856], [0.18397559849430795, 0.9414212113124776, -0.28262887688558685, -0.0018720651960099227], [0.07208864815550778, 0.27383949489693477, 0.9590699441863991, 0.02], [0.0, 0.0, 0.0, 1.0]], "antennas": [-0.21302483027734284, 0.5258085026326995], "body_yaw": 0.02080674496457083, "check_collision": false}, {"head": [[0.9799207434637998, -0.19845619859387328, -0.019247695161324904, -0.013293697735412705], [0.18335601912467023, 0.9348481496507829, -0.3040386609384753, -0.0016926041300159445], [0.07833202908202826, 0.2944046099064631, 0.9524652323763402, 0.02], [0.0, 0.0, 0.0, 1.0]], "antennas": [-0.21302483027734284, 0.5258085026326995], "body_yaw": -0.002080674496457348, "check_collision": false}, {"head": [[0.9795587136086431, -0.20004963706160558, -0.021091925111282828, -0.013321878655280991], [0.1824894300016737, 0.9278628644254311, -0.3252200989451576, -0.0015160046404669274], [0.08463057680911981, 0.3147231283711982, 0.9454030981212204, 0.02], [0.0, 0.0, 0.0, 1.0]], "antennas": [-0.21302483027734284, 0.5258085026326995], "body_yaw": -0.026610731717846402, "check_collision": false}, {"head": [[0.9794413349863946, -0.20041971674121223, -0.02294795113818643, -0.013372702871779777], [0.18056611256457755, 0.9217207247032091, -0.34325906345777196, -0.0013842095426931586], [0.0899474864206035, 0.33205849303091567, 0.938960386221193, 0.02], [0.0, 0.0, 0.0, 1.0]], "antennas": [-0.21302483027734284, 0.5258085026326995], "body_yaw": -0.05311195425166851, "check_collision": false}, {"head": [[0.9793930370602393, -0.200344357290762, -0.025522881100535848, -0.013410992832276114], [0.17788473048234993, 0.9155523639014942, -0.36072273509664937, -0.0012996363386216618], [0.09563629864827639, 0.3487492042372818, 0.9323238122694928, 0.02], [0.0, 0.0, 0.0, 1.0]], "antennas": [-0.21302483027734284, 0.5258085026326995], "body_yaw": -0.0801607227056109, "check_collision": false}, {"head": [[0.9793088492922533, -0.20032936622829373, -0.028676169975303825, -0.013399012678081135], [0.17508812137427748, 0.9097880464342281, -0.3763374288042801, -0.0011985971936841304], [0.1014806752613946, 0.36352971761873953, 0.9260387772423628, 0.02], [0.0, 0.0, 0.0, 1.0]], "antennas": [-0.21302483027734284, 0.5258085026326995], "body_yaw": -0.10753801871162548, "check_collision": false}, {"head": [[0.9789939162924511, -0.20136931101061772, -0.03195797937101985, -0.01319975691048618], [0.17326123128516668, 0.9042710826909706, -0.3902234676982513, -0.0014082874901775143], [0.1074777074370187, 0.37648932201592294, 0.9201653834023933, 0.02], [0.0, 0.0, 0.0, 1.0]], "antennas": [-0.21302483027734284, 0.5258085026326995], "body_yaw": -0.13469629634959193, "check_collision": false}, {"head": [[0.9788766336128094, -0.201645007450253, -0.03376132605869376, -0.013194191926249918], [0.17130834342132006, 0.8990668212512081, -0.4029048304494396, -0.001311548259891708], [0.11159743563853552, 0.38861052725786527, 0.9146189755648344, 0.02], [0.0, 0.0, 0.0, 1.0]], "antennas": [-0.21302483027734284, 0.5258085026326995], "body_yaw": -0.1609785005153659, "check_collision": false}, {"head": [[0.9787208470496153, -0.20235572957147357, -0.03402443621987185, -0.013412421046174763], [0.1705356413314627, 0.8943574851551407, -0.41357258586932355, -0.0013388468406164717], [0.11411879155577394, 0.39896973250682677, 0.9098351795557703, 0.02], [0.0, 0.0, 0.0, 1.0]], "antennas": [-0.21302483027734284, 0.5258085026326995], "body_yaw": -0.18627512202492336, "check_collision": false}, {"head": [[0.9786352110249367, -0.20285642277233829, -0.03350217130557005, -0.013328362173802184], [0.16992221911660876, 0.8897252769053184, -0.4236925431090822, -0.001556316418203852], [0.11575648229220088, 0.40894767804178156, 0.9051862976379893, 0.02], [0.0, 0.0, 0.0, 1.0]], "antennas": [-0.21302483027734284, 0.5258085026326995], "body_yaw": -0.21113370679838458, "check_collision": false}, {"head": [[0.9785738738576739, -0.20325874557758852, -0.032848983993580695, -0.013560932594939618], [0.1693493417258308, 0.8853087109709727, -0.4330696095732679, -0.0016288809406500605], [0.11710667726570148, 0.41822765167446785, 0.9007617096183912, 0.02], [0.0, 0.0, 0.0, 1.0]], "antennas": [-0.21302483027734284, 0.5258085026326995], "body_yaw": -0.2357732732037977, "check_collision": false}, {"head": [[0.9784370546488989, -0.20394420876752578, -0.032675522951826186, -0.013344569650681452], [0.16889749121929976, 0.8810795194355142, -0.44178333817733506, -0.002420273211459526], [0.11888888741095202, 0.42673837434834816, 0.8965265151174922, 0.02], [0.0, 0.0, 0.0, 1.0]], "antennas": [-0.21302483027734284, 0.5258085026326995], "body_yaw": -0.2598652936890905, "check_collision": false}, {"head": [[0.9782632266821847, -0.20468943739380444, -0.03321586278825799, -0.013397228290615605], [0.16833588248070694, 0.8774176787376438, -0.44922293764687327, -0.0026498803817282413], [0.12109537559627198, 0.4338668589072606, 0.8928020266280453, 0.02], [0.0, 0.0, 0.0, 1.0]], "antennas": [-0.21302483027734284, 0.5258085026326995], "body_yaw": -0.28351927743828714, "check_collision": false}, {"head": [[0.978065149474216, -0.20538411834862086, -0.03472646417559649, -0.013371490068316795], [0.1674034418336927, 0.8742473419985193, -0.4557056864586586, -0.002603622998575859], [0.1239542296422867, 0.4398965207167289, 0.8894528655387555, 0.02], [0.0, 0.0, 0.0, 1.0]], "antennas": [-0.21302483027734284, 0.5258085026326995], "body_yaw": -0.30596866016321905, "check_collision": false}, {"head": [[0.9780354006477658, -0.20545145283238164, -0.03516327073563206, -0.013457052547526004], [0.1665266927224136, 0.8716372149097117, -0.46099612383985994, -0.0026159139424050595], [0.12536193876411827, 0.4450149054958769, 0.8867052036589144, 0.02], [0.0, 0.0, 0.0, 1.0]], "antennas": [-0.21302483027734284, 0.5258085026326995], "body_yaw": -0.32699442349583824, "check_collision": false}, {"head": [[0.9780259378869761, -0.2055377332374469, -0.03492141228404506, -0.013464656034086961], [0.16624684435661446, 0.869947148624432, -0.4642778751369565, -0.0025617319731437663], [0.1258064050903917, 0.44827022967829566, 0.8850008754924482, 0.02], [0.0, 0.0, 0.0, 1.0]], "antennas": [-0.21302483027734284, 0.5258085026326995], "body_yaw": -0.3446254021237116, "check_collision": false}, {"head": [[0.9781580104577868, -0.2050703297723661, -0.03395683177677882, -0.013449464810324795], [0.16634073307461583, 0.8702129595476129, -0.4637457984236443, -0.0024820847859930353], [0.12465017889061711, 0.44796826325358907, 0.8853173261718645, 0.02], [0.0, 0.0, 0.0, 1.0]], "antennas": [-0.21302483027734284, 0.5258085026326995], "body_yaw": -0.35962816033500755, "check_collision": false}, {"head": [[0.9783033952052317, -0.20456789703163958, -0.03277868871642913, -0.013414069294301945], [0.1667465536468874, 0.8713669479747834, -0.46142738196166533, -0.00276296044131368], [0.1229554951061633, 0.4459502410372298, 0.8865722354901685, 0.02], [0.0, 0.0, 0.0, 1.0]], "antennas": [-0.21302483027734284, 0.5258085026326995], "body_yaw": -0.3721122073137502, "check_collision": false}, {"head": [[0.9784595702375293, -0.20390563039851317, -0.032239157904236905, -0.013409959400687746], [0.1666865101926256, 0.8724845158835984, -0.45933253407870706, -0.002881786863562606], [0.12178865600043831, 0.4440644811681607, 0.88767914239012, 0.02], [0.0, 0.0, 0.0, 1.0]], "antennas": [-0.21302483027734284, 0.5258085026326995], "body_yaw": -0.3847057634765169, "check_collision": false}, {"head": [[0.978649461951359, -0.20300944550281208, -0.032130914380953716, -0.013390925004669105], [0.16665729677487784, 0.8752656526720062, -0.4540213460668311, -0.0029189279163897696], [0.12029370745806153, 0.4389728947091013, 0.8904112654592296, 0.02], [0.0, 0.0, 0.0, 1.0]], "antennas": [-0.21302483027734284, 0.5258085026326995], "body_yaw": -0.3977373563753799, "check_collision": false}, {"head": [[0.9788832748665093, -0.20189095966653114, -0.03205580433470731, -0.013259606972531238], [0.1665105579280628, 0.878452114324083, -0.4478795786124139, -0.003269159783180606], [0.11858232703528457, 0.43308419879334703, 0.8935190588176737, 0.02], [0.0, 0.0, 0.0, 1.0]], "antennas": [-0.21302483027734284, 0.5258085026326995], "body_yaw": -0.411097476826315, "check_collision": false}, {"head": [[0.9791112837263197, -0.20077575973307546, -0.032096547842487534, -0.01322198293136019], [0.16673434417288288, 0.8831852835686436, -0.4383872869518615, -0.0033543058007341215], [0.11636473930292363, 0.4238783424420048, 0.8982128913879948, 0.02], [0.0, 0.0, 0.0, 1.0]], "antennas": [-0.21302483027734284, 0.5258085026326995], "body_yaw": -0.4246766156452982, "check_collision": false}, {"head": [[0.9793106210121317, -0.19984110610953496, -0.03184713302246248, -0.013188245573979048], [0.16719704705138358, 0.8877039475620901, -0.42898350660599904, -0.0034341770363336428], [0.1139993641654648, 0.4147833576598745, 0.9027507469829479, 0.02], [0.0, 0.0, 0.0, 1.0]], "antennas": [-0.21302483027734284, 0.5258085026326995], "body_yaw": -0.43825575446428144, "check_collision": false}, {"head": [[0.9794966643984626, -0.19912142889960815, -0.030609491751150394, -0.012959210400153656], [0.16849525952564487, 0.8929970593534033, -0.4173315222979924, -0.003830648873077375], [0.11043383516690451, 0.40361727978265804, 0.9082386577938513, 0.02], [0.0, 0.0, 0.0, 1.0]], "antennas": [-0.21302483027734284, 0.5258085026326995], "body_yaw": -0.44997323715485565, "check_collision": false}, {"head": [[0.9795852893275845, -0.1987324356609381, -0.03029983414580907, -0.012968608724760362], [0.16977619332275815, 0.8985561787300289, -0.4046885689600359, -0.004078165048210321], [0.10765084817977931, 0.39128277841269654, 0.9139524507346182, 0.02], [0.0, 0.0, 0.0, 1.0]], "antennas": [-0.21302483027734284, 0.5258085026326995], "body_yaw": -0.4589529902448284, "check_collision": false}, {"head": [[0.9796519999590119, -0.1985314261059353, -0.029448800054525014, -0.012916404348282371], [0.17158476310356488, 0.904573033670161, -0.39026439221053083, -0.004162332105993432], [0.10411833674719045, 0.37727032696079493, 0.9202317492609637, 0.02], [0.0, 0.0, 0.0, 1.0]], "antennas": [-0.21302483027734284, 0.5258085026326995], "body_yaw": -0.4589529902448284, "check_collision": false}, {"head": [[0.9797329580930993, -0.1982415889332147, -0.028698488520831095, -0.013135311745847894], [0.17331265592693912, 0.9107822198587738, -0.37475121251928606, -0.004086364999442526], [0.10042934890606614, 0.3621823027238617, 0.9266811347340277, 0.02], [0.0, 0.0, 0.0, 1.0]], "antennas": [-0.21302483027734284, 0.5258085026326995], "body_yaw": -0.4589529902448284, "check_collision": false}, {"head": [[0.9798366318859981, -0.1979024836205565, -0.027473292323978334, -0.013153959645209545], [0.175305128652117, 0.917512358345015, -0.3569862520496187, -0.004141145957068543], [0.09585555113068886, 0.3449719977925521, 0.9337055392662335, 0.02], [0.0, 0.0, 0.0, 1.0]], "antennas": [-0.21302483027734284, 0.5258085026326995], "body_yaw": -0.4589529902448284, "check_collision": false}, {"head": [[0.9796764145542987, -0.19872321094589512, -0.027261845084052945, -0.013066167965883745], [0.17818871456994484, 0.9246246023733773, -0.33662757861735604, -0.0041334189661712175], [0.09210268598658983, 0.32492834612761434, 0.9412431487755055, 0.02], [0.0, 0.0, 0.0, 1.0]], "antennas": [-0.21302483027734284, 0.5258085026326995], "body_yaw": -0.45391556777972175, "check_collision": false}, {"head": [[0.9797091318453768, -0.19873254274473684, -0.02598833263196256, -0.013083143765874465], [0.18055681667756002, 0.9314273040281132, -0.31597850126580