{"description": "A gesture to invite your interlocutor to come closer.", "time": [0.0, 0.010017156600952148, 0.020143508911132812, 0.030219554901123047, 0.04014945030212402, 0.050278663635253906, 0.060442447662353516, 0.07045936584472656, 0.08059835433959961, 0.0905618667602539, 0.10058712959289551, 0.11058521270751953, 0.12070536613464355, 0.1307389736175537, 0.14072632789611816, 0.15088295936584473, 0.16091632843017578, 0.17099428176879883, 0.18113446235656738, 0.1911163330078125, 0.2011549472808838, 0.21143794059753418, 0.221405029296875, 0.23135614395141602, 0.24138236045837402, 0.2514841556549072, 0.2615079879760742, 0.27190423011779785, 0.28174853324890137, 0.2917156219482422, 0.3020205497741699, 0.31213903427124023, 0.32193422317504883, 0.3320343494415283, 0.3420066833496094, 0.35207295417785645, 0.3620882034301758, 0.3722105026245117, 0.3823277950286865, 0.3922755718231201, 0.40236616134643555, 0.412367582321167, 0.42243361473083496, 0.43256473541259766, 0.4424893856048584, 0.45259928703308105, 0.46268129348754883, 0.4726715087890625, 0.4828617572784424, 0.49283671379089355, 0.5029087066650391, 0.5130152702331543, 0.5230367183685303, 0.5330624580383301, 0.5431275367736816, 0.5533225536346436, 0.5634279251098633, 0.5733075141906738, 0.5838015079498291, 0.5935158729553223, 0.6035878658294678, 0.613652229309082, 0.6236958503723145, 0.6337890625, 0.64375901222229, 0.6538732051849365, 0.6639776229858398, 0.6739809513092041, 0.6841881275177002, 0.6941299438476562, 0.704157829284668, 0.7144968509674072, 0.7243850231170654, 0.7344377040863037, 0.744328498840332, 0.7545626163482666, 0.7645766735076904, 0.7745366096496582, 0.7848567962646484, 0.7947714328765869, 0.8048160076141357, 0.8149149417877197, 0.824974536895752, 0.8350951671600342, 0.8450260162353516, 0.8550736904144287, 0.8651368618011475, 0.8751308917999268, 0.8853416442871094, 0.8954067230224609, 0.9053773880004883, 0.9155025482177734, 0.9255876541137695, 0.9357204437255859, 0.9457509517669678, 0.9557852745056152, 0.9658291339874268, 0.9758288860321045, 0.9864070415496826, 0.996734619140625, 1.0066382884979248, 1.0169305801391602, 1.0266883373260498, 1.036841869354248, 1.0468316078186035, 1.0569217205047607, 1.0671484470367432, 1.0770232677459717, 1.0872466564178467, 1.0971086025238037, 1.1071054935455322, 1.1173200607299805, 1.1274113655090332, 1.137312650680542, 1.1474180221557617, 1.1574578285217285, 1.167572021484375, 1.1775295734405518, 1.1876966953277588, 1.1977996826171875, 1.207730770111084, 1.2178611755371094, 1.2279865741729736, 1.2379648685455322, 1.2480156421661377, 1.2580280303955078, 1.268146276473999, 1.2782409191131592, 1.2882776260375977, 1.2982728481292725, 1.3083164691925049, 1.3184561729431152, 1.3284244537353516, 1.3384993076324463, 1.3486104011535645, 1.358668565750122, 1.368920087814331, 1.3788070678710938, 1.3888473510742188, 1.3989269733428955, 1.4088733196258545, 1.4189832210540771, 1.4290876388549805, 1.4390285015106201, 1.4491617679595947, 1.4591691493988037, 1.4692678451538086, 1.4793648719787598, 1.4893968105316162, 1.499464750289917, 1.5094754695892334, 1.5196728706359863, 1.5296130180358887, 1.5396666526794434, 1.5498759746551514, 1.5598804950714111, 1.5699162483215332, 1.5800049304962158, 1.5901012420654297, 1.6001029014587402, 1.6100635528564453, 1.6201484203338623, 1.6302480697631836, 1.6402654647827148, 1.6503899097442627, 1.6604046821594238, 1.6703853607177734, 1.6805064678192139, 1.6906054019927979, 1.7006638050079346, 1.7106728553771973, 1.7208995819091797, 1.7308461666107178, 1.7408432960510254, 1.7509806156158447, 1.760991096496582, 1.7711570262908936, 1.781205654144287, 1.7911789417266846, 1.801332712173462, 1.811324119567871, 1.8214075565338135, 1.8315417766571045, 1.841477632522583, 1.8515629768371582, 1.8616678714752197, 1.8716657161712646, 1.8819801807403564, 1.8920137882232666, 1.9019863605499268, 1.9120454788208008, 1.9223723411560059, 1.932248592376709, 1.9421730041503906, 1.9522781372070312, 1.9623048305511475, 1.9723217487335205, 1.9825310707092285, 1.9924407005310059, 2.0026214122772217, 2.012620449066162, 2.0226142406463623, 2.032789707183838, 2.0428013801574707, 2.05285382270813, 2.063455104827881, 2.073368787765503, 2.0831797122955322, 2.093259572982788, 2.1031651496887207, 2.11324405670166, 2.1233108043670654, 2.1333751678466797, 2.1433746814727783, 2.153557538986206, 2.1636269092559814, 2.1735777854919434, 2.183692455291748, 2.1937174797058105, 2.2039482593536377, 2.213843822479248, 2.223910093307495, 2.233997344970703, 2.2439486980438232, 2.2542755603790283, 2.264134645462036, 2.2741665840148926, 2.2844350337982178, 2.2945923805236816, 2.304661989212036, 2.3145627975463867, 2.3246400356292725, 2.3346590995788574, 2.3446531295776367, 2.3547520637512207, 2.3648338317871094, 2.374852418899536, 2.3850486278533936, 2.3950083255767822, 2.4050519466400146, 2.4151270389556885, 2.4251346588134766, 2.435385227203369, 2.4452261924743652, 2.4553287029266357, 2.465456962585449, 2.4755523204803467, 2.4857022762298584, 2.495662212371826, 2.5055601596832275, 2.5157670974731445, 2.5257911682128906, 2.53584361076355, 2.5459582805633545, 2.556002140045166, 2.5661911964416504, 2.5761334896087646, 2.586247444152832, 2.5965576171875, 2.6062839031219482, 2.6163721084594727, 2.6264443397521973, 2.636532783508301, 2.646623373031616, 2.656635046005249, 2.6667096614837646, 2.6767029762268066, 2.687019109725952, 2.697096824645996, 2.707136392593384, 2.717158079147339, 2.72723126411438, 2.7371792793273926, 2.747317314147949, 2.757352828979492, 2.767317771911621, 2.77734112739563, 2.7875049114227295, 2.7975378036499023, 2.8074655532836914, 2.8179590702056885, 2.8276543617248535, 2.837751865386963, 2.847841262817383, 2.857926845550537, 2.8680121898651123, 2.8779618740081787, 2.8881306648254395, 2.8981378078460693, 2.9081504344940186, 2.918278217315674, 2.928683042526245, 2.938347101211548, 2.9485390186309814, 2.958449602127075, 2.9691262245178223, 2.9786860942840576, 2.9891295433044434, 2.9987757205963135, 3.008836030960083, 3.0188581943511963, 3.028993844985962, 3.0389370918273926, 3.0490827560424805, 3.059044599533081, 3.0691280364990234, 3.0791831016540527, 3.0893197059631348, 3.0992624759674072, 3.10931658744812, 3.1194772720336914, 3.129458427429199, 3.1394333839416504, 3.14955735206604, 3.1596457958221436, 3.1698014736175537], "set_target_data": [{"head": [[0.9969820748706464, 0.06873673867185809, -0.036083280662613494, -0.011815858873699514], [-0.06932734567861679, 0.9974754207569981, -0.01537869067269653, 0.0006170364329644573], [0.034935104519348774, 0.017833837007374405, 0.999230450261508, 0.004000391735693665], [0.0, 0.0, 0.0, 1.0]], "antennas": [-0.0, -0.0], "body_yaw": -0.05683526650848644, "check_collision": false}, {"head": [[0.9969726682570053, 0.06871556641359812, -0.03638227152015427, -0.011841056478172574], [-0.06930711160456775, 0.9974787397325037, -0.015254116253943406, 0.0006519665819637033], [0.03524234710600064, 0.017729487136271524, 0.9992215181111471, 0.004206609621934532], [0.0, 0.0, 0.0, 1.0]], "antennas": [-0.0, -0.0], "body_yaw": -0.05683526650848644, "check_collision": false}, {"head": [[0.9969715742565061, 0.068548110338521, -0.036726512133893725, -0.011883567291518127], [-0.0691424577528814, 0.9974915474797579, -0.01516354979311193, 0.0006861670825004385], [0.03559495273762988, 0.01765698942218416, 0.999210303221574, 0.004146517561284313], [0.0, 0.0, 0.0, 1.0]], "antennas": [-0.0, -0.0], "body_yaw": -0.05683526650848644, "check_collision": false}, {"head": [[0.996969765196044, 0.06848868039221333, -0.0368861483903954, -0.011914067457962224], [-0.0690786186795418, 0.9974990087923513, -0.014962349401180944, 0.0006995482170429473], [0.035769144891532885, 0.017465054148493652, 0.9992074560156758, 0.004207496917403408], [0.0, 0.0, 0.0, 1.0]], "antennas": [-0.0, -0.0], "body_yaw": -0.05683526650848644, "check_collision": false}, {"head": [[0.9969638439892228, 0.06842817844750419, -0.037157478017078235, -0.01194263295374981], [-0.0690177996828125, 0.9975053013050879, -0.014822860560282907, 0.0007129227003472086], [0.03605047995764128, 0.017342383417597102, 0.9991994819014977, 0.0042675442597983615], [0.0, 0.0, 0.0, 1.0]], "antennas": [-0.0, -0.0], "body_yaw": -0.05683526650848644, "check_collision": false}, {"head": [[0.996958490204441, 0.06825301054355036, -0.03762041149460101, -0.011952865278949731], [-0.06884962789972233, 0.9975173098848803, -0.014796797562352451, 0.0007251647309470602], [0.03651708569082262, 0.01734194429046137, 0.9991825455945852, 0.00416808170926658], [0.0, 0.0, 0.0, 1.0]], "antennas": [-0.0, -0.0], "body_yaw": -0.05683526650848644, "check_collision": false}, {"head": [[0.9969619911519825, 0.06806087086103058, -0.03787487367519341, -0.011972861811637509], [-0.06866362059421727, 0.9975293958270138, -0.01484626780997463, 0.0007373872792345512], [0.0367708499380572, 0.017401790673095285, 0.9991721985104479, 0.00419480730124866], [0.0, 0.0, 0.0, 1.0]], "antennas": [-0.0, -0.0], "body_yaw": -0.05683526650848644, "check_collision": false}, {"head": [[0.9969850460142163, 0.06774596894938129, -0.037832548356421795, -0.011973528775145459], [-0.06836051871046828, 0.9975450038044351, -0.015192263374683544, 0.0007654333082232831], [0.03671045499128612, 0.01773271202945283, 0.999168601097139, 0.004005902457075439], [0.0, 0.0, 0.0, 1.0]], "antennas": [-0.0, -0.0], "body_yaw": -0.05683526650848644, "check_collision": false}, {"head": [[0.9969951977655245, 0.06755691777098245, -0.03790301430977729, -0.011993847652923412], [-0.06817986853049003, 0.9975543453420038, -0.01538939948311484, 0.0007717485525821216], [0.03677065623085291, 0.01792737991371064, 0.9991629135880603, 0.004015800881185416], [0.0, 0.0, 0.0, 1.0]], "antennas": [-0.0, -0.0], "body_yaw": -0.05683526650848644, "check_collision": false}, {"head": [[0.9970033637044163, 0.06741294361301611, -0.037944535779322365, -0.011999980590280068], [-0.06803612084747249, 0.9975643429879875, -0.015377511468820028, 0.0007595678762264621], [0.03681547259112781, 0.017913029681600023, 0.9991615206489483, 0.003904518552792946], [0.0, 0.0, 0.0, 1.0]], "antennas": [-0.0, -0.0], "body_yaw": -0.05683526650848644, "check_collision": false}, {"head": [[0.9969978777001152, 0.06735235556043241, -0.03819544556523876, -0.01202408571130012], [-0.06798159928014562, 0.9975673949916334, -0.015420590420604514, 0.0007642124938162867], [0.03706391804409962, 0.017970883396968104, 0.9991512965157743, 0.003915903027474188], [0.0, 0.0, 0.0, 1.0]], "antennas": [-0.0, -0.0], "body_yaw": -0.05683526650848644, "check_collision": false}, {"head": [[0.9969869275700904, 0.06728033117137291, -0.03860600072296496, -0.012054276054110163], [-0.0679129926002715, 0.9975736838430269, -0.015315702397475511, 0.0009839973326042778], [0.03748188483023037, 0.017891404118261775, 0.9991371307124215, 0.0038697828754012398], [0.0, 0.0, 0.0, 1.0]], "antennas": [-0.0, -0.0], "body_yaw": -0.05683526650848644, "check_collision": false}, {"head": [[0.9969765295083158, 0.06712234694148969, -0.039145755205645845, -0.012110272729106863], [-0.06776733039115945, 0.9975824827068354, -0.015387629061089992, 0.0010793741677625548], [0.03801826588903678, 0.01799390834511926, 0.9991150237691643, 0.003997405417782651], [0.0, 0.0, 0.0, 1.0]], "antennas": [-0.0, -0.0], "body_yaw": -0.05683526650848644, "check_collision": false}, {"head": [[0.9969617129626818, 0.06702913390644535, -0.039679189687637, -0.012152839479145361], [-0.06768798588839711, 0.9975861425117449, -0.015499188201613185, 0.0011090237787530488], [0.03854451261707447, 0.01813790165065107, 0.999092256536314, 0.0040366901818050804], [0.0, 0.0, 0.0, 1.0]], "antennas": [-0.0, -0.0], "body_yaw": -0.05683526650848644, "check_collision": false}, {"head": [[0.9969492694531813, 0.06692411464234274, -0.04016611776244427, -0.012192702703596653], [-0.06759358214999328, 0.9975918147410526, -0.015546022442584777, 0.001137513974296532], [0.03902898652155964, 0.018213567497659736, 0.9990720715594587, 0.004076613791122952], [0.0, 0.0, 0.0, 1.0]], "antennas": [-0.0, -0.0], "body_yaw": -0.05683526650848644, "check_collision": false}, {"head": [[0.9969421606957745, 0.06675010591271481, -0.04062944237719785, -0.012242382740967145], [-0.06742750939159121, 0.9976032142623019, -0.015535696661897688, 0.0013011305622211422], [0.03949505291156808, 0.018227733105490033, 0.9990534973370282, 0.004167580371322477], [0.0, 0.0, 0.0, 1.0]], "antennas": [-0.0, -0.0], "body_yaw": -0.05683526650848644, "check_collision": false}, {"head": [[0.9969304261509572, 0.06674259695217437, -0.04092861061104322, -0.012237853047458724], [-0.0674286791835959, 0.9976018733902178, -0.01561651151452897, 0.0014150983492672922], [0.039788172087022275, 0.01832833763349305, 0.9990400259256713, 0.004263862989674128], [0.0, 0.0, 0.0, 1.0]], "antennas": [-0.0, -0.0], "body_yaw": -0.05683526650848644, "check_collision": false}, {"head": [[0.9969296749169921, 0.06659644197170285, -0.041184186122953485, -0.012268886231847048], [-0.06729425807812696, 0.9976081454245317, -0.015794651383964436, 0.0014574428205248735], [0.040033811954582894, 0.01851761591933853, 0.9990267222657505, 0.004297976830529848], [0.0, 0.0, 0.0, 1.0]], "antennas": [-0.0, -0.0], "body_yaw": -0.05683526650848644, "check_collision": false}, {"head": [[0.996928513906624, 0.06648242251987564, -0.04139596182985706, -0.012299516133825905], [-0.06719269799890644, 0.9976115845200105, -0.016008365534979717, 0.0014560608973705896], [0.04023281615246444, 0.018740702424469187, 0.9990145677501802, 0.004316961747467485], [0.0, 0.0, 0.0, 1.0]], "antennas": [-0.0, -0.0], "body_yaw": -0.05683526650848644, "check_collision": false}, {"head": [[0.9969227772327682, 0.06642944989113768, -0.04161855862070813, -0.01233758296762974], [-0.06714785863678922, 0.9976130176662481, -0.016106894900512182, 0.0014906046451278812], [0.040449243688828886, 0.018851927487745147, 0.9990037354860085, 0.004355350743230846], [0.0, 0.0, 0.0, 1.0]], "antennas": [-0.0, -0.0], "body_yaw": -0.05683526650848644, "check_collision": false}, {"head": [[0.9969111059445029, 0.06646520468457194, -0.04184045184681816, -0.01232627516387741], [-0.06718497852554094, 0.9976116469813706, -0.016036847185148122, 0.0014755860806141483], [0.04067462974669292, 0.01879836092203641, 0.9989955936447439, 0.004307078806910891], [0.0, 0.0, 0.0, 1.0]], "antennas": [-0.0, -0.0], "body_yaw": -0.05683526650848644, "check_collision": false}, {"head": [[0.9968800714765036, 0.06668542212888652, -0.0422276872264313, -0.012369654616964737], [-0.06739534420155692, 0.9976041358033962, -0.01561588319348806, 0.001501347746185988], [0.04108516365982697, 0.018413112269554135, 0.9989859691825477, 0.004345705641259523], [0.0, 0.0, 0.0, 1.0]], "antennas": [-0.0, -0.0], "body_yaw": -0.05683526650848644, "check_collision": false}, {"head": [[0.9968660152462915, 0.06684791667516471, -0.04230252573039691, -0.012341263810290742], [-0.06755280412994122, 0.9975959553521029, -0.015457312810028254, 0.0015172758899935634], [0.04116753941107549, 0.01826652406221562, 0.9989852690593201, 0.004250704701585173], [0.0, 0.0, 0.0, 1.0]], "antennas": [-0.0, -0.0], "body_yaw": -0.05683526650848644, "check_collision": false}, {"head": [[0.996834237225053, 0.06714504707404585, -0.042579879630770756, -0.012374699081552365], [-0.06784030035044651, 0.9975819572253094, -0.015097425836288526, 0.001535222138559722], [0.04146320229200787, 0.01793826279061583, 0.998978989560715, 0.004270928689872389], [0.0, 0.0, 0.0, 1.0]], "antennas": [-0.0, -0.0], "body_yaw": -0.05683526650848644, "check_collision": false}, {"head": [[0.9968133062863318, 0.06743472348312493, -0.042612093110599256, -0.012344612066759353], [-0.06812395808852315, 0.9975650962561143, -0.014933354140399998, 0.0015287814622822402], [0.041501310158416, 0.017788670559767513, 0.9989800821111756, 0.004109682262216474], [0.0, 0.0, 0.0, 1.0]], "antennas": [-0.0, -0.0], "body_yaw": -0.05683526650848644, "check_collision": false}, {"head": [[0.9968029871840939, 0.06763689896270683, -0.04253298296117998, -0.012360767141554735], [-0.0683171277522823, 0.9975546654734371, -0.014746506293271832, 0.001526177157789542], [0.04143156763321634, 0.017605092754306977, 0.9989862290905549, 0.004091212362382746], [0.0, 0.0, 0.0, 1.0]], "antennas": [-0.0, -0.0], "body_yaw": -0.05683526650848644, "check_collision": false}, {"head": [[0.9967787008153913, 0.06781848228643694, -0.04281209012819835, -0.012423995021876133], [-0.0684931423520827, 0.997546327227181, -0.014491876562391807, 0.001458154524858292], [0.04172422619435952, 0.01737752847577881, 0.9989780330180217, 0.004108768924264261], [0.0, 0.0, 0.0, 1.0]], "antennas": [-0.0, -0.0], "body_yaw": -0.05683526650848644, "check_collision": false}, {"head": [[0.9967578863702524, 0.06791968054447813, -0.0431350548097844, -0.01243389340718079], [-0.06858582015990682, 0.9975448112411298, -0.014153969015502617, 0.0014561469746561181], [0.04206781705413279, 0.017066533351414028, 0.9989689846074628, 0.0040932297670123186], [0.0, 0.0, 0.0, 1.0]], "antennas": [-0.0, -0.0], "body_yaw": -0.05683526650848644, "check_collision": false}, {"head": [[0.9967301923169927, 0.0680037074610911, -0.043639655077430346, -0.012491525412607146], [-0.06866775766136674, 0.9975427353440904, -0.013900727318724729, 0.0014878506956964646], [0.04258711990133355, 0.016851911873021194, 0.9989506245479469, 0.004190748484450946], [0.0, 0.0, 0.0, 1.0]], "antennas": [-0.0, -0.0], "body_yaw": -0.05683526650848644, "check_collision": false}, {"head": [[0.9967113059195559, 0.06808565354946391, -0.04394219422008824, -0.012511425664729625], [-0.06875162228151574, 0.9975380141237872, -0.013824789749972652, 0.0015072130360843997], [0.04289273931323777, 0.016800421384999042, 0.9989384158973431, 0.004184956461790346], [0.0, 0.0, 0.0, 1.0]], "antennas": [-0.0, -0.0], "body_yaw": -0.05683526650848644, "check_collision": false}, {"head": [[0.996687234081642, 0.0681006676544525, -0.0444618542539999, -0.012586842423753158], [-0.06875782857791052, 0.9975431080390701, -0.013420455022190388, 0.0016250873410075112], [0.0434386743344775, 0.016433096749236587, 0.9989209352612914, 0.00433149164900315], [0.0, 0.0, 0.0, 1.0]], "antennas": [-0.0, -0.0], "body_yaw": -0.05683526650848644, "check_collision": false}, {"head": [[0.9966386775517005, 0.06837069264227352, -0.045130863005414565, -0.012638216980762118], [-0.06899988776773344, 0.9975379467798037, -0.012532366990084037, 0.0016565255695475609], [0.04416290180726262, 0.015604266145824495, 0.9989024702051811, 0.0043634633812478785], [0.0, 0.0, 0.0, 1.0]], "antennas": [-0.0, -0.0], "body_yaw": -0.05683526650848644, "check_collision": false}, {"head": [[0.9965235945427126, 0.06908550034207123, -0.046560918828528815, -0.012673041757078063], [-0.06971179571015176, 0.9974954476896666, -0.011962331597878073, 0.0018643915547300882], [0.0456178809080084, 0.015166590944480689, 0.9988438233580791, 0.004476280579078229], [0.0, 0.0, 0.0, 1.0]], "antennas": [-0.0, -0.0], "body_yaw": -0.05683526650848644, "check_collision": false}, {"head": [[0.9964360904055292, 0.06933099724327156, -0.048045088808310196, -0.012721515420291901], [-0.0699228190175203, 0.9974945140954126, -0.010746800928682014, 0.0019103937311630223], [0.047179626089955864, 0.014067948351166575, 0.998787352598741, 0.004545148856991255], [0.0, 0.0, 0.0, 1.0]], "antennas": [-0.0, -0.0], "body_yaw": -0.05683526650848644, "check_collision": false}, {"head": [[0.9963363242633329, 0.06969150803922929, -0.0495683635058618, -0.012749339495739864], [-0.07027105362580972, 0.9974773591394855, -0.010044751188391984, 0.0020305769182553807], [0.0487432864684952, 0.013491171607246256, 0.9987202212396195, 0.004655476306801243], [0.0, 0.0, 0.0, 1.0]], "antennas": [-0.0, -0.0], "body_yaw": -0.05683526650848644, "check_collision": false}, {"head": [[0.9962159534804449, 0.07029045812435815, -0.05111776137230583, -0.012789633734114264], [-0.07082290815083671, 0.9974511535677772, -0.008678244486573384, 0.0020628238491169695], [0.050377472267932384, 0.01226571412427532, 0.9986549266613145, 0.004734728642064534], [0.0, 0.0, 0.0, 1.0]], "antennas": [-0.0, -0.0], "body_yaw": -0.05683526650848644, "check_collision": false}, {"head": [[0.9960868436049178, 0.0709352941450849, -0.0527179669727674, -0.012807650684986321], [-0.07141422842156084, 0.9974203594878912, -0.007254960923300285, 0.0020451649253012266], [0.05206734078234304, 0.010991384061880716, 0.9985830869288039, 0.004728384167608124], [0.0, 0.0, 0.0, 1.0]], "antennas": [-0.0, -0.0], "body_yaw": -0.05683526650848644, "check_collision": false}, {"head": [[0.9959572020307744, 0.07185897155402841, -0.05390306049037038, -0.012856848016811001], [-0.07226580218045224, 0.9973694951036407, -0.00563418777860878, 0.0020588727911131158], [0.0533564012865086, 0.00950675780201724, 0.9985302779574823, 0.004791238044728197], [0.0, 0.0, 0.0, 1.0]], "antennas": [-0.0, -0.0], "body_yaw": -0.05683526650848644, "check_collision": false}, {"head": [[0.9957564620515212, 0.0733371540276219, -0.05559433533882349, -0.01283875906150897], [-0.07364568234896364, 0.9972782625145683, -0.0035186058714788133, 0.0020494345165514086], [0.055184977611595035, 0.007597957294702213, 0.9984472391122903, 0.004708407446841034], [0.0, 0.0, 0.0, 1.0]], "antennas": [-0.0, -0.0], "body_yaw": -0.05683526650848644, "check_collision": false}, {"head": [[0.9954674750091703, 0.07535822141408298, -0.058014176406918694, -0.01286037254582828], [-0.07546715083905782, 0.9971482389644689, 0.00031412464647359454, 0.0019985940758899118], [0.05787240571379358, 0.0040654637330414245, 0.9983157099142203, 0.004760173573795212], [0.0, 0.0, 0.0, 1.0]], "antennas": [-0.0, -0.0], "body_yaw": -0.05683526650848644, "check_collision": false}, {"head": [[0.9952204470455197, 0.07749960678519248, -0.05941441517558382, -0.012872146564983422], [-0.07734771680415757, 0.9969923544914769, 0.004855490781087088, 0.0018572344220675746], [0.05961201630292283, -0.00023671434669319267, 0.9982215943760274, 0.004750634507317886], [0.0, 0.0, 0.0, 1.0]], "antennas": [-0.0, -0.0], "body_yaw": -0.05683526650848644, "check_collision": false}, {"head": [[0.9949494780432372, 0.0796994188002897, -0.06102080615975413, -0.012935153663135496], [-0.07928466861748361, 0.9968096341699986, 0.009192091605828016, 0.0018051254406919737], [0.06155873182340641, -0.004307652350196395, 0.9980941672344971, 0.004827787006411455], [0.0, 0.0, 0.0, 1.0]], "antennas": [-0.0, -0.0], "body_yaw": -0.05683526650848644, "check_collision": false}, {"head": [[0.9946637228822786, 0.081741618156923, -0.06294748798048917, -0.013032751551240424], [-0.0811028016243605, 0.9966255663600995, 0.012641837132749412, 0.0017305802890454636], [0.06376844008320777, -0.0074691591560985295, 0.9979367703972309, 0.0048425187636106926], [0.0, 0.0, 0.0, 1.0]], "antennas": [-0.0, -0.0], "body_yaw": -0.05683526650848644, "check_collision": false}, {"head": [[0.994443263821972, 0.08355111134909889, -0.0640453498033594, -0.013116211951328671], [-0.08269600015529006, 0.9964480860073288, 0.01589287420977515, 0.0017039538152000683], [0.06514573353198545, -0.010508267443396628, 0.9978204295953846, 0.004906539716054481], [0.0, 0.0, 0.0, 1.0]], "antennas": [-0.0, -0.0], "body_yaw": -0.05683526650848644, "check_collision": false}, {"head": [[0.9941927864742497, 0.08553583664826546, -0.06530179148728321, -0.01321141005164922], [-0.0844702210774247, 0.9962464842712088, 0.018913601676772078, 0.0016183867919144987], [0.06667447092927217, -0.013287709589611368, 0.9976862992444891, 0.0050750709428517005], [0.0, 0.0, 0.0, 1.0]], "antennas": [-0.0, -0.0], "body_yaw": -0.05683526650848644, "check_collision": false}, {"head": [[0.9939874104690719, 0.08724236878356299, -0.06616492211150354, -0.01326315120977753], [-0.08598705432930161, 0.9960622059587957, 0.021594173942693994, 0.0015824730603806736], [0.06778830516216103, -0.015775010286221247, 0.9975750070715039, 0.00511648355720129], [0.0, 0.0, 0.0, 1.0]], "antennas": [-0.0, -0.0], "body_yaw": -0.05683526650848644, "check_collision": false}, {"head": [[0.9936661726235583, 0.08938175928820478, -0.06810608262258852, -0.01332777617233838], [-0.08784477866354605, 0.9958142663381621, 0.025243649081326303, 0.001601266114116276], [0.07007733046572223, -0.019100996412071237, 0.9973586715374086, 0.005341562452908899], [0.0, 0.0, 0.0, 1.0]], "antennas": [-0.0, -0.0], "body_yaw": -0.05683526650848644, "check_collision": false}, {"head": [[0.9932161495081739, 0.09220080708790324, -0.0708568382620644, -0.013342074630659118], [-0.09029028188690386, 0.9954720693507796, 0.0297157220888314, 0.0015442384700649625], [0.07327581697218083, -0.02311645117262756, 0.9970437725256818, 0.0053927503733010584], [0.0, 0.0, 0.0, 1.0]], "antennas": [-0.0, -0.0], "body_yaw": -0.05683526650848644, "check_collision": false}, {"head": [[0.9926975211379109, 0.09539647801495782, -0.07383185971508983, -0.013412801617653652], [-0.09298553788143485, 0.995036591668422, 0.03543827007332905, 0.00162323055147226], [0.07684608819938253, -0.02831418766681529, 0.9966408508109734, 0.005546837253803172], [0.0, 0.0, 0.0, 1.0]], "antennas": [-0.0, -0.0], "body_yaw": -0.05683526650848644, "check_collision": false}, {"head": [[0.992203397704336, 0.09892575111402405, -0.07580312230044978, -0.013490502917642089], [-0.09595793863672994, 0.9945052171933674, 0.04185029256483577, 0.0015411030452791852], [0.07952667223366225, -0.034250091119571474, 0.9962441666889399, 0.005687531663436496], [0.0, 0.0, 0.0, 1.0]], "antennas": [-0.0, -0.0], "body_yaw": -0.05683526650848644, "check_collision": false}, {"head": [[0.9916513774224527, 0.10175930483022191, -0.07919968141743165, -0.013517649360980794], [-0.09820921996949633, 0.9940311601318845, 0.04750791302344505, 0.0016488798917256645], [0.08356132340464563, -0.03933314845432678, 0.995726071097636, 0.005758493192009384], [0.0, 0.0, 0.0, 1.0]], "antennas": [-0.0, -0.0], "body_yaw": -0.05683526650848644, "check_collision": false}, {"head": [[0.99118155436065, 0.1045143236355484, -0.0814609259105815, -0.013583737438763843], [-0.10042164419461878, 0.9935416030404949, 0.05282590657028711, 0.0015712427075896748], [0.08645588280999038, -0.04417962406729104, 0.9952756106450201, 0.005910702134097945], [0.0, 0.0, 0.0, 1.0]], "antennas": [-0.0, -0.0], "body_yaw": -0.05683526650848644, "check_collision": false}, {"head": [[0.990664311214585, 0.10719977677743879, -0.08421656811221391, -0.01354158913944234], [-0.10256381979432343, 0.9930584182367567, 0.057581601560812636, 0.0015140148564245365], [0.08980470675264977, -0.048406464733317646, 0.9947823524857549, 0.005968938338592633], [0.0, 0.0, 0.0, 1.0]], "antennas": [-0.0, -0.0], "body_yaw": -0.05683526650848644, "check_collision": false}, {"head": [[0.9902566604709439, 0.10958606951940916, -0.08592228907694051, -0.013581143324538525], [-0.10454527456418433, 0.9926393574974716, 0.06113420902658663, 0.001452506219348726], [0.09198930350444785, -0.051555788368468344, 0.9944244409337858, 0.006096630583759699], [0.0, 0.0, 0.0, 1.0]], "antennas": [-0.0, -0.0], "body_yaw": -0.05683526650848644, "check_collision": false}, {"head": [[0.9896910427693509, 0.11218193963631104, -0.08903287191565944, -0.01360149809643224], [-0.10656010587471373, 0.9921412449110614, 0.06557967659495839, 0.0013459984370084513], [0.09569003970155383, -0.05541626625607866, 0.9938674226153862, 0.006014005630923636], [0.0, 0.0, 0.0, 1.0]], "antennas": [-0.0, -0.0], "body_yaw": -0.05683526650848644, "check_collision": false}, {"head": [[0.9892837732647873, 0.11469184392668143, -0.09035151848022631, -0.013649040192118378], [-0.1086916868701069, 0.9916947482510142, 0.06875786134463759, 0.0012963175080178968], [0.09748709227541645, -0.0582005775577487, 0.9935335724632707, 0.006071513561086761], [0.0, 0.0, 0.0, 1.0]], "antennas": [-0.0, -0.0], "body_yaw": -0.05683526650848644, "check_collision": false}, {"head": [[0.9889286667737835, 0.1162425253710571, -0.09223755920657056, -0.013652520582990324], [-0.10978184545406781, 0.9913236489336312, 0.07228671713122188, 0.0011621010915651361], [0.09984006431150591, -0.06136039732815673, 0.9931096934367344, 0.005927771060251219], [0.0, 0.0, 0.0, 1.0]], "antennas": [-0.0, -0.0], "body_yaw": -0.05683526650848644, "check_collision": false}, {"head": [[0.9884859789617454, 0.1181033995288274, -0.09458888103669491, -0.013655152314913349], [-0.11118639009612677, 0.99093907993486, 0.07534803590834452, 0.0010921006657140242], [0.10263067793516603, -0.0639634808120026, 0.9926608771725522, 0.0059479662450250825], [0.0, 0.0, 0.0, 1.0]], "antennas": [-0.0, -0.0], "body_yaw": -0.05683526650848644, "check_collision": false}, {"head": [[0.9879492754364069, 0.12072495926803749, -0.09685924516745674, -0.013709360489506578], [-0.1132749215851253, 0.9904131823895334, 0.07906023203179285, 0.0009026723942500425], [0.10547521654190863, -0.06713577555050587, 0.9921530962188597, 0.0060276143782903024], [0.0, 0.0, 0.0, 1.0]], "antennas": [-0.0, -0.0], "body_yaw": -0.05683526650848644, "check_collision": false}, {"head": [[0.9874973838744552, 0.12222469307088221, -0.09954919007624265, -0.013702295303042122], [-0.11419331549377976, 0.9900062920022342, 0.0827491902832004, 0.000832637601503948], [0.10866831892343477, -0.07034675685286325, 0.9915858663084297, 0.006054643791741698], [0.0, 0.0, 0.0, 1.0]], "antennas": [-0.0, -0.0], "body_yaw": -0.05683526650848644, "check_collision": false}, {"head": [[0.9870173066967625, 0.12406260908698914, -0.10200639836597489, -0.013773992117093264], [-0.1154712442928174, 0.9895613816178999, 0.0862244962405777, 0.0009391966676925989], [0.11163882847171736, -0.07332626430551219, 0.9910398735371148, 0.0061284055893567335], [0.0, 0.0, 0.0, 1.0]], "antennas": [-0.0, -0.0], "body_yaw": -0.05683526650848644, "check_collision": false}, {"head": [[0.9865447308028096, 0.12630006088182227, -0.10381612951011028, -0.013779351865113004], [-0.11724633179200786, 0.9890944155476225, 0.0891377294630373, 0.0009435687873630624], [0.11394205460026781, -0.07576629695158135, 0.9905941027684924, 0.006134840653577445], [0.0, 0.0, 0.0, 1.0]], "antennas": [-0.0, -0.0], "body_yaw": -0.05683526650848644, "check_collision": false}, {"head": [[0.9862281958510725, 0.12717510288170855, -0.10573759461688774, -0.013875745759071523], [-0.1176634472051994, 0.9888003910756061, 0.09181012907363469, 0.0010787413377849747], [0.11622933751909494, -0.07810428807533588, 0.9901466867510678, 0.006255796878440689], [0.0, 0.0, 0.0, 1.0]], "antennas": [-0.0, -0.0], "body_yaw": -0.05683526650848644, "check_collision": false}, {"head": [[0.9859942634875466, 0.12794130685636038, -0.1069875430577651, -0.013871503877370683], [-0.11819931113472143, 0.9886313334539426, 0.09293551183673923, 0.0011087289377531007], [0.11766152819391658, -0.0789880276558797, 0.989907397825729, 0.006245335008157382], [0.0, 0.0, 0.0, 1.0]], "antennas": [-0.0, -0.0], "body_yaw": -0.05683526650848644, "check_collision": false}, {"head": [[0.9858307769535901, 0.12891573762156905, -0.1073238640963297, -0.01384771726826714], [-0.11897663146828283, 0.9884008862585983, 0.09438352190757521, 0.0012055102771384302], [0.11824652373554621, -0.08027714890741999, 0.9897339738473944, 0.006342997755132529], [0.0, 0.0, 0.0, 1.0]], "antennas": [-0.0, -0.0], "body_yaw": -0.05683526650848644, "check_collision": false}, {"head": [[0.9858607550865378, 0.1290273999768217, -0.10691352409972678, -0.0138358886575084], [-0.11903462207980363, 0.9883236149693752, 0.09511672219007897, 0.0012146587163984063], [0.11793782398586093, -0.08104543262323674, 0.9897081931177454, 0.006328276899679908], [0.0, 0.0, 0.0, 1.0]], "antennas": [-0.0, -0.0], "body_yaw": -0.05683526650848644, "check_collision": false}, {"head": [[0.9858855708751579, 0.12951157026074525, -0.10609615595656893, -0.013836312942534817], [-0.11954243235533954, 0.9882259473960339, 0.09549389383505569, 0.0013573683618192944], [0.11721453837614862, -0.08146305949206589, 0.9897598304293113, 0.00624583271297563], [0.0, 0.0, 0.0, 1.0]], "antennas": [-0.0, -0.0], "body_yaw": -0.05683526650848644, "check_collision": false}, {"head": [[0.9859735667210564, 0.12966666679575573, -0.10508416269560923, -0.013848207069973917], [-0.11975764903229631, 0.9881803051872984, 0.0956963423449168, 0.0013727953878375498], [0.11625072569930973, -0.08176943170902336, 0.9898482352423363, 0.006220924671236416], [0.0, 0.0, 0.0, 1.0]], "antennas": [-0.0, -0.0], "body_yaw": -0.05683526650848644, "check_collision": false}, {"head": [[0.9858912329044349, 0.13013552158946431, -0.10527688684042183, -0.013799212222913027], [-0.12015864757125203, 0.9880879458141818, 0.0961462986836096, 0.0011535621371416005], [0.11653487158795245, -0.08213986460512512, 0.9897841513919239, 0.006172239079465236], [0.0, 0.0, 0.0, 1.0]], "antennas": [-0.0, -0.0], "body_yaw": -0.05683526650848644, "check_collision": false}, {"head": [[0.9857908067441715, 0.13074969545430062, -0.10545616377094022, -0.013777869038111012], [-0.12060938707829817, 0.987908638671645, 0.09741610434899584, 0.0011341188242240743], [0.11691818116645916, -0.08331289682002926, 0.9896408945350744, 0.006134003706122659], [0.0, 0.0, 0.0, 1.0]], "antennas": [-0.0, -0.0], "body_yaw": -0.05683526650848644, "check_collision": false}, {"head": [[0.9856088198041554, 0.13176001314148467, -0.10589878781749883, -0.01373633581013678], [-0.12134998828238797, 0.9876212079593326, 0.0993907940043383, 0.0008727993464352074], [0.11768362106990148, -0.08510962651724123, 0.9893972492411587, 0.006163585236164282], [0.0, 0.0, 0.0, 1.0]], "antennas": [-0.0, -0.0], "body_yaw": -0.05683526650848644, "check_collision": false}, {"head": [[0.9854810930157222, 0.13239272952080874, -0.10629760335288624, -0.01371560717075293], [-0.12177958664277502, 0.9874240581428805, 0.10081399544587166, 0.0008501818177326856], [0.11830785090454651, -0.0864054082258475, 0.9892104719642186, 0.00614604677362296], [0.0, 0.0, 0.0, 1.0]], "antennas": [-0.0, -0.0], "body_yaw": -0.05683526650848644, "check_collision": false}, {"head": [[0.9854158132508213, 0.1327715268993351, -0.10643024307047952, -0.013652516632421619], [-0.12205872130426068, 0.98731363313442, 0.10155519868761319, 0.0007684353538926145], [0.11856366875561433, -0.08708335932731871, 0.9891203895277247, 0.005999085529720338], [0.0, 0.0, 0.0, 1.0]], "antennas": [-0.0, -0.0], "body_yaw": -0.05683526650848644, "check_collision": false}, {"head": [[0.9853779713937902, 0.13311698224954005, -0.1063490598389777, -0.013626252888610496], [-0.12234454950281605, 0.9872202038681086, 0.10211797237295331, 0.0007228002498357242], [0.11858357685114669, -0.0876135726436601, 0.9890711790310152, 0.0059515233027834236], [0.0, 0.0, 0.0, 1.0]], "antennas": [-0.0, -0.0], "body_yaw": -0.05683526650848644, "check_collision": false}, {"head": [[0.9853787058276561, 0.13346160381897904, -0.10590942548932976, -0.013563948821424865], [-0.12267970222100767, 0.9871360054725011, 0.10252900742111673, 0.0007151108340597567], [0.1182306929878147, -0.08803696386098517, 0.9890758293628255, 0.005809823899316058], [0.0, 0.0, 0.0, 1.0]], "antennas": [-0.0, -0.0], "body_yaw": -0.05683526650848644, "check_collision": false}, {"head": [[0.9854422644268114, 0.13385633393910615, -0.10481424209400662, -0.013547138632560018], [-0.12316219678881571, 0.9870666178538067, 0.10261854218804826, 0.0006603785146532953], [0.11719478129810885, -0.08821549627491594, 0.9891832031800069, 0.005726422211797311], [0.0, 0.0, 0.0, 1.0]], "antennas": [-0.0, -0.0], "body_yaw": -0.05683526650848644, "check_collision": false}, {"head": [[0.9854358841706364, 0.13481220676497677, -0.10364259305899767, -0.013552185225960939], [-0.12411511072222811, 0.9868501828375205, 0.10354784364708589, 0.0006845942160580362], [0.11623922521784502, -0.08917614894527259, 0.9892098144377893, 0.0056578166215804915], [0.0, 0.0, 0.0, 1.0]], "antennas": [-0.0, -0.0], "body_yaw": -0.05683526650848644, "check_collision": false}, {"head": [[0.9854381617667263, 0.13566625325443796, -0.10250022956909957, -0.013573551131272427], [-0.1250051399042547, 0.9866760937773713, 0.10413453301256854, 0.0006458233951037173], [0.11526206805073874, -0.08980508725083851, 0.9892672550795039, 0.005596842836804727], [0.0, 0.0, 0.0, 1.0]], "antennas": [-0.0, -0.0], "body_yaw": -0.05683526650848644, "check_collision": false}, {"head": [[0.9854493594353472, 0.1365208810797674, -0.1012502297166203, -0.013576190970444019], [-0.12591633085378906, 0.9865069437103147, 0.10463807928117567, 0.0007519797307918227], [0.114169337445671, -0.09036647077615952, 0.9893428441883423, 0.00560491190725948], [0.0, 0.0, 0.0, 1.0]], "antennas": [-0.0, -0.0], "body_yaw": -0.05683526650848644, "check_collision": false}, {"head": [[0.9855057532294879, 0.13720946691895944, -0.09975957367288407, -0.013606762495258856], [-0.12672956439676633, 0.9863912559007343, 0.10474687484779079, 0.0007409110554465748], [0.11277423402261025, -0.0905861604793352, 0.9894827535991855, 0.005573023581937453], [0.0, 0.0, 0.0, 1.0]], "antennas": [-0.0, -0.0], "body_yaw": -0.05683526650848644, "check_collision": false}, {"head": [[0.985571207461042, 0.13771906956347033, -0.09840148831372239, -0.013619485430098749], [-0.1273630534045381, 0.9863086806759921, 0.10475609314334232, 0.0006897416486102426], [0.11148115379406692, -0.09071187519699862, 0.9896177585547804, 0.0056817235490798645], [0.0, 0.0, 0.0, 1.0]], "antennas": [-0.0, -0.0], "body_yaw": -0.05683526650848644, "check_collision": false}, {"head": [[0.9856344652402744, 0.13819132778604887, -0.09709715678251092, -0.013622494012282133], [-0.12800053307041842, 0.9862691790127478, 0.10435022790204908, 0.0007010106303173419], [0.11018422965292003, -0.09042269324815348, 0.9897894584615171, 0.005650074968473862], [0.0, 0.0, 0.0, 1.0]], "antennas": [-0.0, -0.0], "body_yaw": -0.05683526650848644, "check_collision": false}, {"head": [[0.9856482699951011, 0.13862417277574735, -0.09633704675722442, -0.013586260148135937], [-0.1285743805275701, 0.9862625102793942, 0.1037057832974576, 0.000724574156076116], [0.10938974598935451, -0.08983094978696025, 0.9899314541586992, 0.005632486810528414], [0.0, 0.0, 0.0, 1.0]], "antennas": [-0.0, -0.0], "body_yaw": -0.05683526650848644, "check_collision": false}, {"head": [[0.9856797006030742, 0.1390740662417119, -0.09536210944620492, -0.01356517495387291], [-0.12912507246076413, 0.9862020625327589, 0.10359636826711058, 0.0007303638052242323], [0.1084538772061029, -0.08979919796483884, 0.9900373026122982, 0.005579395940083387], [0.0, 0.0, 0.0, 1.0]], "antennas": [-0.0, -0.0], "body_yaw": -0.05683526650848644, "check_collision": false}, {"head": [[0.9857516753363311, 0.13961422816091737, -0.09381631983108177, -0.01355531640378882], [-0.12977606837311653, 0.9860876171089666, 0.10387195705278768, 0.0006256890272540588], [0.10701311437965302, -0.09021684254833626, 0.9901561062132456, 0.005507931477000516], [0.0, 0.0, 0.0, 1.0]], "antennas": [-0.0, -0.0], "body_yaw": -0.05683526650848644, "check_collision": false}, {"head": [[0.9858379196218685, 0.1401094731751457, -0.09215710369911415, -0.013547797204105205], [-0.13038653801987052, 0.9859711656131064, 0.10421233747846359, 0.0006058120919458163], [0.1054653826562015, -0.09072042827343493, 0.9902761518662688, 0.005457718463802885], [0.0, 0.0, 0.0, 1.0]], "antennas": [-0.0, -0.0], "body_yaw": -0.05683526650848644, "check_collision": false}, {"head": [[0.9859027428867487, 0.1405590002279837, -0.09076865661281683, -0.013511323351806964], [-0.13097382658171083, 0.9859038157529306, 0.10411302912871034, 0.0006442676574870965], [0.10412318819038205, -0.09075700269798154, 0.9904148262936845, 0.005268588826307596], [0.0, 0.0, 0.0, 1.0]], "antennas": [-0.0, -0.0], "body_yaw": -0.05683526650848644, "check_collision": false}, {"head": [[0.9859534180046471, 0.1410106903096608, -0.0895088975652535, -0.013514008142324674], [-0.13154784328954794, 0.9858343548821608, 0.10404705502772701, 0.000633771098621401], [0.10291269334160212, -0.09081084710797085, 0.9905364039734786, 0.0052200482298798145], [0.0, 0.0, 0.0, 1.0]], "antennas": [-0.0, -0.0], "body_yaw": -0.0568352