{"description": "Similar to the lost1 gesture. Use it when you don\u2019t know how to answer a question. It can be funny sometimes.", "time": [0.0, 0.010094404220581055, 0.02008819580078125, 0.030129432678222656, 0.0403141975402832, 0.05034351348876953, 0.06042766571044922, 0.07042956352233887, 0.08048129081726074, 0.0905754566192627, 0.10056138038635254, 0.11076879501342773, 0.12069058418273926, 0.13071155548095703, 0.14094948768615723, 0.15094685554504395, 0.1609339714050293, 0.17112231254577637, 0.18107271194458008, 0.19112920761108398, 0.20119357109069824, 0.21126627922058105, 0.22134113311767578, 0.2314145565032959, 0.24154996871948242, 0.2515370845794678, 0.26161980628967285, 0.2716085910797119, 0.28171777725219727, 0.29175424575805664, 0.3018035888671875, 0.3120734691619873, 0.32197999954223633, 0.3319981098175049, 0.34224462509155273, 0.35230207443237305, 0.36220455169677734, 0.3723735809326172, 0.38243818283081055, 0.3924112319946289, 0.4024312496185303, 0.41252779960632324, 0.42258143424987793, 0.43267226219177246, 0.4427194595336914, 0.45276570320129395, 0.4628310203552246, 0.4728658199310303, 0.4828946590423584, 0.49300551414489746, 0.5037949085235596, 0.5135531425476074, 0.5233125686645508, 0.5332989692687988, 0.5434648990631104, 0.5535573959350586, 0.5635390281677246, 0.5736746788024902, 0.5841243267059326, 0.5938520431518555, 0.603804349899292, 0.613884449005127, 0.6240344047546387, 0.6340358257293701, 0.644171953201294, 0.6541886329650879, 0.664243221282959, 0.6742730140686035, 0.6845104694366455, 0.6948649883270264, 0.7047314643859863, 0.7146990299224854, 0.7248208522796631, 0.7348487377166748, 0.7450265884399414, 0.754960298538208, 0.7649939060211182, 0.7752363681793213, 0.7852740287780762, 0.795269250869751, 0.8053340911865234, 0.8153772354125977, 0.8255221843719482, 0.8355064392089844, 0.8455750942230225, 0.8556106090545654, 0.8656144142150879, 0.875680685043335, 0.8857636451721191, 0.8958771228790283, 0.9059808254241943, 0.9159579277038574, 0.9259936809539795, 0.9360499382019043, 0.9469873905181885, 0.9563901424407959, 0.966289758682251, 0.9767763614654541, 0.9864230155944824, 0.9965083599090576, 1.0065298080444336, 1.016535758972168, 1.0266780853271484, 1.036682367324829, 1.0467467308044434, 1.0568444728851318, 1.0669653415679932, 1.0769741535186768, 1.0869927406311035, 1.097015619277954, 1.1071264743804932, 1.1171798706054688, 1.1272821426391602, 1.137566328048706, 1.1475715637207031, 1.1574230194091797, 1.1674582958221436, 1.1776947975158691, 1.1876206398010254, 1.197629690170288, 1.2077147960662842, 1.2177515029907227, 1.2279071807861328, 1.237907886505127, 1.2479658126831055, 1.2580618858337402, 1.268193244934082, 1.278205156326294, 1.288236141204834, 1.2983155250549316, 1.3084156513214111, 1.3183791637420654, 1.3285338878631592, 1.3385634422302246, 1.3487763404846191, 1.3586187362670898, 1.3686201572418213, 1.3791887760162354, 1.3887815475463867, 1.398796558380127, 1.4089221954345703, 1.418912649154663, 1.4290904998779297, 1.439124584197998, 1.4491684436798096, 1.4592692852020264, 1.4692728519439697, 1.479414939880371, 1.4894113540649414, 1.4994382858276367, 1.5097904205322266, 1.5198683738708496, 1.52986478805542, 1.5398149490356445, 1.5501956939697266, 1.56028151512146, 1.5700747966766357, 1.5800788402557373, 1.5906586647033691, 1.600569248199463, 1.6106948852539062, 1.6207191944122314, 1.6307454109191895, 1.6409118175506592, 1.6508538722991943, 1.6609008312225342, 1.6709496974945068, 1.6810455322265625, 1.691042184829712, 1.7011117935180664, 1.711259126663208, 1.7212276458740234, 1.731269359588623, 1.74143648147583, 1.7514009475708008, 1.761457920074463, 1.7715599536895752, 1.781599998474121, 1.7917027473449707, 1.8017053604125977, 1.811791181564331, 1.8219397068023682, 1.83204984664917, 1.8420236110687256, 1.8521320819854736, 1.862260103225708, 1.8721916675567627, 1.8822665214538574, 1.8923344612121582, 1.9025394916534424, 1.9125306606292725, 1.922501564025879, 1.9324657917022705, 1.9426827430725098, 1.9526593685150146, 1.962698221206665, 1.9728834629058838, 1.9829344749450684, 1.9929616451263428, 2.0029828548431396, 2.0130856037139893, 2.023094892501831, 2.033250331878662, 2.04341721534729, 2.0533552169799805, 2.0634093284606934, 2.0734329223632812, 2.0834362506866455, 2.0934884548187256, 2.103550434112549, 2.1136534214019775, 2.123627185821533, 2.1337132453918457, 2.1439638137817383, 2.1538872718811035, 2.1639106273651123, 2.1741790771484375, 2.184102773666382, 2.194127321243286, 2.2041990756988525, 2.2142882347106934, 2.2243077754974365, 2.2343289852142334, 2.2444300651550293, 2.2544891834259033, 2.2644944190979004, 2.274545907974243, 2.284572124481201, 2.2946205139160156, 2.304711103439331, 2.3147358894348145, 2.324939727783203, 2.334902286529541, 2.345148801803589, 2.3550565242767334, 2.3650782108306885, 2.3752810955047607, 2.3852670192718506, 2.395268678665161, 2.4053761959075928, 2.4154138565063477, 2.425525188446045, 2.43560791015625, 2.4456326961517334, 2.4557297229766846, 2.4656810760498047, 2.4757802486419678, 2.48583722114563, 2.4959213733673096, 2.5060575008392334, 2.5160083770751953, 2.5260705947875977, 2.5361504554748535, 2.546494483947754, 2.556408166885376, 2.566446542739868, 2.57649564743042, 2.586512804031372, 2.596525192260742, 2.6066315174102783, 2.6166298389434814, 2.626703977584839, 2.63671612739563, 2.6468923091888428, 2.656904935836792, 2.6669483184814453, 2.6770455837249756, 2.687486171722412, 2.697312355041504, 2.707571268081665, 2.7175416946411133, 2.7275314331054688, 2.737597942352295, 2.747671365737915, 2.757676362991333, 2.7677505016326904, 2.7779533863067627, 2.787907838821411, 2.797883987426758, 2.8080077171325684, 2.8180456161499023, 2.8282434940338135, 2.838212490081787, 2.8482656478881836, 2.8583405017852783, 2.868408679962158, 2.8784916400909424, 2.8884634971618652, 2.898449182510376, 2.9086220264434814, 2.918621301651001, 2.9286997318267822, 2.938781261444092, 2.9488232135772705, 2.9588568210601807, 2.9688963890075684, 2.979783058166504, 2.9892098903656006, 2.9992430210113525, 3.009528636932373, 3.0192742347717285, 3.0292892456054688, 3.0394673347473145, 3.0494749546051025, 3.059593439102173, 3.069681167602539, 3.07965350151062, 3.089709758758545, 3.0997610092163086, 3.1100921630859375, 3.1198477745056152, 3.1299099922180176, 3.1401138305664062, 3.150214672088623, 3.16015625, 3.1702990531921387, 3.180293083190918, 3.1903798580169678, 3.200455904006958, 3.210482597351074, 3.220557689666748, 3.2305715084075928, 3.2406680583953857, 3.250697374343872, 3.260878801345825, 3.2708516120910645, 3.280888557434082, 3.290940523147583, 3.301074266433716, 3.311354398727417, 3.321242332458496, 3.331265687942505, 3.341395616531372, 3.3514416217803955, 3.3614327907562256, 3.3715505599975586, 3.381734609603882, 3.391561985015869, 3.401585817337036, 3.4116592407226562, 3.421653985977173, 3.4316837787628174, 3.4419357776641846, 3.451972723007202, 3.4620604515075684, 3.4720301628112793, 3.48207688331604, 3.4921064376831055, 3.502216100692749, 3.512502670288086, 3.5223710536956787, 3.5324058532714844, 3.542677879333496, 3.5527753829956055, 3.5627400875091553, 3.573373794555664, 3.5835230350494385, 3.5928683280944824, 3.603154420852661, 3.613467216491699, 3.6234867572784424, 3.633802652359009, 3.643655776977539, 3.6535916328430176, 3.6636440753936768, 3.6736881732940674, 3.6836795806884766, 3.6937854290008545, 3.7038767337799072, 3.7139477729797363, 3.723984479904175, 3.7340152263641357, 3.7443149089813232, 3.7542214393615723, 3.7642061710357666, 3.774421215057373, 3.7843236923217773, 3.79447340965271, 3.804492235183716, 3.8145551681518555, 3.824659585952759, 3.8346216678619385, 3.844693422317505, 3.854796886444092, 3.8647372722625732, 3.874889612197876, 3.8848843574523926, 3.894975423812866, 3.905078649520874, 3.9150640964508057, 3.9251856803894043, 3.9352147579193115, 3.9453961849212646, 3.9553940296173096, 3.965374708175659, 3.9755890369415283, 3.985612392425537, 3.9956016540527344, 4.005695104598999, 4.015719890594482, 4.025823354721069, 4.035845041275024, 4.045928716659546, 4.056020498275757, 4.06597900390625, 4.0761120319366455, 4.086154460906982, 4.0962324142456055, 4.106358766555786, 4.116338491439819, 4.126561880111694, 4.1364874839782715, 4.146648645401001, 4.156633615493774, 4.166661024093628, 4.177293062210083, 4.186882257461548, 4.196878671646118, 4.206970453262329, 4.217015981674194, 4.227089881896973, 4.237231969833374, 4.247209310531616, 4.25728964805603, 4.267322778701782, 4.277397871017456, 4.2874228954315186, 4.297536373138428, 4.30760931968689, 4.3175976276397705, 4.327764987945557, 4.337763786315918, 4.347802639007568, 4.357850790023804, 4.367857217788696, 4.378046274185181, 4.388047456741333, 4.398072957992554, 4.408207178115845, 4.418342351913452, 4.428284168243408, 4.4383485317230225, 4.448457717895508, 4.458574056625366, 4.46854043006897, 4.478665590286255, 4.488656520843506, 4.498701095581055, 4.508887052536011, 4.518810272216797, 4.528863906860352, 4.53897762298584, 4.54918360710144, 4.559134244918823, 4.569133043289185, 4.57929539680481, 4.589591026306152, 4.5997278690338135, 4.609792947769165, 4.61976432800293, 4.629839181900024, 4.639905214309692, 4.649990558624268, 4.6600661277771, 4.670082330703735, 4.680168390274048, 4.690729379653931, 4.70036506652832, 4.71050238609314, 4.72037410736084, 4.7304182052612305, 4.740557909011841, 4.750547647476196, 4.760671138763428, 4.770729064941406, 4.7807700634002686, 4.790778875350952, 4.800877094268799, 4.810973405838013, 4.82100248336792, 4.831172704696655, 4.841234445571899, 4.8512067794799805, 4.861307621002197, 4.871321201324463, 4.881417989730835, 4.891486167907715, 4.901535749435425, 4.9116199016571045, 4.921638011932373, 4.931804418563843, 4.941870212554932, 4.95179009437561, 4.961899042129517, 4.97200083732605, 4.981982707977295, 4.992113828659058, 5.002165079116821, 5.012247562408447, 5.022284746170044, 5.032289266586304, 5.0424299240112305, 5.0524890422821045, 5.062489986419678, 5.072545289993286, 5.082760810852051, 5.092878103256226, 5.102679014205933, 5.112843990325928, 5.122844696044922, 5.132813215255737, 5.143024444580078, 5.152912378311157, 5.163069725036621, 5.173285245895386, 5.183139324188232, 5.193293333053589, 5.203291654586792, 5.213620185852051, 5.223444223403931, 5.233457326889038, 5.243616104125977, 5.2535927295684814, 5.2636730670928955, 5.27372407913208, 5.2837817668914795, 5.2938408851623535, 5.303876161575317, 5.314002513885498, 5.3240272998809814, 5.3341453075408936, 5.344216585159302, 5.354247570037842, 5.364356756210327, 5.374467134475708, 5.3843934535980225, 5.394509315490723, 5.404494762420654, 5.41459584236145, 5.424648284912109, 5.434698104858398, 5.444828271865845, 5.454867601394653, 5.464885711669922, 5.474987745285034, 5.4850380420684814, 5.495088815689087, 5.505193471908569, 5.5152106285095215, 5.525228977203369, 5.535386800765991, 5.5454888343811035, 5.555575847625732, 5.565542459487915, 5.575596570968628, 5.585762023925781, 5.596221923828125, 5.606234788894653, 5.616041660308838, 5.626126050949097, 5.636252164840698, 5.646314382553101, 5.656364679336548, 5.666335344314575, 5.676466941833496, 5.686448574066162, 5.696524381637573, 5.706660509109497, 5.716615915298462, 5.726757764816284, 5.7367329597473145, 5.746832847595215, 5.7569050788879395, 5.767119646072388, 5.777125597000122, 5.787126541137695, 5.797124862670898, 5.80726432800293, 5.817275524139404, 5.827421188354492, 5.8373870849609375, 5.847501277923584, 5.857529878616333, 5.867603063583374, 5.8777079582214355, 5.887679815292358, 5.897769451141357, 5.907930612564087, 5.91786527633667, 5.9279327392578125, 5.937995672225952, 5.948083400726318, 5.958104133605957, 5.9681596755981445, 5.978382587432861, 5.988326787948608, 5.998348712921143, 6.0085203647613525, 6.018482208251953, 6.028522729873657, 6.038574695587158, 6.048630714416504, 6.0586912631988525, 6.068724870681763, 6.078810453414917, 6.088838338851929, 6.098874092102051, 6.109052419662476, 6.119030237197876, 6.1291399002075195, 6.139236211776733, 6.149272918701172, 6.159319877624512, 6.169384717941284, 6.179497718811035, 6.189453601837158, 6.199581623077393, 6.209584474563599, 6.219612121582031, 6.229686260223389, 6.239800691604614, 6.249781370162964, 6.259891033172607, 6.269892692565918, 6.279979228973389, 6.290056467056274, 6.300089597702026, 6.310194492340088, 6.32022762298584, 6.33034086227417, 6.340441465377808, 6.350417375564575, 6.360435724258423, 6.370487928390503, 6.380600452423096, 6.3905861377716064, 6.400634288787842, 6.410757064819336, 6.420802593231201, 6.43082857131958, 6.440956115722656, 6.450994253158569, 6.461052179336548, 6.471118211746216, 6.4812469482421875, 6.491281509399414, 6.5013391971588135, 6.511513948440552, 6.521436452865601, 6.531511306762695, 6.541581153869629, 6.551692247390747, 6.562036514282227, 6.57214093208313, 6.581815958023071, 6.591885805130005, 6.602051734924316, 6.612279891967773, 6.622140645980835, 6.632149696350098, 6.64246129989624, 6.652287721633911, 6.662289619445801, 6.672429084777832, 6.68273663520813, 6.692766189575195, 6.703092575073242, 6.713370323181152, 6.723348379135132, 6.73324179649353, 6.743439435958862, 6.753397226333618, 6.763423681259155, 6.773603916168213, 6.783572673797607, 6.793576955795288, 6.803642272949219, 6.813727140426636, 6.823785305023193, 6.833881378173828, 6.844053506851196, 6.8540308475494385, 6.864053249359131, 6.874144792556763, 6.884158134460449, 6.89424204826355, 6.904313087463379, 6.914464235305786, 6.924420595169067, 6.93444037437439, 6.944726228713989, 6.954639196395874, 6.96461820602417, 6.974812030792236, 6.984816312789917, 6.994887590408325, 7.0049004554748535, 7.0149571895599365, 7.024993419647217, 7.03507924079895, 7.045259237289429, 7.0552287101745605, 7.065270662307739, 7.075345516204834, 7.08535623550415, 7.095453977584839, 7.105550765991211, 7.115661382675171, 7.1256263256073, 7.1356120109558105, 7.145779132843018, 7.155768871307373, 7.1658055782318115, 7.1762049198150635, 7.186002016067505, 7.196066379547119, 7.206195831298828, 7.216155767440796, 7.226317644119263, 7.2363221645355225, 7.246379375457764, 7.256433010101318, 7.266635179519653, 7.276557922363281, 7.286625146865845, 7.2965943813323975, 7.306768894195557, 7.316746473312378, 7.326904058456421, 7.336961984634399, 7.3470518589019775, 7.3569934368133545, 7.36702299118042, 7.3774919509887695, 7.387232780456543, 7.397228717803955, 7.4073662757873535, 7.4173583984375, 7.427525281906128, 7.437474727630615, 7.44759202003479, 7.457651853561401, 7.46777081489563, 7.477816104888916, 7.48773717880249, 7.4978320598602295, 7.507998704910278, 7.518013000488281, 7.5280163288116455, 7.538339853286743, 7.548555135726929, 7.5585386753082275, 7.568438768386841, 7.578869342803955, 7.588561296463013, 7.59848690032959, 7.608659744262695, 7.618607521057129, 7.628690719604492, 7.638845205307007, 7.648882627487183, 7.658856153488159, 7.668967008590698, 7.67896032333374, 7.688967943191528, 7.699016571044922, 7.709214687347412, 7.719222545623779, 7.729217290878296, 7.739369869232178, 7.749371290206909, 7.759449005126953, 7.769484281539917, 7.77965784072876, 7.789583444595337, 7.799628257751465, 7.809807538986206, 7.81974196434021, 7.82993483543396, 7.839928388595581, 7.849917411804199, 7.8601343631744385, 7.870114803314209, 7.880213260650635, 7.890226364135742], "set_target_data": [{"head": [[0.9853577018248119, 0.1663021175761575, 0.03760060031716488, -0.0063884552476671805], [-0.16907215789139227, 0.9815295666972879, 0.08952270731486328, -0.0036098321813825248], [-0.02201828513925242, -0.09456910377454378, 0.9952747759944518, 0.02], [0.0, 0.0, 0.0, 1.0]], "antennas": [-0.011342935714865492, 0.09749220223729373], "body_yaw": -0.005146931649128973, "check_collision": false}, {"head": [[0.9852513674042882, 0.16698317312657054, 0.03736793974199758, -0.0064065304741247895], [-0.16972426291657447, 0.9814348854917464, 0.08932659244160024, -0.003587984278690057], [-0.021758161811267537, -0.09435139337807372, 0.9953011589273922, 0.02], [0.0, 0.0, 0.0, 1.0]], "antennas": [-0.011342935714865492, 0.09749220223729373], "body_yaw": -0.005146931649128973, "check_collision": false}, {"head": [[0.98520913050068, 0.16728234566444958, 0.03714277866682898, -0.006418464304961377], [-0.17000519341881923, 0.9813686401550612, 0.08951997727231255, -0.0034951084889202864], [-0.02147564640990573, -0.09451036424226238, 0.9952922121980414, 0.02], [0.0, 0.0, 0.0, 1.0]], "antennas": [-0.011342935714865492, 0.09749220223729373], "body_yaw": -0.005146931649128973, "check_collision": false}, {"head": [[0.9851239593463913, 0.16778496936242665, 0.03713473815363456, -0.006358236677836796], [-0.1705146387320317, 0.9812396300279465, 0.08996413974858684, -0.0035118326945258226], [-0.021343446295623333, -0.09495784600899553, 0.995252462836218, 0.02], [0.0, 0.0, 0.0, 1.0]], "antennas": [-0.011342935714865492, 0.09749220223729373], "body_yaw": -0.005146931649128973, "check_collision": false}, {"head": [[0.9850770257644585, 0.16808843022606473, 0.03700720112607199, -0.006370590507406469], [-0.17080782318258875, 0.981175526199159, 0.09010701597228002, -0.003418577831111406], [-0.021164613170896303, -0.09508347076090878, 0.9952442879702378, 0.02], [0.0, 0.0, 0.0, 1.0]], "antennas": [-0.011342935714865492, 0.09749220223729373], "body_yaw": -0.005146931649128973, "check_collision": false}, {"head": [[0.9849752100788541, 0.16863622104325304, 0.03722446080695116, -0.006323310021706313], [-0.17136830206350234, 0.981102684745561, 0.0898355555051818, -0.003549804246254609], [-0.02137148984019043, -0.09486488779998362, 0.9952607258827745, 0.02], [0.0, 0.0, 0.0, 1.0]], "antennas": [-0.011342935714865492, 0.09749220223729373], "body_yaw": -0.005146931649128973, "check_collision": false}, {"head": [[0.9848946206113729, 0.1691018362353277, 0.037244533459560025, -0.006337723653687686], [-0.17183735335908956, 0.9810062682577281, 0.08999236428492025, -0.0034638076631093185], [-0.021319246734424535, -0.09503299753710184, 0.9952458083799147, 0.02], [0.0, 0.0, 0.0, 1.0]], "antennas": [-0.011342935714865492, 0.09749220223729373], "body_yaw": -0.005146931649128973, "check_collision": false}, {"head": [[0.9847703047877853, 0.16983437873775642, 0.037198529634021746, -0.00634290564482119], [-0.1725622391176066, 0.9808806876754492, 0.08997416393641053, -0.0034408829013118022], [-0.021206613093345497, -0.09502294640821457, 0.9952491744367392, 0.02], [0.0, 0.0, 0.0, 1.0]], "antennas": [-0.011342935714865492, 0.09749220223729373], "body_yaw": -0.005146931649128973, "check_collision": false}, {"head": [[0.98471516514195, 0.17011897758029676, 0.03735742237489132, -0.00634959148217801], [-0.1728612927677038, 0.9808260382001914, 0.08999586796733583, -0.003359241227522968], [-0.021331127540281297, -0.09507794831374111, 0.9952412605706765, 0.02], [0.0, 0.0, 0.0, 1.0]], "antennas": [-0.011342935714865492, 0.09749220223729373], "body_yaw": -0.005146931649128973, "check_collision": false}, {"head": [[0.9846442644147927, 0.170494019730737, 0.0375161537355205, -0.006449791879975985], [-0.17324748236996115, 0.980768438925176, 0.08988091599857963, -0.0032021214847006256], [-0.021470500867984806, -0.09500030760123253, 0.9952456777842089, 0.02], [0.0, 0.0, 0.0, 1.0]], "antennas": [-0.011342935714865492, 0.09749220223729373], "body_yaw": -0.005146931649128973, "check_collision": false}, {"head": [[0.9846318234961587, 0.17044698467982522, 0.03805256328008152, -0.00645739744406017], [-0.17324755542004433, 0.9807854062425364, 0.08969543713389999, -0.0031275433618439792], [-0.0220330819362125, -0.09490949539017768, 0.9952420464315069, 0.02], [0.0, 0.0, 0.0, 1.0]], "antennas": [-0.011342935714865492, 0.09749220223729373], "body_yaw": -0.005146931649128973, "check_collision": false}, {"head": [[0.9845401272994949, 0.1709288981056106, 0.03826290017100684, -0.006482372793588456], [-0.1737406287551118, 0.9807265756106652, 0.0893844383030789, -0.003113347511833609], [-0.022247059510710064, -0.09465038659921193, 0.9952619618270091, 0.02], [0.0, 0.0, 0.0, 1.0]], "antennas": [-0.011342935714865492, 0.09749220223729373], "body_yaw": -0.005146931649128973, "check_collision": false}, {"head": [[0.984443024978544, 0.17144801071194501, 0.038438394789716585, -0.006478567714723251], [-0.1742759149041159, 0.9806252862763644, 0.08945363826995098, -0.0030490160202961405], [-0.02235701356234074, -0.09476089667323048, 0.99524898211767, 0.02], [0.0, 0.0, 0.0, 1.0]], "antennas": [-0.011342935714865492, 0.09749220223729373], "body_yaw": -0.005146931649128973, "check_collision": false}, {"head": [[0.9842648172474319, 0.17244520999375526, 0.038541134896233994, -0.006545735219150942], [-0.1752869862685197, 0.9804124919758228, 0.08980989935779568, -0.0029483740847746033], [-0.02229892315292001, -0.09515248356174033, 0.9952129233979297, 0.02], [0.0, 0.0, 0.0, 1.0]], "antennas": [-0.011342935714865492, 0.09749220223729373], "body_yaw": -0.005146931649128973, "check_collision": false}, {"head": [[0.9841030910609727, 0.17332120716420427, 0.03874100297336109, -0.006574987261376504], [-0.1761840776342364, 0.9802293218414518, 0.09005358066407415, -0.002873095758158713], [-0.022366871761879036, -0.09544755496811083, 0.9951831425914515, 0.02], [0.0, 0.0, 0.0, 1.0]], "antennas": [-0.011342935714865492, 0.09749220223729373], "body_yaw": -0.005146931649128973, "check_collision": false}, {"head": [[0.9840463875902521, 0.1736712858000799, 0.03861335985280467, -0.0066524524090001485], [-0.17652901594639137, 0.9801324215105461, 0.09043197903878818, -0.0028413548158922755], [-0.02214076781807533, -0.0958056407129564, 0.9951537899279719, 0.02], [0.0, 0.0, 0.0, 1.0]], "antennas": [-0.011342935714865492, 0.09749220223729373], "body_yaw": -0.005146931649128973, "check_collision": false}, {"head": [[0.9839010097397933, 0.17435495575372364, 0.03923203330355707, -0.006713490502748884], [-0.17726438463547114, 0.9800196912118554, 0.09021498088913263, -0.002724948788347799], [-0.022718736162517485, -0.09571705303202716, 0.995149287688054, 0.02], [0.0, 0.0, 0.0, 1.0]], "antennas": [-0.011342935714865492, 0.09749220223729373], "body_yaw": -0.005146931649128973, "check_collision": false}, {"head": [[0.9837145899564417, 0.17529470326433483, 0.03971614928840275, -0.006727306774147442], [-0.1782347103790674, 0.9798915386190291, 0.08969370412086872, -0.0028103043765022448], [-0.023194687385689295, -0.09531180173672504, 0.9951772037817082, 0.02], [0.0, 0.0, 0.0, 1.0]], "antennas": [-0.011342935714865492, 0.09749220223729373], "body_yaw": -0.005146931649128973, "check_collision": false}, {"head": [[0.9835825364126606, 0.1759570405067904, 0.04005638476109369, -0.006767269395973638], [-0.17892306518623435, 0.9797811337157468, 0.08952913916177375, -0.002704466637180698], [-0.023493207707752244, -0.09522630892131355, 0.9951783856579798, 0.02], [0.0, 0.0, 0.0, 1.0]], "antennas": [-0.011342935714865492, 0.09749220223729373], "body_yaw": -0.005146931649128973, "check_collision": false}, {"head": [[0.9834344106700081, 0.1767620480669689, 0.04014895108597818, -0.006832780866933384], [-0.17973963323868805, 0.9796089872167228, 0.08977692580751734, -0.0024486136812732068], [-0.023461120036255743, -0.09550607586639259, 0.9951523327205978, 0.02], [0.0, 0.0, 0.0, 1.0]], "antennas": [-0.011342935714865492, 0.09749220223729373], "body_yaw": -0.005146931649128973, "check_collision": false}, {"head": [[0.9833327838604567, 0.17730155422064084, 0.04025909904840854, -0.006861901857660733], [-0.1802938298706319, 0.9794828110317174, 0.09004197801017542, -0.002346608566907272], [-0.02346851285923466, -0.09579969605562651, 0.9951239355677391, 0.02], [0.0, 0.0, 0.0, 1.0]], "antennas": [-0.011342935714865492, 0.09749220223729373], "body_yaw": -0.005146931649128973, "check_collision": false}, {"head": [[0.9831946640363844, 0.17802683990051432, 0.04043138490600137, -0.006771559260654506], [-0.18102244490278646, 0.9793884565525705, 0.08960538830333328, -0.0026229817929817375], [-0.023645867541670643, -0.09541852779523555, 0.9951563583184259, 0.02], [0.0, 0.0, 0.0, 1.0]], "antennas": [-0.011342935714865492, 0.09749220223729373], "body_yaw": -0.005146931649128973, "check_collision": false}, {"head": [[0.9830629249536007, 0.17878656852540234, 0.040282111371960985, -0.006793648988332595], [-0.1817675039828777, 0.9792406055165288, 0.08971293665607409, -0.0025322554801392146], [-0.023406411034287058, -0.09551544075453892, 0.9951527221989398, 0.02], [0.0, 0.0, 0.0, 1.0]], "antennas": [-0.011342935714865492, 0.09749220223729373], "body_yaw": -0.005146931649128973, "check_collision": false}, {"head": [[0.9828427005942676, 0.18001272647568303, 0.040195076755218925, -0.00679565843693527], [-0.18297940346741517, 0.9790194529741139, 0.08966297231843245, -0.0024928960132522366], [-0.023211285946192234, -0.09547946902375412, 0.9951607444024639, 0.02], [0.0, 0.0, 0.0, 1.0]], "antennas": [-0.011342935714865492, 0.09749220223729373], "body_yaw": -0.005146931649128973, "check_collision": false}, {"head": [[0.9826685771160527, 0.18090785637250587, 0.040432846194853586, -0.006843638670463509], [-0.18389282641239732, 0.9788520278357057, 0.08962218473116046, -0.0023940023672113864], [-0.023364416165866677, -0.09550421511447085, 0.9951547864290241, 0.02], [0.0, 0.0, 0.0, 1.0]], "antennas": [-0.011342935714865492, 0.09749220223729373], "body_yaw": -0.005146931649128973, "check_collision": false}, {"head": [[0.982472976386659, 0.18188212923646627, 0.04081349941316446, -0.006909421139395247], [-0.1848913734516496, 0.9786959930140965, 0.08927112232583234, -0.0021908097774777377], [-0.023707186528595818, -0.09525252921870611, 0.9951708019150971, 0.02], [0.0, 0.0, 0.0, 1.0]], "antennas": [-0.011342935714865492, 0.09749220223729373], "body_yaw": -0.005146931649128973, "check_collision": false}, {"head": [[0.9822382502232991, 0.18301260139130823, 0.04140540460202749, -0.006937987143878859], [-0.18606299991158323, 0.9785149980513581, 0.08881981002261019, -0.0020686431949268483], [-0.02426066491614894, -0.0949462285745806, 0.9951867331397106, 0.02], [0.0, 0.0, 0.0, 1.0]], "antennas": [-0.011342935714865492, 0.09749220223729373], "body_yaw": -0.005146931649128973, "check_collision": false}, {"head": [[0.9819191174024449, 0.1845999094625683, 0.04192517508628625, -0.007040713825072866], [-0.18768854858295822, 0.978223498857856, 0.08861035499938599, -0.0018481692694374639], [-0.02465472795280245, -0.09487707683474586, 0.9951836436964122, 0.02], [0.0, 0.0, 0.0, 1.0]], "antennas": [-0.011342935714865492, 0.09749220223729373], "body_yaw": -0.005146931649128973, "check_collision": false}, {"head": [[0.9816861480637659, 0.1857197623573324, 0.042432022926810024, -0.007074294627394871], [-0.18884778251001172, 0.9780168305849717, 0.08842846902201454, -0.00171368365306134], [-0.025076318325796328, -0.09482219657053959, 0.9951783404479624, 0.02], [0.0, 0.0, 0.0, 1.0]], "antennas": [-0.011342935714865492, 0.09749220223729373], "body_yaw": -0.005146931649128973, "check_collision": false}, {"head": [[0.9814800790867723, 0.18677750526756923, 0.04255605575998396, -0.007090869397455716], [-0.18990697731259779, 0.9778345064203314, 0.08817606263436584, -0.001669763703691078], [-0.02514347477609623, -0.09462474084366246, 0.9951954401505535, 0.02], [0.0, 0.0, 0.0, 1.0]], "antennas": [-0.011342935714865492, 0.09749220223729373], "body_yaw": -0.005146931649128973, "check_collision": false}, {"head": [[0.9813859312027653, 0.18726619060309338, 0.0425796652674377, -0.007107748021077414], [-0.1903846402602751, 0.9777823296462012, 0.08772345515660616, -0.0015412387690076053], [-0.02520600702703175, -0.09419707898153402, 0.9952344284243284, 0.02], [0.0, 0.0, 0.0, 1.0]], "antennas": [-0.011342935714865492, 0.09749220223729373], "body_yaw": -0.005146931649128973, "check_collision": false}, {"head": [[0.9812544499521477, 0.18788152098113903, 0.04289800138609291, -0.007093699986681923], [-0.19101026743453975, 0.9777212161890974, 0.08704195050834597, -0.0016644960293231087], [-0.02558871203661928, -0.09360425998599399, 0.9952805937667935, 0.02], [0.0, 0.0, 0.0, 1.0]], "antennas": [-0.011342935714865492, 0.09749220223729373], "body_yaw": -0.005146931649128973, "check_collision": false}, {"head": [[0.9811746616606745, 0.18821213039380225, 0.0432721306118338, -0.007112253618227802], [-0.19136445093228605, 0.9776870719720997, 0.0866466168872586, -0.0015549228651523068], [-0.0259986583201115, -0.09329621252360178, 0.995298893043846, 0.02], [0.0, 0.0, 0.0, 1.0]], "antennas": [-0.011342935714865492, 0.09749220223729373], "body_yaw": -0.005146931649128973, "check_collision": false}, {"head": [[0.981031216481332, 0.18886310149537908, 0.0436861669490998, -0.007162438676990803], [-0.1920441747289803, 0.9775792642904693, 0.08635865319682948, -0.001370696989536394], [-0.026396727862054544, -0.09311020847818738, 0.99530583331724, 0.02], [0.0, 0.0, 0.0, 1.0]], "antennas": [-0.011342935714865492, 0.09749220223729373], "body_yaw": -0.005146931649128973, "check_collision": false}, {"head": [[0.980930010952574, 0.1892341175048133, 0.04434819483087374, -0.007202368840504539], [-0.19246822923701776, 0.9775199601806647, 0.08608547021860488, -0.001265562664937249], [-0.027060937658355474, -0.09297943977335013, 0.9953002207537605, 0.02], [0.0, 0.0, 0.0, 1.0]], "antennas": [-0.011342935714865492, 0.09749220223729373], "body_yaw": -0.005146931649128973, "check_collision": false}, {"head": [[0.9807865619126268, 0.18981587516250342, 0.04502947376887307, -0.007256671517437373], [-0.1931047961565635, 0.9774154210303916, 0.08584656331685063, -0.0011332893302447595], [-0.02771746151689878, -0.09289256304072414, 0.9952902662333154, 0.02], [0.0, 0.0, 0.0, 1.0]], "antennas": [-0.011342935714865492, 0.09749220223729373], "body_yaw": -0.005146931649128973, "check_collision": false}, {"head": [[0.9806779464044846, 0.19028139784066606, 0.04542857109446678, -0.007291175993008885], [-0.19359536095173574, 0.9773509683320467, 0.08547467998406225, -0.001025618084325274], [-0.028135416361767376, -0.09261789425490555, 0.9953041364376706, 0.02], [0.0, 0.0, 0.0, 1.0]], "antennas": [-0.011342935714865492, 0.09749220223729373], "body_yaw": -0.005146931649128973, "check_collision": false}, {"head": [[0.9805476582117639, 0.19091775679661602, 0.045570825263253345, -0.00737669758564512], [-0.1942436741044696, 0.9772194963210628, 0.08550702357353557, -0.0007483855253841622], [-0.028207889779676813, -0.09269555625679551, 0.9952948552084557, 0.02], [0.0, 0.0, 0.0, 1.0]], "antennas": [-0.011342935714865492, 0.09749220223729373], "body_yaw": -0.005146931649128973, "check_collision": false}, {"head": [[0.9805347065273977, 0.1909976294152872, 0.045514776204772345, -0.007394147080659364], [-0.19432617185512258, 0.9771779687899782, 0.08579368417095562, -0.0006620266625374212], [-0.0280896462662535, -0.09296839715318825, 0.9952727510101961, 0.02], [0.0, 0.0, 0.0, 1.0]], "antennas": [-0.011342935714865492, 0.09749220223729373], "body_yaw": -0.005146931649128973, "check_collision": false}, {"head": [[0.9804479567625832, 0.19140685495155643, 0.045664208715681845, -0.007457603620139515], [-0.19474780814945383, 0.9770943437892906, 0.08579006093924225, -0.0004284928841656035], [-0.02819743429922363, -0.0930056945166758, 0.9952662183990832, 0.02], [0.0, 0.0, 0.0, 1.0]], "antennas": [-0.011342935714865492, 0.09749220223729373], "body_yaw": -0.005146931649128973, "check_collision": false}, {"head": [[0.9803973761240066, 0.1916611913258996, 0.04568339554696732, -0.007471437496778757], [-0.1949938321415387, 0.977073798291647, 0.08546460155346212, -0.00031664436493569845], [-0.02825580145600518, -0.0926972514774388, 0.995293338294097, 0.02], [0.0, 0.0, 0.0, 1.0]], "antennas": [-0.011342935714865492, 0.09749220223729373], "body_yaw": -0.005146931649128973, "check_collision": false}, {"head": [[0.980275809422354, 0.19229530854113328, 0.04562731390755757, -0.007499576523691783], [-0.1956065013449749, 0.9769947252638334, 0.0849670726706825, -0.0004399596707170064], [-0.02823887556059511, -0.09221616517572752, 0.9953385076381582, 0.02], [0.0, 0.0, 0.0, 1.0]], "antennas": [-0.011342935714865492, 0.10118760456588768], "body_yaw": -0.005146931649128973, "check_collision": false}, {"head": [[0.9801694200134538, 0.19281021731803577, 0.045739787584349274, -0.007542846886250972], [-0.1961273901808459, 0.976898496999351, 0.08487268925431186, -0.0003329247162269988], [-0.028318808084730397, -0.09216043976772563, 0.9953413979386568, 0.02], [0.0, 0.0, 0.0, 1.0]], "antennas": [-0.011342935714865492, 0.1059780987347222], "body_yaw": -0.005146931649128973, "check_collision": false}, {"head": [[0.9800139412881611, 0.19360781562986548, 0.04570217290104011, -0.007625829836617046], [-0.19691773862061454, 0.9767429073126195, 0.08483334975724359, -3.824370248215261e-06], [-0.02821487369080162, -0.09213743398599451, 0.9953464794538073, 0.02], [0.0, 0.0, 0.0, 1.0]], "antennas": [-0.011342935714865492, 0.11213745770385747], "body_yaw": -0.005146931649128973, "check_collision": false}, {"head": [[0.9799803176033679, 0.19382093374789638, 0.04551947661271911, -0.007687621196536054], [-0.19711051809400543, 0.9767125742789443, 0.08473482697280155, 0.00010035873710738559], [-0.028036061897404242, -0.0920108302673735, 0.9953632434175946, 0.02], [0.0, 0.0, 0.0, 1.0]], "antennas": [-0.011342935714865492, 0.11857058963305288], "body_yaw": -0.005146931649128973, "check_collision": false}, {"head": [[0.9799516843637024, 0.19398032293225503, 0.0454569095720428, -0.007582309190523857], [-0.19724266424472697, 0.9767501394080199, 0.0839910505235875, -0.0001710073073549357], [-0.028107431657565705, -0.09127321338438775, 0.9954291400215806, 0.02], [0.0, 0.0, 0.0, 1.0]], "antennas": [-0.011342935714865492, 0.12555126748236858], "body_yaw": -0.005146931649128973, "check_collision": false}, {"head": [[0.9799273823158668, 0.19409645351489851, 0.04548507579977615, -0.007625452674776634], [-0.19734609007785037, 0.97677437118819, 0.08346465432086007, -7.363457866889529e-05], [-0.028228462915247624, -0.0907656020905196, 0.9954721288708126, 0.02], [0.0, 0.0, 0.0, 1.0]], "antennas": [-0.011342935714865492, 0.13280571829174442], "body_yaw": -0.005146931649128973, "check_collision": false}, {"head": [[0.9798244979260495, 0.19459839963976566, 0.045556735194779624, -0.007700775161947191], [-0.197837891589691, 0.9767199498141682, 0.08293556707682508, 5.9914656832294605e-05], [-0.0283570434867759, -0.0902751488099074, 0.9955130715324829, 0.02], [0.0, 0.0, 0.0, 1.0]], "antennas": [-0.011342935714865492, 0.1403339420611804], "body_yaw": -0.005146931649128973, "check_collision": false}, {"head": [[0.9797306620990197, 0.19507622112113968, 0.04553128261000758, -0.007720875570572495], [-0.1983019101416851, 0.9766555942036428, 0.08258451879673463, 0.00016056026127728856], [-0.028358106022356222, -0.08993952559261915, 0.9955434192233903, 0.02], [0.0, 0.0, 0.0, 1.0]], "antennas": [-0.011342935714865492, 0.1478621658306164], "body_yaw": -0.005146931649128973, "check_collision": false}, {"head": [[0.9794664399543175, 0.1963827815132508, 0.045599299647405694, -0.007806002477675587], [-0.19960949865269464, 0.9763921498203624, 0.08254948707769524, 0.0002795592274691394], [-0.028311500328223396, -0.08995650556957777, 0.9955432115457747, 0.02], [0.0, 0.0, 0.0, 1.0]], "antennas": [-0.015039403307895475, 0.15566416256011253], "body_yaw": -0.005146931649128973, "check_collision": false}, {"head": [[0.9792773046948396, 0.19730719659841947, 0.04567089532824286, -0.007823458203427551], [-0.20053895564330806, 0.9761972285092503, 0.0826020479186218, 0.00038075316954962364], [-0.02828582293485516, -0.0900491045004426, 0.9955355699318668, 0.02], [0.0, 0.0, 0.0, 1.0]], "antennas": [-0.019283416821045746, 0.16373993224966882], "body_yaw": -0.005146931649128973, "check_collision": false}, {"head": [[0.9791279780652359, 0.19808364563003808, 0.045511228326605146, -0.007826566791198634], [-0.2012921419238056, 0.9760614394623958, 0.08237438918937345, 0.0002735887038707134], [-0.028104735714989296, -0.08981612176279577, 0.9955617449972057, 0.02], [0.0, 0.0, 0.0, 1.0]], "antennas": [-0.023527430334196024, 0.1723632478593454], "body_yaw": -0.005146931649128973, "check_collision": false}, {"head": [[0.9790715552099012, 0.19843324611729354, 0.04520106872872315, -0.007851454781279108], [-0.20161014823903198, 0.976003699810667, 0.08228077590132798, 0.00034779599818651925], [-0.02778916885947995, -0.08967176139255112, 0.9955836164295073, 0.02], [0.0, 0.0, 0.0, 1.0]], "antennas": [-0.02886653568758688, 0.18153410938914227], "body_yaw": -0.005146931649128973, "check_collision": false}, {"head": [[0.9806613755677145, 0.19008882359662344, 0.04657795200832392, -0.005789393520423056], [-0.19342429810848072, 0.9776333958579847, 0.08258319565399894, -0.0050881539727035165], [-0.029838018883289505, -0.08999545792336885, 0.9954951080654709, 0.02], [0.0, 0.0, 0.0, 1.0]], "antennas": [-0.035026959921158174, 0.19207383571923986], "body_yaw": -0.005146931649128973, "check_collision": false}, {"head": [[0.980579456897262, 0.19044750321325163, 0.04683670815620192, -0.0057495088896880354], [-0.19379682033418857, 0.977583002143807, 0.08230593142574631, -0.00513144392203696], [-0.030111810630198715, -0.0897843106524739, 0.9955059298774825, 0.02], [0.0, 0.0, 0.0, 1.0]], "antennas": [-0.04337756783521063, 0.20370865388957804], "body_yaw": -0.005146931649128973, "check_collision": false}, {"head": [[0.9804418002796478, 0.1911091862694536, 0.0470229219405838, -0.00603702345256135], [-0.19446626077256446, 0.9774693382340534, 0.08207658760827287, -0.005061306525949405], [-0.03027787452150345, -0.08961568911585081, 0.9955160865494596, 0.02], [0.0, 0.0, 0.0, 1.0]], "antennas": [-0.053097040549563816, 0.21616479094009663], "body_yaw": -0.005146931649128973, "check_collision": false}, {"head": [[0.9802723742302265, 0.19197273246069296, 0.04703766908138823, -0.006018744091139566], [-0.19531990599780352, 0.9773228686919169, 0.08179330444976322, -0.0050886950784891655], [-0.03026890553099302, -0.08936710985243766, 0.9955387049404851, 0.02], [0.0, 0.0, 0.0, 1.0]], "antennas": [-0.06445915102427788, 0.2288947009506754], "body_yaw": -0.005146931649128973, "check_collision": false}, {"head": [[0.9800284658427081, 0.1931555955464271, 0.04727707739585015, -0.006279923580149928], [-0.1965206061886459, 0.9770822540383073, 0.08179193228349681, -0.004524395536277454], [-0.030395023955168902, -0.08944934182276602, 0.9955274771528101, 0.02], [0.0, 0.0, 0.0, 1.0]], "antennas": [-0.07691635333923252, 0.24217215688137445], "body_yaw": -0.005146931649128973, "check_collision": false}, {"head": [[0.9798068264129239, 0.1941391685335853, 0.0478389606463448, -0.006302505728878412], [-0.19753915172102635, 0.9769103549129419, 0.0813906751489837, -0.0044945500448197095], [-0.030933258023876115, -0.08919720682262545, 0.9955335212051225, 0.02], [0.0, 0.0, 0.0, 1.0]], "antennas": [-0.09046864749442775, 0.2554496128120735], "body_yaw": -0.005146931649128973, "check_collision": false}, {"head": [[0.9794811180451539, 0.19563866487615372, 0.048396820127890955, -0.0064939027691867605], [-0.19907037781770864, 0.9766356675890379, 0.08095528067043631, -0.00398253541688026], [-0.03142807770975091, -0.08892854209077311, 0.995542058545534, 0.02], [0.0, 0.0, 0.0, 1.0]], "antennas": [-0.10484226052980342, 0.2687270687427726], "body_yaw": -0.005146931649128973, "check_collision": false}, {"head": [[0.9791510057321949, 0.19723366252065, 0.04860236971920181, -0.006523640710437513], [-0.20066651280510672, 0.9763417379577393, 0.08055905511051921, -0.003919880218375818], [-0.03156356463185949, -0.08863234787791692, 0.9955641859254374, 0.02], [0.0, 0.0, 0.0, 1.0]], "antennas": [-0.11976341948529938, 0.28227829763353174], "body_yaw": -0.005146931649128973, "check_collision": false}, {"head": [[0.9786933423958046, 0.19937748718710413, 0.04907096038477755, -0.006603363604741487], [-0.20283918341016483, 0.975909799150409, 0.08035128869972051, -0.0037180542032672955], [-0.0318685930600301, -0.08859278483694054, 0.995557989898735, 0.02], [0.0, 0