{"description": "A movement you do when you perceive someone\u2019s words or actions as careless or disrespectful.", "time": [0.0, 0.010257482528686523, 0.02018117904663086, 0.030089616775512695, 0.04024982452392578, 0.0503232479095459, 0.06029319763183594, 0.07046175003051758, 0.0804145336151123, 0.09179306030273438, 0.10081267356872559, 0.11069369316101074, 0.12080645561218262, 0.1308305263519287, 0.14083266258239746, 0.15102934837341309, 0.16099262237548828, 0.17104196548461914, 0.18130111694335938, 0.1912245750427246, 0.20125603675842285, 0.21126985549926758, 0.22134828567504883, 0.2313988208770752, 0.24147868156433105, 0.2515900135040283, 0.2615959644317627, 0.27167820930480957, 0.2817420959472656, 0.2918546199798584, 0.3018677234649658, 0.3118901252746582, 0.32199883460998535, 0.3320276737213135, 0.34200596809387207, 0.352175235748291, 0.3621633052825928, 0.3722867965698242, 0.38225841522216797, 0.39234447479248047, 0.40242815017700195, 0.41248250007629395, 0.42267847061157227, 0.4325883388519287, 0.44271039962768555, 0.45287036895751953, 0.46296072006225586, 0.47289013862609863, 0.48307061195373535, 0.49307847023010254, 0.5031542778015137, 0.5130653381347656, 0.5232291221618652, 0.5332307815551758, 0.5432784557342529, 0.5534224510192871, 0.5633573532104492, 0.5735118389129639, 0.5836102962493896, 0.5935792922973633, 0.6036531925201416, 0.6137888431549072, 0.6238470077514648, 0.6338839530944824, 0.6438815593719482, 0.6540215015411377, 0.664038896560669, 0.6741700172424316, 0.6842811107635498, 0.6942393779754639, 0.7043302059173584, 0.7143888473510742, 0.724407434463501, 0.73447585105896, 0.7445080280303955, 0.7546336650848389, 0.7646589279174805, 0.7748675346374512, 0.7849133014678955, 0.7949433326721191, 0.8050923347473145, 0.8150286674499512, 0.8251504898071289, 0.8351290225982666, 0.8451764583587646, 0.8553080558776855, 0.8652522563934326, 0.8753650188446045, 0.885568380355835, 0.8954646587371826, 0.9055371284484863, 0.9159560203552246, 0.9261929988861084, 0.9362790584564209, 0.9463682174682617, 0.9564220905303955, 0.9664194583892822, 0.976597785949707, 0.9865806102752686, 0.9966957569122314, 1.0066969394683838, 1.0167701244354248, 1.0268135070800781, 1.0368726253509521, 1.0468735694885254, 1.0570049285888672, 1.067058801651001, 1.0769922733306885, 1.087106704711914, 1.0971150398254395, 1.1072230339050293, 1.1173334121704102, 1.1273467540740967, 1.1374194622039795, 1.147446632385254, 1.1575243473052979, 1.1675748825073242, 1.1776721477508545, 1.1877775192260742, 1.1977641582489014, 1.207855224609375, 1.217949390411377, 1.2279798984527588, 1.2380812168121338, 1.2480785846710205, 1.2580857276916504, 1.2681498527526855, 1.2782039642333984, 1.2883055210113525, 1.298302412033081, 1.3084144592285156, 1.3185012340545654, 1.328498125076294, 1.3386740684509277, 1.3486464023590088, 1.3586974143981934, 1.368765115737915, 1.3788187503814697, 1.388948678970337, 1.3989109992980957, 1.4090521335601807, 1.4192583560943604, 1.4291441440582275, 1.4393751621246338, 1.4493465423583984, 1.4594123363494873, 1.4694123268127441, 1.4794414043426514, 1.489616870880127, 1.499574899673462, 1.5098168849945068, 1.51975679397583, 1.52974534034729, 1.5400097370147705, 1.5499212741851807, 1.5599768161773682, 1.5700199604034424, 1.5799708366394043, 1.590160846710205, 1.6001427173614502, 1.6102490425109863, 1.6203246116638184, 1.6302907466888428, 1.6404674053192139, 1.6504647731781006, 1.6604821681976318, 1.670565128326416, 1.680689811706543, 1.6909198760986328, 1.7008278369903564, 1.7110683917999268, 1.7212915420532227, 1.731074571609497, 1.7410762310028076, 1.7512218952178955, 1.76112699508667, 1.7712252140045166, 1.7813310623168945, 1.791454553604126, 1.8015146255493164, 1.8118481636047363, 1.8215832710266113, 1.8316724300384521, 1.8420016765594482, 1.8525261878967285, 1.8622119426727295, 1.8719429969787598, 1.8819749355316162, 1.8921575546264648, 1.9021353721618652, 1.9120922088623047, 1.92240571975708, 1.9324679374694824, 1.9424700736999512, 1.9525928497314453, 1.962419033050537, 1.972468614578247, 1.9825353622436523, 1.9926047325134277, 2.0027530193328857, 2.012772560119629, 2.022895336151123, 2.032853841781616, 2.0429303646087646, 2.0530121326446533, 2.0630440711975098, 2.0731024742126465, 2.083162546157837, 2.0932090282440186, 2.103304862976074, 2.113511562347412, 2.123699188232422, 2.1335039138793945, 2.143537998199463, 2.1537208557128906, 2.1636815071105957, 2.1738994121551514, 2.1839492321014404, 2.1938886642456055, 2.203974723815918, 2.214052677154541, 2.224079132080078, 2.2341506481170654, 2.2442235946655273, 2.254260540008545, 2.264270305633545, 2.2743425369262695, 2.284452199935913, 2.294609785079956, 2.304582118988037, 2.3146116733551025, 2.324738025665283, 2.334772825241089, 2.3449161052703857, 2.3549516201019287, 2.36494779586792, 2.375027656555176, 2.38510799407959, 2.395043134689331, 2.405242443084717, 2.4152841567993164, 2.4252891540527344, 2.4353742599487305, 2.445413112640381, 2.455554723739624, 2.4655561447143555, 2.475698709487915, 2.4858078956604004, 2.4956741333007812, 2.505805015563965, 2.516005754470825, 2.525949001312256, 2.536005973815918, 2.546065330505371, 2.5560970306396484, 2.566040277481079, 2.57619571685791, 2.586350917816162, 2.5962722301483154, 2.60636568069458, 2.616521120071411, 2.6264476776123047, 2.6365253925323486, 2.6465632915496826, 2.6566827297210693, 2.6667354106903076, 2.6776554584503174, 2.687006950378418, 2.6969380378723145, 2.7070236206054688, 2.7171616554260254, 2.727064847946167, 2.7371902465820312, 2.7472097873687744, 2.7573275566101074, 2.7673299312591553, 2.7773821353912354, 2.787666082382202, 2.7976319789886475, 2.8076529502868652, 2.81778621673584, 2.8277587890625, 2.838042974472046, 2.847992420196533, 2.858245372772217, 2.8683648109436035, 2.8784594535827637, 2.8886375427246094, 2.8986082077026367, 2.9086551666259766, 2.918849468231201, 2.9287056922912598, 2.9388420581817627, 2.948962450027466, 2.9589531421661377, 2.9690253734588623, 2.979020595550537, 2.9891276359558105, 2.9990742206573486, 3.009110689163208, 3.0193114280700684, 3.029890537261963, 3.039480447769165, 3.049562454223633, 3.0594658851623535, 3.069551944732666, 3.079566240310669, 3.089742422103882, 3.099801778793335, 3.109809637069702, 3.1198291778564453, 3.129873275756836, 3.139965295791626, 3.1511008739471436, 3.160308599472046, 3.17012357711792, 3.1802167892456055, 3.1903793811798096, 3.2002997398376465, 3.210352659225464, 3.220486640930176, 3.230466365814209, 3.2406060695648193, 3.250704765319824, 3.2606635093688965, 3.2707672119140625, 3.280750036239624, 3.290956735610962, 3.300957202911377, 3.3110432624816895, 3.3210666179656982, 3.3310999870300293, 3.3411848545074463, 3.351287364959717, 3.361311912536621, 3.371354818344116, 3.3813865184783936, 3.3916049003601074, 3.4015579223632812, 3.4115896224975586, 3.4218931198120117, 3.4316864013671875, 3.4418022632598877, 3.451888084411621, 3.4619219303131104, 3.472020149230957, 3.482034921646118, 3.4920642375946045, 3.502117395401001, 3.5121545791625977, 3.522285223007202, 3.532296657562256, 3.5423173904418945, 3.5524985790252686, 3.5624616146087646], "set_target_data": [{"head": [[0.99845773096105, 0.02770166257987108, -0.048112133338924314, -0.008284671671044824], [-0.028213925739395098, 0.999551878042833, -0.010000874732605254, 0.007715478433400705], [0.04781353237822281, 0.011342882850331026, 0.9987918727793895, 0.008308981340194088], [0.0, 0.0, 0.0, 1.0]], "antennas": [-0.1159732086218986, 0.12874013657162947], "body_yaw": -0.027924841926133488, "check_collision": false}, {"head": [[0.9984717759700151, 0.027704360180241052, -0.047818208020450684, -0.0082746156530982], [-0.028218542119948977, 0.999550636195668, -0.010111358042306206, 0.007650850120386613], [0.047516591543462855, 0.011445265739095744, 0.9988048755488996, 0.008302603912364148], [0.0, 0.0, 0.0, 1.0]], "antennas": [-0.1159732086218986, 0.12874013657162947], "body_yaw": -0.027924841926133488, "check_collision": false}, {"head": [[0.998465298650252, 0.02770969966408693, -0.047950181811850776, -0.008272066045136112], [-0.028225664094664926, 0.9995503794272108, -0.010116860843878453, 0.007619006849396347], [0.047648287248111945, 0.01145476020898555, 0.9987984927856451, 0.008294977999804276], [0.0, 0.0, 0.0, 1.0]], "antennas": [-0.1159732086218986, 0.12874013657162947], "body_yaw": -0.027924841926133488, "check_collision": false}, {"head": [[0.9984424825517769, 0.027779595002306125, -0.04838288062272349, -0.008280100773483456], [-0.028285500799985187, 0.9995518146399685, -0.009803075764286741, 0.007673416476750233], [0.04808887064944342, 0.011156341311297243, 0.9987807550049246, 0.008388394831995272], [0.0, 0.0, 0.0, 1.0]], "antennas": [-0.1159732086218986, 0.12874013657162947], "body_yaw": -0.027924841926133488, "check_collision": false}, {"head": [[0.9984206685446517, 0.027879380652733043, -0.04877405824073422, -0.00832096433467977], [-0.028373030665533303, 0.9995526574265552, -0.009458126789388014, 0.007634208889134473], [0.0484885528109803, 0.010827057122387723, 0.9987650549956006, 0.008415155244580697], [0.0, 0.0, 0.0, 1.0]], "antennas": [-0.1159732086218986, 0.12874013657162947], "body_yaw": -0.027924841926133488, "check_collision": false}, {"head": [[0.9984051507438358, 0.02794641865787024, -0.04905254990698439, -0.008395325566948275], [-0.028425065341575535, 0.9995546182892782, -0.00908739329524203, 0.007742748756821723], [0.048776742700854, 0.010467222209081568, 0.9987548581262171, 0.008455710774216252], [0.0, 0.0, 0.0, 1.0]], "antennas": [-0.1159732086218986, 0.12874013657162947], "body_yaw": -0.027924841926133488, "check_collision": false}, {"head": [[0.998394474144209, 0.027890320206835663, -0.04930115654899226, -0.008444076359609753], [-0.028362554731251523, 0.9995580360307266, -0.008904947810812507, 0.007711650586496633], [0.049031005368285384, 0.010288957437792574, 0.9987442604928541, 0.008486726855868043], [0.0, 0.0, 0.0, 1.0]], "antennas": [-0.1159732086218986, 0.12874013657162947], "body_yaw": -0.027924841926133488, "check_collision": false}, {"head": [[0.9983880116790249, 0.027681962966424355, -0.049548835121810554, -0.008431714863098572], [-0.028160502605457348, 0.9995630242450001, -0.008985914266052098, 0.007584599353824407], [0.04927843573624153, 0.010366749177747065, 0.998731278314079, 0.008599895040930616], [0.0, 0.0, 0.0, 1.0]], "antennas": [-0.1159732086218986, 0.12874013657162947], "body_yaw": -0.027924841926133488, "check_collision": false}, {"head": [[0.9983720458194352, 0.027659910787429947, -0.0498817347487695, -0.008470762477255589], [-0.028139976703778814, 0.999563946961892, -0.00894749378732494, 0.007538692200350285], [0.049612496786857724, 0.010336598531182737, 0.9987150519008806, 0.008628628557546425], [0.0, 0.0, 0.0, 1.0]], "antennas": [-0.1159732086218986, 0.12874013657162947], "body_yaw": -0.027924841926133488, "check_collision": false}, {"head": [[0.9983389320931169, 0.0278230801972232, -0.05045049925931386, -0.008426007431121929], [-0.028299177251676803, 0.9995612256763085, -0.008747153328611, 0.007400251436599301], [0.050184990127062096, 0.010160331333915168, 0.9986882568815615, 0.008795252525011676], [0.0, 0.0, 0.0, 1.0]], "antennas": [-0.1159732086218986, 0.12874013657162947], "body_yaw": -0.027924841926133488, "check_collision": false}, {"head": [[0.9982582235781107, 0.028229430530248345, -0.05180365151813731, -0.00849450282958919], [-0.028697487141197908, 0.9995535695503756, -0.008313593139144353, 0.0073265837173545215], [0.05154583679071966, 0.009785747341942253, 0.9986226844301627, 0.008866451499909389], [0.0, 0.0, 0.0, 1.0]], "antennas": [-0.1159732086218986, 0.12874013657162947], "body_yaw": -0.027924841926133488, "check_collision": false}, {"head": [[0.9981777625542155, 0.02874726485834978, -0.05305420912070323, -0.00850468989708067], [-0.029205038793632544, 0.999542434118356, -0.007873252556208254, 0.0072204504173945866], [0.052803598848202, 0.009408355856115849, 0.9985605954516542, 0.008899104381194012], [0.0, 0.0, 0.0, 1.0]], "antennas": [-0.1159732086218986, 0.12874013657162947], "body_yaw": -0.027924841926133488, "check_collision": false}, {"head": [[0.9980629934751999, 0.029435970127770203, -0.05480679445069444, -0.008562285132102748], [-0.029906106653690194, 0.999522452844189, -0.007777598932500279, 0.007145808671017697], [0.05455168045204251, 0.009401591512810089, 0.9984666865934412, 0.008980690882860687], [0.0, 0.0, 0.0, 1.0]], "antennas": [-0.1159732086218986, 0.12874013657162947], "body_yaw": -0.027924841926133488, "check_collision": false}, {"head": [[0.9978909447752796, 0.030113591482911498, -0.05750507754538015, -0.00850042410603391], [-0.030619703961339388, 0.9994995680093015, -0.007940231642699405, 0.007162026450879043], [0.0572371912729809, 0.009684273706381285, 0.9983136374797051, 0.008964862062664003], [0.0, 0.0, 0.0, 1.0]], "antennas": [-0.1159732086218986, 0.12874013657162947], "body_yaw": -0.027924841926133488, "check_collision": false}, {"head": [[0.9976001412162171, 0.03117529109151653, -0.06182280704354748, -0.008481451728221179], [-0.031717235876654766, 0.9994664152415589, -0.007803957491753559, 0.007057678404774311], [0.06154652868951374, 0.009746077649375812, 0.9980566310469181, 0.009061848857569554], [0.0, 0.0, 0.0, 1.0]], "antennas": [-0.1159732086218986, 0.12874013657162947], "body_yaw": -0.027924841926133488, "check_collision": false}, {"head": [[0.9972820207220018, 0.03269322891345924, -0.06602820554772983, -0.008531341202722309], [-0.03323721125679862, 0.9994218674621024, -0.007156718971367036, 0.0070081665868709795], [0.06575605624208349, 0.009331860574201621, 0.9977920912924255, 0.009009710393799941], [0.0, 0.0, 0.0, 1.0]], "antennas": [-0.1159732086218986, 0.12874013657162947], "body_yaw": -0.027924841926133488, "check_collision": false}, {"head": [[0.9969147503398096, 0.03466975858846076, -0.07042008516277604, -0.008553293274219165], [-0.03520041118990991, 0.9993603640334835, -0.006308236752394003, 0.006882446835069364], [0.07015633689821643, 0.00876759022085547, 0.9974974775681104, 0.009104400326347295], [0.0, 0.0, 0.0, 1.0]], "antennas": [-0.1159732086218986, 0.12874013657162947], "body_yaw": -0.027924841926133488, "check_collision": false}, {"head": [[0.9965773491713725, 0.036240064113453874, -0.07429835039631472, -0.008638823887701791], [-0.03680915858332948, 0.9993024283238164, -0.0063041724684260395, 0.006905304208591444], [0.07401805835705302, 0.009017455249520898, 0.9972161313064863, 0.009169290215581771], [0.0, 0.0, 0.0, 1.0]], "antennas": [-0.1159732086218986, 0.12874013657162947], "body_yaw": -0.027924841926133488, "check_collision": false}, {"head": [[0.9962681725857615, 0.037719970938480195, -0.07763331813742741, -0.008655879176925257], [-0.03835659871566904, 0.9992414839072826, -0.006725189494466819, 0.00683624696620802], [0.07732075806400207, 0.009677842278708595, 0.9969592969330473, 0.009226867308080089], [0.0, 0.0, 0.0, 1.0]], "antennas": [-0.1159732086218986, 0.12874013657162947], "body_yaw": -0.027924841926133488, "check_collision": false}, {"head": [[0.9959676058336044, 0.03955302059219024, -0.08052382685957948, -0.008692171104705715], [-0.04022830995942645, 0.9991675066867297, -0.00678060906055356, 0.006756650876266377], [0.08018859774236028, 0.00999260443815953, 0.9967296206337284, 0.009369114845533821], [0.0, 0.0, 0.0, 1.0]], "antennas": [-0.1159732086218986, 0.12874013657162947], "body_yaw": -0.027924841926133488, "check_collision": false}, {"head": [[0.9956402937127816, 0.04138570027361745, -0.08359204117850111, -0.008652643185438513], [-0.042117458463854555, 0.9990880825040523, -0.007008786693951541, 0.0067149104324214885], [0.08322574858823087, 0.010498914764780489, 0.9964754124215461, 0.009423246867822921], [0.0, 0.0, 0.0, 1.0]], "antennas": [-0.1159732086218986, 0.12874013657162947], "body_yaw": -0.027924841926133488, "check_collision": false}, {"head": [[0.995335727289031, 0.042802723928685005, -0.08645644456199017, -0.008691155186802524], [-0.043544274745018055, 0.9990289732410159, -0.006708707918207497, 0.0067554646737992856], [0.08608534206789265, 0.010442099850423464, 0.9962330432342462, 0.009417555583689285], [0.0, 0.0, 0.0, 1.0]], "antennas": [-0.1159732086218986, 0.12874013657162947], "body_yaw": -0.027924841926133488, "check_collision": false}, {"head": [[0.9951030351808506, 0.044099825830038596, -0.0884599046778781, -0.008658506587334747], [-0.04490465602450359, 0.9989658472126772, -0.007127970958092859, 0.0067521820066460654], [0.0880540813431157, 0.01106532712659965, 0.9960542341129832, 0.009440593432286093], [0.0, 0.0, 0.0, 1.0]], "antennas": [-0.1159732086218986, 0.12874013657162947], "body_yaw": -0.027924841926133488, "check_collision": false}, {"head": [[0.9948146351421243, 0.045654959082307336, -0.09088160660020819, -0.008560986258384778], [-0.04652376713951123, 0.998889302502615, -0.0074632725387697675, 0.006604549250482324], [0.09043992922482136, 0.011652727450355234, 0.9958337377016191, 0.009544173223067776], [0.0, 0.0, 0.0, 1.0]], "antennas": [-0.1159732086218986, 0.12874013657162947], "body_yaw": -0.027924841926133488, "check_collision": false}, {"head": [[0.9944774725365614, 0.048220345223003065, -0.09321670946706534, -0.008503094107895098], [-0.04908437176166739, 0.998770125090382, -0.006997262014898968, 0.006561091820621271], [0.09276465418496041, 0.011534103065133586, 0.9956212549963102, 0.009579040638905467], [0.0, 0.0, 0.0, 1.0]], "antennas": [-0.1159732086218986, 0.12874013657162947], "body_yaw": -0.027924841926133488, "check_collision": false}, {"head": [[0.9939480366282112, 0.051439579710824954, -0.09706322744530105, -0.008389495229655652], [-0.052256262866045525, 0.9986163441138357, -0.0058889948202012765, 0.00645528007029243], [0.09662599792084586, 0.01092551636726118, 0.9952607947758767, 0.009667346757194495], [0.0, 0.0, 0.0, 1.0]], "antennas": [-0.1159732086218986, 0.12874013657162947], "body_yaw": -0.027924841926133488, "check_collision": false}, {"head": [[0.9933559540774081, 0.05522176772121768, -0.10096784076480159, -0.008347917622308992], [-0.055952621375101104, 0.9984236469945343, -0.004418742285789896, 0.006376465704530577], [0.1005646690454308, 0.01003879932449745, 0.99487987709467, 0.009744750334498065], [0.0, 0.0, 0.0, 1.0]], "antennas": [-0.1159732086218986, 0.12874013657162947], "body_yaw": -0.027924841926133488, "check_collision": false}, {"head": [[0.9927274485051094, 0.05871532651804751, -0.10509387906255424, -0.008343307299339048], [-0.05932394009758294, 0.9982352083685075, -0.002671872897642468, 0.00628260097350965], [0.10475153037466375, 0.008887024550536153, 0.9944587159248013, 0.009829451466022654], [0.0, 0.0, 0.0, 1.0]], "antennas": [-0.1159732086218986, 0.12874013657162947], "body_yaw": -0.027924841926133488, "check_collision": false}, {"head": [[0.9922452957263549, 0.061987675432573365, -0.10773486531009346, -0.008377069185993374], [-0.06250877691522799, 0.9980433414608245, -0.0014633435255596572, 0.0062061353426012406], [0.10743335570240883, 0.00818637039092896, 0.9941785842706237, 0.009899463782679363], [0.0, 0.0, 0.0, 1.0]], "antennas": [-0.1159732086218986, 0.12874013657162947], "body_yaw": -0.027924841926133488, "check_collision": false}, {"head": [[0.9918756715178872, 0.06467313086874678, -0.10954468674734624, -0.008332231016240005], [-0.06515751477905378, 0.9978746342126775, -0.0008441935397980444, 0.006191765662966763], [0.10925726757867255, 0.007974994579885276, 0.9939815133807536, 0.00988399747667923], [0.0, 0.0, 0.0, 1.0]], "antennas": [-0.1159732086218986, 0.12874013657162947], "body_yaw": -0.027924841926133488, "check_collision": false}, {"head": [[0.9914344879369528, 0.06720474308745485, -0.1119874039155338, -0.008281655942933785], [-0.06766148034787971, 0.9977082972897877, -0.0002785610263598636, 0.006146340362422176], [0.11171204145626029, 0.007853408537769243, 0.9937095872376461, 0.009908593249545072], [0.0, 0.0, 0.0, 1.0]], "antennas": [-0.1159732086218986, 0.12874013657162947], "body_yaw": -0.027924841926133488, "check_collision": false}, {"head": [[0.9909131171539317, 0.06998074956366429, -0.11486465488907403, -0.008252185078284097], [-0.07041467578161717, 0.9975177666466811, 0.00028046173901355356, 0.006149493275006747], [0.11459916093431101, 0.007810244216733161, 0.9933811113557711, 0.009863875189357496], [0.0, 0.0, 0.0, 1.0]], "antennas": [-0.1159732086218986, 0.12874013657162947], "body_yaw": -0.027924841926133488, "check_collision": false}, {"head": [[0.9903335204532868, 0.07354047585493262, -0.1176066183411008, -0.00818784919451565], [-0.07386557816282163, 0.9972669266580018, 0.0015979226438262834, 0.006080152613066279], [0.11740270281927655, 0.007104604502267206, 0.9930589760762424, 0.0098473085682097], [0.0, 0.0, 0.0, 1.0]], "antennas": [-0.1159732086218986, 0.12874013657162947], "body_yaw": -0.027924841926133488, "check_collision": false}, {"head": [[0.9896626475186194, 0.07742117800175889, -0.1207220166467451, -0.008178647369984526], [-0.07754995116163611, 0.9969818294042917, 0.003638256794116312, 0.00610029177200424], [0.12063933513272067, 0.0057613396438715506, 0.9926796853891205, 0.009838875978310013], [0.0, 0.0, 0.0, 1.0]], "antennas": [-0.1159732086218986, 0.12874013657162947], "body_yaw": -0.027924841926133488, "check_collision": false}, {"head": [[0.9890854931206269, 0.08110394561133837, -0.12301234614703925, -0.008180513926127952], [-0.08104706507478314, 0.9966952404208529, 0.00547457442927129, 0.006042405892817943], [0.12304982950451333, 0.004554967474179472, 0.9923900401204251, 0.009839929182790974], [0.0, 0.0, 0.0, 1.0]], "antennas": [-0.1159732086218986, 0.12874013657162947], "body_yaw": -0.027924841926133488, "check_collision": false}, {"head": [[0.9885315015522191, 0.08447746842383282, -0.1251759871845021, -0.008176502826615806], [-0.08429810535133171, 0.9964177937592396, 0.006738673025513519, 0.006111186122436698], [0.12529684701974783, 0.003890707990755792, 0.9921116683711768, 0.009787869189594733], [0.0, 0.0, 0.0, 1.0]], "antennas": [-0.1159732086218986, 0.12874013657162947], "body_yaw": -0.027924841926133488, "check_collision": false}, {"head": [[0.9877014480630526, 0.08870865330616007, -0.12875024008815028, -0.00814055934549096], [-0.0884645380380662, 0.9960501421191399, 0.007624952075422268, 0.006005371731522606], [0.1289180941678102, 0.003858654305382375, 0.9916477377491923, 0.009944157880115267], [0.0, 0.0, 0.0, 1.0]], "antennas": [-0.1159732086218986, 0.12874013657162947], "body_yaw": -0.027924841926133488, "check_collision": false}, {"head": [[0.986881994447091, 0.0927190230007037, -0.13216320142129742, -0.008083274045697891], [-0.09235511235978533, 0.995686410509684, 0.00889410745112252, 0.006037262896942468], [0.13241775657797136, 0.0034285128169023386, 0.9911880664347816, 0.009842334504265082], [0.0, 0.0, 0.0, 1.0]], "antennas": [-0.1159732086218986, 0.12874013657162947], "body_yaw": -0.027924841926133488, "check_collision": false}, {"head": [[0.985984773680792, 0.09717661363053286, -0.1356124324423806, -0.00809492301891937], [-0.09660346677885194, 0.9952641725168124, 0.010816520269078617, 0.005981200870447321], [0.1360213081687732, 0.0024357068227256404, 0.9907029176581287, 0.00988151704254736], [0.0, 0.0, 0.0, 1.0]], "antennas": [-0.1159732086218986, 0.12874013657162947], "body_yaw": -0.027924841926133488, "check_collision": false}, {"head": [[0.9851231823349882, 0.10161338094269265, -0.13858945284393404, -0.008075502303490606], [-0.10077446544744834, 0.9948233725619988, 0.013075340077860344, 0.005979709962241124], [0.1392006563920114, 0.0010854573993878012, 0.9902636007863096, 0.009867250955677864], [0.0, 0.0, 0.0, 1.0]], "antennas": [-0.1159732086218986, 0.12874013657162947], "body_yaw": -0.027924841926133488, "check_collision": false}, {"head": [[0.9844150867370431, 0.1059329551019775, -0.14037501924438883, -0.00811152227879014], [-0.10485473524144326, 0.9943732669821025, 0.015076153646983607, 0.0059225025597028184], [0.14118222799611485, -0.00012220762267346058, 0.9899836178257447, 0.009877184542969264], [0.0, 0.0, 0.0, 1.0]], "antennas": [-0.1159732086218986, 0.12874013657162947], "body_yaw": -0.027924841926133488, "check_collision": false}, {"head": [[0.9837028894006699, 0.11008607430707121, -0.14216075980533963, -0.008143904245474454], [-0.10877082995708315, 0.9939212413487648, 0.017013892740281332, 0.005967521798203652], [0.1431695915172659, -0.0012736716172114908, 0.9896973506205777, 0.00979748466247321], [0.0, 0.0, 0.0, 1.0]], "antennas": [-0.1159732086218986, 0.12874013657162947], "body_yaw": -0.027924841926133488, "check_collision": false}, {"head": [[0.982960580192117, 0.11444106888660208, -0.14384623575355884, -0.008148980700046965], [-0.11288373071044994, 0.9934271208124423, 0.01896889493859013, 0.00592041992746376], [0.1450715724367357, -0.0024077762339232336, 0.989418233854794, 0.009790959736441951], [0.0, 0.0, 0.0, 1.0]], "antennas": [-0.1159732086218986, 0.12874013657162947], "body_yaw": -0.027924841926133488, "check_collision": false}, {"head": [[0.98217352657594, 0.11881323187503642, -0.1456659865060837, -0.008147331569476002], [-0.11700338495099846, 0.9929102975279733, 0.020960652969803324, 0.005932997127332385], [0.1471236609230147, -0.0035435849532479222, 0.9891117588029623, 0.009779894287352153], [0.0, 0.0, 0.0, 1.0]], "antennas": [-0.1159732086218986, 0.12874013657162947], "body_yaw": -0.027924841926133488, "check_collision": false}, {"head": [[0.9813677623169526, 0.12316591399738537, -0.14747024348730892, -0.008118532292945652], [-0.12110126149584742, 0.9923752136852958, 0.022932939784907888, 0.005904114187402814], [0.14917037088219592, -0.004646815280651582, 0.9888005903915187, 0.009755773271534873], [0.0, 0.0, 0.0, 1.0]], "antennas": [-0.1159732086218986, 0.12874013657162947], "body_yaw": -0.027924841926133488, "check_collision": false}, {"head": [[0.980392454992921, 0.12726597219435362, -0.15044602525284237, -0.008103976003584146], [-0.12499237659241128, 0.9918548529542595, 0.024512373709308123, 0.0058980746180261525], [0.15234021132561723, -0.0052271399933378395, 0.9883142906083854, 0.009754081799279168], [0.0, 0.0, 0.0, 1.0]], "antennas": [-0.1159732086218986, 0.12874013657162947], "body_yaw": -0.027924841926133488, "check_collision": false}, {"head": [[0.9792512120956585, 0.13174392901018897, -0.15398246906106608, -0.00806429752813334], [-0.12929539586222796, 0.9912690306510188, 0.025853616401183534, 0.005912962189867892], [0.15604410984722764, -0.00540796090482136, 0.9877352832317161, 0.009744957185309322], [0.0, 0.0, 0.0, 1.0]], "antennas": [-0.1159732086218986, 0.12494113727663143], "body_yaw": -0.027924841926133488, "check_collision": false}, {"head": [[0.9779667925919777, 0.13661823841086865, -0.1578493253735062, -0.008045119809036577], [-0.1339469811837948, 0.9906071358786339, 0.027490154202518165, 0.005940582423102067], [0.16012232454941472, -0.005741017317615822, 0.9870804840037367, 0.009792415515119557], [0.0, 0.0, 0.0, 1.0]], "antennas": [-0.11299632715540803, 0.1190888407811823], "body_yaw": -0.027924841926133488, "check_collision": false}, {"head": [[0.9766939583365049, 0.14210027525060787, -0.160861504166383, -0.0080148280130454], [-0.1389634053365854, 0.9898232754666267, 0.030644009557796364, 0.00572863869941295], [0.16357898314340275, -0.007575956587779922, 0.9865011511171948, 0.009975682453436274], [0.0, 0.0, 0.0, 1.0]], "antennas": [-0.10837680792855658, 0.10789797156456034], "body_yaw": -0.027924841926133488, "check_collision": false}, {"head": [[0.9753024273043386, 0.1484928275734489, -0.16350857914344108, -0.008099033418622281], [-0.14482578211598268, 0.9888662360895135, 0.03419151878247237, 0.005659204821384282], [0.16676530852895893, -0.009666813404645279, 0.9859492302293463, 0.00999375601756225], [0.0, 0.0, 0.0, 1.0]], "antennas": [-0.09985602402084806, 0.0930111673871264], "body_yaw": -0.027924841926133488, "check_collision": false}, {"head": [[0.9738004216216498, 0.1556951921495197, -0.16574602858295356, -0.008219976246118005], [-0.1514146751269349, 0.9877305874353115, 0.03823457598691599, 0.005573472377632205], [0.16966536183234893, -0.012136465145116222, 0.9854269994312514, 0.01001289371710623], [0.0, 0.0, 0.0, 1.0]], "antennas": [-0.08784463487237268, 0.07278579048851963], "body_yaw": -0.027924841926133488, "check_collision": false}, {"head": [[0.9722965060741813, 0.1626842986437855, -0.16784910857886212, -0.008271572914662711], [-0.1578383910249286, 0.9865751794931915, 0.041910112462724455, 0.005428058699650208], [0.17241388167604363, -0.014256022683626855, 0.9849214279436928, 0.010020867150047907], [0.0, 0.0, 0.0, 1.0]], "antennas": [-0.07111066216285979, 0.048864478629100885], "body_yaw": -0.027924841926133488, "check_collision": false}, {"head": [[0.9708397146105616, 0.16975625404179034, -0.1692721558573121, -0.008347548997964832], [-0.16426931150955554, 0.9853417571618517, 0.04601320342435164, 0.005334708400589395], [0.17460195254079958, -0.016865224780396426, 0.9844946532927676, 0.009995714739480799], [0.0, 0.0, 0.0, 1.0]], "antennas": [-0.05150207337271536, 0.022684539849185944], "body_yaw": -0.027924841926133488, "check_collision": false}, {"head": [[0.9697693280685172, 0.1755889086342791, -0.16945791661105383, -0.008310783073282563], [-0.1695726892735667, 0.9842757439497224, 0.04946072102942355, 0.005148210743181481], [0.17547807096633608, -0.019230055560056254, 0.9842955102879877, 0.00998268605359598], [0.0, 0.0, 0.0, 1.0]], "antennas": [-0.027786890181668755, -0.003495398930729], "body_yaw": -0.027924841926133488, "check_collision": false}, {"head": [[0.9685622939325245, 0.1816525335054253, -0.16996893787756095, -0.008261822403252128], [-0.1751032194291183, 0.9831285089728516, 0.05288853741951562, 0.005093403490357216], [0.17670864528291724, -0.02146373490047348, 0.9840291473154635, 0.009891214969795614], [0.0, 0.0, 0.0, 1.0]], "antennas": [-0.0022237395102161638, -0.029675337710643943], "body_yaw": -0.027924841926133488, "check_collision": false}, {"head": [[0.9670843278465383, 0.18822886258416194, -0.17122440866851316, -0.008281364260263102], [-0.1811672761814616, 0.981849980709063, 0.05611624918508626, 0.005022009526295724], [0.17867938010469855, -0.02324888539017203, 0.983632638973268, 0.009836750530299865], [0.0, 0.0, 0.0, 1.0]], "antennas": [0.023339411161236428, -0.05585527649055889], "body_yaw": -0.027924841926133488, "check_collision": false}, {"head": [[0.9654006109565704, 0.1947584546848518, -0.173409355841747, -0.008329722353045715], [-0.18717217685405185, 0.9805394335431369, 0.059236774714870474, 0.004945628764739454], [0.18157157425212966, -0.024729811881073985, 0.9830667321336485, 0.009838542253116422], [0.0, 0.0, 0.0, 1.0]], "antennas": [0.04890256183268902, -0.08203521527047383], "body_yaw": -0.027924841926133488, "check_collision": false}, {"head": [[0.9633280872279895, 0.20166862272503383, -0.17699933041074206, -0.008396943830852571], [-0.19342326987651443, 0.9791004868918373, 0.06284644173256107, 0.0049097206730074], [0.1859742859320614, -0.026305953249314038, 0.982202403680476, 0.009864669490390998], [0.0, 0.0, 0.0, 1.0]], "antennas": [0.0744657125041416, -0.10821515405038877], "body_yaw": -0.027924841926133488, "check_collision": false}, {"head": [[0.9610002069688258, 0.20933943391783166, -0.18070861521476042, -0.008467622460604035], [-0.20034196468281273, 0.9774397750525863, 0.06689232640729985, 0.004816923492769566], [0.19063498994913072, -0.028080020514805872, 0.9812592996017839, 0.009889726049260084], [0.0, 0.0, 0.0, 1.0]], "antennas": [0.1000288631755942, -0.1343950928303037], "body_yaw": -0.027924841926133488, "check_collision": false}, {"head": [[0.9583744313179947, 0.21779669110945427, -0.18461595472136944, -0.008569891875305408], [-0.20785098484400982, 0.9755177654321283, 0.07185441827530062, 0.00478360807148828], [0.19574579815486448, -0.030490829245522807, 0.9801805404294839, 0.009814020081931663], [0.0, 0.0, 0.0, 1.0]], "antennas": [0.1255920138470468, -0.16057503161021866], "body_yaw": -0.027924841926133488, "check_collision": false}, {"head": [[0.9556306774673724, 0.2264217616863574, -0.1884229129328404, -0.008688468755377182], [-0.2154921785123257, 0.9734749056800645, 0.07687476186110098, 0.004694417811402447], [0.20083109640506955, -0.032860216767930814, 0.9790746023009185, 0.00983203740076033], [0.0, 0.0, 0.0, 1.0]], "antennas": [0.1511551645184994, -0.1867549703901336], "body_yaw": -0.027924841926133488, "check_collision": false}, {"head": [[0.9533224159222807, 0.23392330694218685, -0.19093521877678038, -0.008866829664074594], [-0.22203262848646257, 0.9716046480471325, 0.08176747385482708, 0.0047654720051995775], [0.20464086392384595, -0.03555691722349935, 0.9781910971022292, 0.009830835142984773], [0.0, 0.0, 0.0, 1.0]], "antennas": [0.17651298546990687, -0.21293490917004854], "body_yaw": -0.027924841926133488, "check_collision": false}, {"head": [[0.9508504504882952, 0.24165535859451437, -0.1936132962086099, -0.009042957003868701], [-0.2289630442895042, 0.9696470370168752, 0.08579363585999464, 0.004727871074012578], [0.20846905083462336, -0.0372466275916558, 0.9773194685348081, 0.009859619963105026], [0.0, 0.0, 0.0, 1.0]], "antennas": [0.20146014698122414, -0.2391148479499635], "body_yaw": -0.027924841926133488, "check_collision": false}, {"head": [[0.9484102442503334, 0.2488115165971012, -0.1964964066075346, -0.009145890318533828], [-0.2353965974745585, 0.9677893649542904, 0.08928710421316328, 0.00481517572417921], [0.2123827923783465, -0.038426218783820174, 0.9764307324186157, 0.009867328208530757], [0.0, 0.0, 0.0, 1.0]], "antennas": [0.2262019787724963, -0.26529478672987844], "body_yaw": -0.027924841926133488, "check_collision": false}, {"head": [[0.9459969495189071, 0.2563594958149498, -0.1984176917677131, -0.0092448609379146], [-0.24221688630721383, 0.9657584637394562, 0.09296004358456432, 0.004787815755717568], [0.2154547550845902, -0.03987980216990254, 0.9756991595211758, 0.009852742639993028], [0.0, 0.0, 0.0, 1.0]], "antennas": [0.25094381056376847, -0.29147472550979336], "body_yaw": -0.027924841926133488, "check_collision": false}, {"head": [[0.9436163019928977, 0.2637155340952706, -0.20010595116111538, -0.00937239475504878], [-0.24873833283967192, 0.9636928001352717, 0.09708464731140573, 0.004888067100451283], [0.2184433940163655, -0.04183663519316075, 0.974952398615607, 0.009770040989361628], [0.0, 0.0, 0.0, 1.0]], "antennas": [0.2756856423550406, -0.31765466428970834], "body_yaw": -0.027924841926133488, "check_collision": false}, {"head": [[0.9413925117926117, 0.27195506855994017, -0.1995509444361409, -0.009560008845827084], [-0.25632957887714586, 0.9613126494482049, 0.1008619700558043, 0.004835811903702574], [0.21926077107741498, -0.04379989378333207, 0.9746826578795308, 0.009767710580699807], [0.0, 0.0, 0.0, 1.0]], "antennas": [0.30042747414631277, -0.34383460306962327], "body_yaw": -0.027924841926133488, "check_collision": false}, {"head": [[0.9392280886475006, 0.2794421661945871, -0.1994058004372984, -0.009789198924860049], [-0.26295712208390937, 0.9590329614035719, 0.10540081065553131, 0.004859531430209288], [0.22069016616267914, -0.04656022652406142, 0.9742320031004511, 0.009681115986874822], [0.0, 0.0, 0.0, 1.0]], "antennas": [0.3251693059375849, -0.3700145418495382], "body_yaw": -0.027924841926133488, "check_collision": false}, {"head": [[0.9367252612714302, 0.28722547561111006, -0.20011824268652398, -0.010013987492507648], [-0.2699597853082832, 0.956636832312125, 0.10939691668474436, 0.004810909839421107], [0.22286206319667004, -0.0484509775318811, 0.9736452144204935, 0.00976765183652939], [0.0, 0.0, 0.0, 1.0]], "antennas": [0.34991113772885707, -0.39619448062945317], "body_yaw": -0.027924841926133488, "check_collision": false}, {"head": [[0.9338085256259803, 0.2937439674245566, -0.2042452424658015, -0.009993727833004423], [-0.27552872112717636, 0.9546056190184726, 0.11319026447703623, 0.00452041984833135], [0.22822261347696393, -0.04942260353360362, 0.9723537653332271, 0.01001946940887477], [0.0, 0.0, 0.0, 1.0]], "antennas": [0.3746529695201292, -0.4223744194093681], "body_yaw": -0.027924841926133488, "check_collision": false}, {"head": [[0.9311099248413062, 0.3000932601107721, -0.2073121875291119, -0.010051775334844582], [-0.2808979567891905, 0.9525489838044154, 0.11724662607014949, 0.004503190552009004], [0.23265993581550576, -0.05093592729364858, 0.9712233963291148, 0.010173342703167054], [0.0, 0.0, 0.0, 1.0]], "antennas": [0.39939480131140137, -0.448554358189283], "body_yaw": -0.027924841926133488, "check_collision": false}, {"head": [[0.9283553655079937, 0.3064057389740734, -0.21040874139700386, -0.0101293069746278], [-0.2862623938067751, 0.950470142040737, 0.12107993632751866, 0.00448613987831555], [0.23708681368759008, -0.05217309855484119, 0.9700864964335153, 0.01024351886141639], [0.0, 0.0, 0.0, 1.0]], "antennas": [0.4241366331026735, -0.474734296969198], "body_yaw": -0.027924841926133488, "check_collision": false}, {"head": [[0.9257261781772967, 0.31284670118970515, -0.21250408135368906, -0.010225215754297662], [-0.29183807990557353, 0.9482975726451148, 0.12474874280894155, 0.0044730019416327855], [0.24054433719022364, -0.05346639383858557, 0.9691644682795658, 0.01030646582089434], [0.0, 0.0, 0.0, 1.0]], "antennas": [0.4488784648939457, -0.5009142357491129], "body_yaw": -0.027924841926133488, "check_collision": false}, {"head": [[0.9234226412685821, 0.31930632207606163, -0.21291805530488667, -0.01025662096487065], [-0.2974521136997332, 0.9460254653247493, 0.12867812173269189, 0.004221762209360742], [0.2425136401279676, -0.055491365448607215, 0.9685596743167313, 0.01037112566179832], [0.0, 0.0, 0.0, 1.0]], "antennas": [0.4736202966852178, -0.5270941745290278], "body_yaw": -0.027924841926133488, "check_collision": false}, {"head": [[0.9207108839693088, 0.3265675666414867, -0.21364712157740884, -0.010351475664479581], [-0.3037533629154969, 0.9434181597174331, 0.1330265779192196, 0.004165263641985341], [0.2450007401172094, -0.05758298649106286, 0.9678113643726186, 0.010397751946698786], [0.0, 0.0, 0.0, 1.0]], "antennas": [0.4963088312760389, -0.5532741133089428], "body_yaw": -0.027924841926133488, "check_collision": false}, {"head": [[0.9178695144143258, 0.33427183765840596, -0.2139576898764857, -0.010402273266125306], [-0.3103344991762296, 0.9405412724594943, 0.13811087365343316, 0.003863077633484751], [0.2474026134256647, -0.060369308002892745, 0.9670302443674672, 0.010531365123773506], [0.0, 0.0, 0.0, 1.0]], "antennas": [0.5167387389463638, -0.5794540520888577], "body_yaw": -0.027924841926133488, "check_collision": false}, {"head": [[0.9152789230220683, 0.3417123483536766, -0.21330064241388894, -0.010484642870506128], [-0.3166983482447604, 0.9376566975506172, 0.14318545232498353, 0.0036969615588875017], [0.24893101311528584, -0.06350266546441374, 0.966437148597006, 0.010655712535921014], [0.0, 0.0, 0.0, 1.0]], "antennas": [0.532240733335606, -0.6056339908687727], "body_yaw": -0.027924841926133488, "check_collision": false}, {"head": [[0.9125643255371119, 0.34920343139865756, -0.21279876704623873, -0.010605429441316372], [-0.32322481760572724, 0.9347157711958083, 0.14775704504885692, 0.0035927500201908694], [0.25050363079352905, -0.06605596549312259, 0.9658594827313293, 0.010692388204018966], [0.0, 0.0, 0.0, 1.0]], "antennas": [0.5440467927640362, -0.6318139296486877], "body_yaw": -0.027924841926133488, "check_collision": false}, {"head": [[0.9094573339003055, 0.35625462578698164, -0.21440615527620904, -0.010738719076610864], [-0.32919595071457286, 0.9319287713330751, 0.15211440166780205, 0.0035121394056030616], [0.25400272409577945, -0.06775992006343147, 0.9648270359939757, 0.010767937791058113], [0.0, 0.0, 0.0, 1.0]], "antennas": [0.5525675766717448, -0.6579938684286026], "body_yaw": -0.027924841926133488, "check_collision": false}, {"head": [[0.9055991541646519, 0.3636616688355422, -0.21826672351967874, -0.010871634973946304], [-0.3352526392453681, 0.9289831143731723, 0.15683125035699017, 0.003441787218626994], [0.259799614809727, -0.06885175