{"description": "You look around. Use this when you\u2019re in a conversation with several people and want to glance at everyone.", "time": [0.0, 0.010090351104736328, 0.020148277282714844, 0.0301513671875, 0.04023289680480957, 0.05037403106689453, 0.06035494804382324, 0.07037591934204102, 0.0805654525756836, 0.09067845344543457, 0.10065555572509766, 0.11072444915771484, 0.12076473236083984, 0.13085508346557617, 0.14091038703918457, 0.1509699821472168, 0.1615753173828125, 0.17109322547912598, 0.18112635612487793, 0.19121122360229492, 0.2012338638305664, 0.21175432205200195, 0.22179961204528809, 0.23186707496643066, 0.2419581413269043, 0.2520613670349121, 0.26201391220092773, 0.27199697494506836, 0.28220200538635254, 0.29216456413269043, 0.3021702766418457, 0.3123345375061035, 0.32231569290161133, 0.3324875831604004, 0.34250450134277344, 0.35257506370544434, 0.3626523017883301, 0.37264513969421387, 0.3827357292175293, 0.3928036689758301, 0.4028182029724121, 0.4129300117492676, 0.42310237884521484, 0.43301868438720703, 0.4431443214416504, 0.45314908027648926, 0.46321797370910645, 0.47326135635375977, 0.4834275245666504, 0.4934718608856201, 0.5033743381500244, 0.513493537902832, 0.5236480236053467, 0.5338122844696045, 0.5439250469207764, 0.553835391998291, 0.5639727115631104, 0.573918342590332, 0.5839879512786865, 0.5940675735473633, 0.6040878295898438, 0.6143045425415039, 0.6242470741271973, 0.6342253684997559, 0.6444075107574463, 0.6544625759124756, 0.6645045280456543, 0.6745409965515137, 0.6845831871032715, 0.6947026252746582, 0.70467209815979, 0.714862585067749, 0.7248704433441162, 0.734921932220459, 0.7449560165405273, 0.7550349235534668, 0.7651374340057373, 0.7751379013061523, 0.7852692604064941, 0.7953281402587891, 0.8052453994750977, 0.8154785633087158, 0.8254010677337646, 0.835486888885498, 0.8456301689147949, 0.8556041717529297, 0.8656449317932129, 0.875908613204956, 0.8858778476715088, 0.8957986831665039, 0.9058632850646973, 0.9159786701202393, 0.9260456562042236, 0.9360575675964355, 0.9461367130279541, 0.9562687873840332, 0.9662649631500244, 0.9762980937957764, 0.9863908290863037, 0.9963970184326172, 1.0065133571624756, 1.0169072151184082, 1.0266492366790771, 1.0366437435150146, 1.0467979907989502, 1.0568571090698242, 1.0668439865112305, 1.0770237445831299, 1.0871970653533936, 1.0971949100494385, 1.107193946838379, 1.1172664165496826, 1.1273088455200195, 1.1372959613800049, 1.147364854812622, 1.1580207347869873, 1.1677863597869873, 1.177764892578125, 1.1879618167877197, 1.1979460716247559, 1.2079658508300781, 1.2180578708648682, 1.228062629699707, 1.2380855083465576, 1.2482802867889404, 1.2582542896270752, 1.26827073097229, 1.278456211090088, 1.2885007858276367, 1.2984797954559326, 1.308516502380371, 1.3186490535736084, 1.3286659717559814, 1.338768720626831, 1.3489575386047363, 1.3589134216308594, 1.3688874244689941, 1.3789482116699219, 1.3890433311462402, 1.3991682529449463, 1.4091782569885254, 1.4193129539489746, 1.4293031692504883, 1.4393088817596436, 1.4494214057922363, 1.4594812393188477, 1.469482660293579, 1.4795620441436768, 1.4896647930145264, 1.4997122287750244, 1.5098187923431396, 1.519867181777954, 1.529940128326416, 1.5399589538574219, 1.550051212310791, 1.5601110458374023, 1.5702202320098877, 1.580197811126709, 1.5902714729309082, 1.600294828414917, 1.610419750213623, 1.6204643249511719, 1.6305203437805176, 1.6405324935913086, 1.6506421566009521, 1.6607568264007568, 1.6708214282989502, 1.6809251308441162, 1.6909492015838623, 1.700929880142212, 1.7113289833068848, 1.7211179733276367, 1.731231927871704, 1.741241216659546, 1.7513158321380615, 1.7614388465881348, 1.771456003189087, 1.7814240455627441, 1.7914330959320068, 1.8014769554138184, 1.8115735054016113, 1.821640968322754, 1.831791639328003, 1.8419039249420166, 1.851874828338623, 1.8620092868804932, 1.8719961643218994, 1.8821535110473633, 1.892094612121582, 1.902071237564087, 1.912186622619629, 1.9222328662872314, 1.9323747158050537, 1.9423165321350098, 1.9524097442626953, 1.962541103363037, 1.9724884033203125, 1.9826815128326416, 1.9926698207855225, 2.0027008056640625, 2.0127573013305664, 2.02285099029541, 2.0329623222351074, 2.0429983139038086, 2.0531461238861084, 2.063105821609497, 2.0731074810028076, 2.0832531452178955, 2.093437671661377, 2.1034600734710693, 2.1134653091430664, 2.1235406398773193, 2.1335837841033936, 2.143601894378662, 2.1542794704437256, 2.1639466285705566, 2.173916816711426, 2.1839535236358643, 2.1940395832061768, 2.2041525840759277, 2.2142155170440674, 2.2243545055389404, 2.2344746589660645, 2.2444300651550293, 2.254469871520996, 2.264460325241089, 2.2746191024780273, 2.2846832275390625, 2.294651746749878, 2.3047051429748535, 2.314807891845703, 2.3249361515045166, 2.3349876403808594, 2.3450517654418945, 2.355091094970703, 2.3652265071868896, 2.3752129077911377, 2.385286331176758, 2.3953635692596436, 2.4053268432617188, 2.4154584407806396, 2.4255573749542236, 2.435567855834961, 2.4455909729003906, 2.455702543258667, 2.465670347213745, 2.4757585525512695, 2.485833168029785, 2.4959042072296143, 2.5058908462524414, 2.516017436981201, 2.5261082649230957, 2.5361878871917725, 2.5462074279785156, 2.5562217235565186, 2.566291093826294, 2.5763099193573, 2.586369514465332, 2.596482038497925, 2.606675386428833, 2.61666202545166, 2.626687526702881, 2.636615514755249, 2.646778106689453, 2.656853437423706, 2.6667990684509277, 2.676912546157837, 2.686976194381714, 2.696985960006714, 2.707083225250244, 2.717250108718872, 2.7272987365722656, 2.737283706665039, 2.7473342418670654, 2.757417917251587, 2.7674994468688965, 2.777500629425049, 2.7876224517822266, 2.7976856231689453, 2.807736873626709, 2.8178508281707764, 2.8279690742492676, 2.8380753993988037, 2.8481457233428955, 2.8582000732421875, 2.8679909706115723, 2.8781704902648926, 2.8884077072143555, 2.898582696914673, 2.9084577560424805, 2.9184165000915527, 2.928438901901245, 2.9384145736694336, 2.9486050605773926, 2.9587371349334717, 2.9686825275421143, 2.9787518978118896, 2.98887038230896, 2.998896360397339, 3.0089473724365234, 3.019014596939087, 3.029057741165161, 3.0390818119049072, 3.0491833686828613, 3.059246301651001, 3.069239377975464, 3.0793490409851074, 3.0896496772766113, 3.099594831466675, 3.1095669269561768, 3.119746446609497, 3.1297154426574707, 3.139801502227783, 3.151580333709717, 3.160400152206421, 3.1699891090393066, 3.180103063583374, 3.190134286880493, 3.200108289718628, 3.2101731300354004, 3.220276117324829, 3.2303357124328613, 3.2403910160064697, 3.2504630088806152, 3.2605321407318115, 3.270526647567749, 3.2805850505828857, 3.2907519340515137, 3.300703525543213, 3.31078839302063, 3.3210904598236084, 3.3309781551361084, 3.341076135635376, 3.3511407375335693, 3.361109972000122, 3.37113356590271, 3.3812618255615234, 3.391350507736206, 3.401339530944824, 3.411381959915161, 3.421437978744507, 3.43149733543396, 3.4415833950042725, 3.451683759689331, 3.461696147918701, 3.4717390537261963, 3.4818668365478516, 3.491948127746582, 3.501959800720215, 3.51202654838562, 3.5221312046051025, 3.532238483428955, 3.542297124862671, 3.552252769470215, 3.5623433589935303, 3.572352170944214, 3.582493543624878, 3.5925159454345703, 3.6026227474212646, 3.6126632690429688, 3.6226344108581543, 3.6330008506774902, 3.6428985595703125, 3.6528916358947754, 3.6631460189819336, 3.6730008125305176, 3.683119773864746, 3.6931865215301514, 3.7032041549682617, 3.713467836380005, 3.723313093185425, 3.733335018157959, 3.7434163093566895, 3.753474712371826, 3.763538360595703, 3.7735891342163086, 3.7836685180664062, 3.793726921081543, 3.8038299083709717, 3.81381893157959, 3.824021339416504, 3.833958864212036, 3.84429669380188, 3.854048490524292, 3.8641164302825928, 3.87422513961792, 3.8842175006866455, 3.8943238258361816, 3.904330253601074, 3.9144980907440186, 3.924509048461914, 3.9347434043884277, 3.9448390007019043, 3.954881429672241, 3.9648056030273438, 3.9748194217681885, 3.984999895095825, 3.9950315952301025, 4.005112171173096, 4.01516580581665, 4.025596618652344, 4.035289525985718, 4.045278072357178, 4.055407762527466, 4.065464496612549, 4.075518846511841, 4.085583448410034, 4.095768451690674, 4.105708122253418, 4.115899324417114, 4.1259119510650635, 4.1358582973480225, 4.145989179611206, 4.156018972396851, 4.166064739227295, 4.176114797592163, 4.186181306838989, 4.196269512176514, 4.206262588500977, 4.216330289840698, 4.2263877391815186, 4.236433744430542, 4.24655294418335, 4.256639242172241, 4.266626358032227, 4.276659727096558, 4.286706209182739, 4.296798467636108, 4.306811094284058, 4.31692099571228, 4.3269734382629395, 4.337064981460571, 4.347147464752197, 4.35713791847229, 4.367172479629517, 4.377283334732056, 4.387253522872925, 4.397448539733887, 4.407498598098755, 4.417498826980591, 4.427506446838379, 4.437584400177002, 4.447707414627075, 4.457753658294678, 4.467764377593994, 4.477890729904175, 4.48793625831604, 4.498025894165039, 4.508055210113525, 4.518158435821533, 4.528231382369995, 4.538240432739258, 4.548227310180664, 4.558373212814331, 4.568357229232788, 4.57848334312439, 4.588533163070679, 4.598628044128418, 4.608681678771973, 4.61880350112915, 4.628790378570557, 4.638842821121216, 4.648974418640137, 4.659040927886963, 4.669070482254028, 4.679192543029785, 4.689187526702881, 4.6992104053497314, 4.70927357673645, 4.719373464584351, 4.729456663131714, 4.7394139766693115, 4.749618053436279, 4.759631633758545, 4.769637823104858, 4.779774188995361, 4.7898108959198, 4.799867153167725, 4.809941291809082, 4.820003986358643, 4.830050468444824, 4.840256452560425, 4.850272178649902, 4.8603196144104, 4.870234251022339, 4.880342721939087, 4.890559196472168, 4.900479793548584, 4.910561561584473, 4.920647144317627, 4.930786848068237, 4.940721750259399, 4.950769424438477, 4.96091103553772, 4.970860719680786, 4.981017827987671, 4.991144895553589, 5.001092433929443, 5.011141061782837, 5.02133846282959, 5.031280755996704, 5.041327476501465, 5.051429748535156, 5.061522006988525, 5.071500062942505, 5.081698417663574, 5.091957330703735, 5.101804256439209, 5.1120288372039795, 5.123347282409668, 5.132495403289795, 5.1422789096832275, 5.152412176132202, 5.16271185874939, 5.17310357093811, 5.183298826217651, 5.193600177764893, 5.20339035987854, 5.213381052017212, 5.2233664989471436, 5.2333083152771, 5.2434797286987305, 5.253690242767334, 5.263642072677612, 5.273651361465454, 5.283705711364746, 5.29383111000061, 5.30376935005188, 5.313882350921631, 5.324035882949829, 5.334030389785767, 5.344104290008545, 5.354149580001831, 5.364259243011475, 5.374208927154541, 5.38431191444397, 5.394352674484253, 5.404413223266602, 5.414602518081665, 5.424569368362427, 5.4345667362213135, 5.444794416427612, 5.454787492752075, 5.464791536331177, 5.4749531745910645, 5.485038757324219, 5.495131015777588, 5.505068778991699, 5.515174150466919, 5.52524733543396, 5.535223007202148, 5.545274496078491, 5.555379390716553, 5.5654778480529785, 5.57547926902771, 5.5855958461761475, 5.595633268356323, 5.606310129165649, 5.616394281387329, 5.625970125198364, 5.635903596878052, 5.646043539047241, 5.656066179275513, 5.666105508804321, 5.676258325576782, 5.686418056488037, 5.696301460266113, 5.7063610553741455, 5.716518402099609, 5.7265520095825195, 5.736584424972534, 5.746681451797485, 5.756727933883667, 5.766730070114136, 5.776838064193726, 5.786915302276611, 5.796910762786865, 5.807005882263184, 5.817053318023682, 5.827444791793823, 5.837240219116211, 5.847328424453735, 5.857345104217529, 5.867307662963867, 5.877406597137451, 5.887617588043213, 5.897546768188477, 5.907596588134766, 5.917855739593506, 5.928009510040283, 5.937784433364868, 5.947842597961426, 5.957974195480347, 5.968007326126099, 5.977991104125977, 5.988180875778198, 5.998177528381348, 6.008217811584473, 6.018218278884888, 6.028365612030029, 6.038449287414551, 6.048505067825317, 6.058646202087402, 6.0685484409332275, 6.078625202178955, 6.088874340057373, 6.098788022994995, 6.108803033828735, 6.1188695430755615, 6.128959894180298, 6.1396942138671875, 6.1495442390441895, 6.159218072891235, 6.169255256652832, 6.179260730743408, 6.189313173294067, 6.199370622634888, 6.209456443786621, 6.2199623584747314, 6.229921817779541, 6.239970922470093, 6.250159740447998, 6.260099172592163, 6.270124435424805, 6.28031063079834, 6.29027533531189, 6.300254821777344, 6.310348033905029, 6.320457458496094, 6.330481052398682, 6.340658187866211, 6.3507256507873535, 6.360730409622192, 6.370748519897461, 6.380804061889648, 6.390968561172485, 6.400938272476196, 6.411058664321899, 6.421148777008057, 6.431094169616699, 6.441241264343262, 6.451255798339844, 6.461274862289429, 6.471332550048828, 6.481416940689087, 6.491612195968628, 6.501622200012207, 6.511571884155273, 6.521721601486206, 6.531946182250977, 6.541837215423584, 6.551882743835449, 6.562040328979492, 6.572097063064575, 6.582077264785767, 6.592200994491577, 6.6022045612335205, 6.612269401550293, 6.622290372848511, 6.632461786270142, 6.642463207244873, 6.652557849884033, 6.662591218948364, 6.6726157665252686, 6.68283224105835, 6.69277811050415, 6.702819108963013, 6.712956190109253, 6.723042011260986, 6.732999801635742, 6.7430949211120605, 6.753238201141357, 6.763282299041748, 6.773309707641602, 6.783283472061157, 6.793385982513428, 6.803374767303467, 6.813556909561157, 6.823580026626587, 6.8335816860198975, 6.843814134597778, 6.853895902633667, 6.863861799240112, 6.873955011367798, 6.884036302566528, 6.894015312194824, 6.904027938842773, 6.9141058921813965, 6.924192190170288, 6.9343788623809814, 6.944252967834473, 6.954345941543579, 6.964517116546631, 6.974446773529053, 6.984536170959473, 6.994595527648926, 7.004637241363525, 7.0147247314453125, 7.024818181991577, 7.034860134124756, 7.044930458068848, 7.055026054382324, 7.065047025680542, 7.075085878372192, 7.0852673053741455, 7.095335006713867, 7.105418920516968, 7.115438938140869, 7.125480651855469, 7.135491132736206, 7.145708084106445, 7.155746221542358, 7.16583776473999, 7.175959825515747, 7.185940980911255, 7.195936441421509, 7.205991268157959, 7.216091156005859, 7.226121664047241, 7.236104965209961, 7.246205568313599, 7.2562549114227295, 7.266304969787598, 7.27644419670105, 7.286561012268066, 7.296520471572876, 7.306565999984741, 7.316699266433716, 7.326690912246704, 7.3367321491241455, 7.347038984298706, 7.3569016456604, 7.366936683654785, 7.376970291137695, 7.387073755264282, 7.397100448608398, 7.407224655151367, 7.417235851287842, 7.427259683609009, 7.437323093414307, 7.447413206100464, 7.457579612731934, 7.467569828033447, 7.477640628814697, 7.487661361694336, 7.497751474380493, 7.507763385772705, 7.517921686172485, 7.5279905796051025, 7.5379555225372314, 7.54805064201355, 7.558166980743408, 7.568120718002319, 7.578218698501587, 7.588273525238037, 7.598291873931885, 7.608365297317505, 7.618406534194946, 7.628499746322632, 7.638489246368408, 7.64861273765564, 7.658701419830322, 7.668727159500122, 7.678756237030029, 7.688920259475708, 7.6990647315979, 7.708947658538818, 7.719144821166992, 7.729096412658691, 7.739110708236694, 7.749178171157837, 7.759275197982788, 7.7692577838897705, 7.779335021972656, 7.789435863494873, 7.799493074417114, 7.809540033340454, 7.819664001464844, 7.829622745513916, 7.839771032333374, 7.849804401397705, 7.85992169380188, 7.869961500167847, 7.879994630813599, 7.890087366104126, 7.900112152099609, 7.910179615020752, 7.920281648635864, 7.930295705795288, 7.940430164337158, 7.950396776199341, 7.960467338562012, 7.970486879348755, 7.980594635009766, 7.9907450675964355, 8.000885009765625, 8.010875225067139, 8.020842552185059, 8.030975580215454, 8.04105806350708, 8.051056146621704, 8.061121463775635, 8.071240901947021, 8.081298351287842, 8.091468334197998, 8.101433753967285, 8.11153769493103, 8.121627807617188, 8.131576538085938, 8.141603946685791, 8.151665449142456, 8.161741018295288, 8.17176079750061, 8.181807279586792, 8.19192099571228, 8.201971769332886, 8.212082386016846, 8.22221565246582, 8.232312679290771, 8.242544412612915, 8.252673387527466, 8.26268219947815, 8.272639513015747, 8.28275179862976, 8.292793989181519, 8.302850008010864, 8.312922239303589, 8.323031425476074, 8.332978010177612, 8.34326982498169, 8.353184938430786, 8.363321304321289, 8.373313665390015, 8.383317947387695, 8.3934965133667, 8.403504610061646, 8.413576126098633, 8.423611164093018, 8.433598756790161, 8.443737506866455, 8.4538094997406, 8.463880062103271, 8.473947048187256, 8.483959197998047, 8.494105815887451, 8.504048585891724, 8.514221668243408, 8.524249076843262, 8.534183263778687, 8.54432487487793, 8.554391860961914, 8.564445734024048, 8.574452638626099, 8.584501028060913, 8.59468388557434, 8.604717016220093, 8.61476755142212, 8.624817848205566, 8.634869813919067, 8.644924640655518, 8.654943943023682, 8.665215492248535, 8.67517352104187, 8.685327529907227, 8.695287942886353, 8.705300569534302, 8.715481996536255, 8.725483655929565, 8.735508918762207, 8.74553894996643, 8.755663871765137, 8.765840768814087, 8.775812149047852, 8.785895586013794, 8.795940399169922, 8.805957317352295, 8.816195964813232, 8.826117753982544, 8.836130857467651, 8.84640383720398, 8.85635757446289, 8.866356134414673, 8.876408815383911, 8.88649868965149, 8.896553039550781, 8.90656590461731, 8.916640520095825, 8.926758289337158, 8.936750650405884, 8.946803569793701, 8.956956148147583, 8.966947555541992, 8.976969718933105, 8.98711109161377, 8.997165441513062, 9.007214546203613, 9.017318487167358, 9.027267932891846, 9.037322282791138, 9.047467708587646, 9.057493686676025, 9.067517042160034, 9.07761812210083, 9.087748527526855, 9.097862243652344, 9.10784101486206, 9.117916107177734, 9.12801742553711, 9.138002157211304, 9.149604320526123, 9.158689498901367, 9.168643712997437, 9.178663730621338, 9.188722848892212, 9.198783159255981, 9.208850622177124, 9.218873500823975, 9.229109287261963, 9.2390456199646, 9.249333143234253, 9.259256839752197, 9.26923942565918, 9.279572248458862, 9.289408922195435, 9.299621343612671, 9.309841632843018, 9.319694995880127, 9.330111026763916, 9.340314626693726, 9.350003242492676, 9.360039472579956, 9.369866609573364, 9.379947185516357, 9.39004373550415, 9.400436401367188, 9.410207271575928, 9.4202299118042, 9.430299520492554, 9.440345764160156, 9.45037841796875, 9.460500240325928, 9.470451831817627, 9.48055100440979, 9.490705490112305, 9.5007004737854, 9.510733366012573, 9.520856857299805, 9.53086256980896, 9.540951013565063, 9.551028728485107, 9.56104564666748, 9.571019649505615, 9.581145286560059, 9.591280937194824, 9.602139234542847, 9.612159490585327, 9.621598958969116, 9.631553173065186, 9.641539812088013, 9.651618480682373, 9.661714553833008, 9.671725273132324, 9.681819915771484, 9.69188117980957, 9.701807975769043, 9.712120056152344, 9.722350597381592, 9.732166767120361, 9.742220878601074, 9.752319097518921, 9.762287139892578, 9.772324800491333, 9.782870292663574, 9.792594194412231, 9.802464485168457, 9.812536478042603, 9.822575807571411, 9.832642316818237, 9.842787742614746, 9.85279631614685, 9.862882614135742, 9.872920513153076, 9.883017301559448, 9.893034934997559, 9.90310001373291, 9.91321587562561, 9.923332691192627, 9.933331727981567, 9.94340705871582, 9.95370626449585, 9.963556051254272, 9.973623275756836, 9.983961820602417, 9.993765354156494, 10.003772497177124, 10.01417589187622, 10.02424669265747, 10.034296035766602, 10.044091701507568, 10.054094076156616, 10.06418251991272, 10.0742826461792, 10.084278583526611, 10.0946044921875, 10.1047203540802, 10.114843845367432, 10.124616622924805, 10.134618997573853, 10.144755840301514, 10.154772281646729, 10.164868593215942, 10.174896478652954, 10.184969902038574, 10.195245265960693, 10.205184698104858, 10.215652227401733, 10.225240468978882, 10.235303163528442, 10.245388984680176, 10.25541615486145, 10.265444278717041, 10.275498867034912, 10.285617351531982, 10.295654773712158, 10.305647134780884, 10.315840005874634, 10.325887203216553, 10.335864543914795, 10.34604024887085, 10.356028318405151, 10.36606502532959, 10.376131057739258, 10.386253356933594, 10.396343469619751, 10.406304121017456, 10.4164137840271, 10.426469326019287, 10.436524152755737, 10.446565389633179, 10.456666707992554, 10.466610193252563, 10.476735591888428, 10.486807823181152, 10.497068166732788, 10.506967306137085, 10.517085075378418, 10.527063131332397, 10.537131547927856, 10.547325372695923, 10.557288408279419, 10.567264080047607, 10.57733964920044, 10.587470293045044, 10.597516298294067, 10.607553958892822, 10.617586612701416, 10.627682209014893, 10.63768720626831, 10.647865772247314, 10.657853364944458, 10.667934656143188, 10.677963972091675, 10.688015222549438, 10.698103189468384, 10.708139896392822, 10.7183997631073, 10.728273630142212, 10.738293647766113, 10.748412370681763, 10.758456707000732, 10.76841950416565, 10.77854871749878, 10.788591623306274, 10.798709630966187, 10.808700561523438, 10.818865060806274, 10.828877925872803, 10.838915348052979, 10.849066019058228, 10.859127521514893, 10.869147777557373, 10.879250526428223, 10.889208793640137, 10.899343729019165, 10.909409761428833, 10.919479131698608, 10.92950963973999, 10.939509630203247, 10.949636459350586, 10.95967435836792, 10.96965217590332, 10.979787111282349, 10.98988676071167, 10.999974489212036, 11.010092496871948, 11.020094633102417, 11.03013825416565, 11.040158987045288, 11.050187110900879, 11.060245037078857, 11.070308446884155, 11.080432891845703, 11.090564727783203, 11.100666046142578, 11.110625505447388, 11.12082314491272, 11.130732536315918, 11.141080379486084, 11.151681900024414, 11.161643743515015, 11.171288251876831, 11.181395769119263, 11.191382884979248, 11.201436758041382, 11.211496591567993, 11.221608638763428, 11.231606245040894, 11.241674900054932, 11.251702308654785, 11.261808633804321, 11.271846055984497, 11.281947374343872, 11.292021751403809, 11.302079677581787, 11.31217074394226, 11.322296142578125, 11.332253217697144, 11.342644214630127, 11.352365732192993, 11.362541437149048, 11.372491359710693, 11.382605791091919, 11.392667055130005, 11.402748107910156, 11.412759065628052, 11.422868251800537, 11.432916641235352, 11.442944049835205, 11.452987670898438, 11.463133335113525, 11.473062753677368, 11.48322582244873, 11.49329161643982, 11.503257989883423, 11.513327598571777, 11.523378849029541, 11.53341007232666, 11.543479204177856, 11.553545475006104, 11.563624620437622, 11.573642492294312, 11.583724975585938, 11.593782186508179, 11.603850841522217, 11.613977432250977, 11.624019861221313, 11.634056568145752, 11.64414095878601, 11.654148578643799, 11.664260149002075, 11.674232959747314, 11.684317111968994, 11.694379091262817, 11.70438838005066, 11.714671850204468, 11.724642038345337, 11.734608173370361, 11.744651556015015, 11.754654169082642, 11.764781713485718, 11.774778842926025, 11.784903287887573, 11.794962882995605], "set_target_data": [{"head": [[0.9959621051550386, -0.08277737376142924, 0.034747539312939016, -0.01032963773978336], [0.08486062661092253, 0.9943665207430308, -0.0635129630595296, 0.0035118654238003207], [-0.029294353489114324, 0.06620520235268697, 0.9973759131015218, 0.004530144955009476], [0.0, 0.0, 0.0, 1.0]], "antennas": [0.09306789271834509, 0.22965929449963715], "body_yaw": 0.14542819638394783, "check_collision": false}, {"head": [[0.9958418075261878, -0.08437357896828288, 0.03435394526190736, -0.010328516256502449], [0.08640403587509479, 0.9942865902291527, -0.06267789941423142, 0.003414351122308453], [-0.028869308399588074, 0.06538559216347369, 0.997442372956935, 0.004556753192785036], [0.0, 0.0, 0.0, 1.0]], "antennas": [0.09306789271834509, 0.22965929449963715], "body_yaw": 0.14542819638394783, "check_collision": false}, {"head": [[0.9957245788557958, -0.08598365549476718, 0.03375461524303626, -0.010241369921881542], [0.08794868869195856, 0.9942035700525429, -0.061840839678511575, 0.0032906453313351226], [-0.02824165752595236, 0.06454511819290136, 0.9975150808372029, 0.004623006865653647], [0.0, 0.0, 0.0, 1.0]], "antennas": [0.09306789271834509, 0.22965929449963715], "body_yaw": 0.14542819638394783, "check_collision": false}, {"head": [[0.995609418475867, -0.0875092894146941, 0.03322664756307041, -0.010218708214669749], [0.08941438789993628, 0.9941251519231802, -0.060993848461899224, 0.003199472776702038], [-0.027693917718967006, 0.06369699035157551, 0.9975849539470439, 0.004649284044784043], [0.0, 0.0, 0.0, 1.0]], "antennas": [0.09306789271834509, 0.22965929449963715], "body_yaw": 0.14542819638394783, "check_collision": false}, {"head": [[0.9955278736340167, -0.08854593160183133, 0.03292219334274686, -0.0100816986864537], [0.09041989244078824, 0.994056913779555, -0.06062256360517108, 0.003101985722284076], [-0.027358652538633604, 0.06332827302106489, 0.9976176792576603, 0.004557679442738218], [0.0, 0.0, 0.0, 1.0]], "antennas": [0.09306789271834509, 0.22965929449963715], "body_yaw": 0.14542819638394783, "check_collision": false}, {"head": [[0.9954693738305678, -0.08941094135396237, 0.03234825082713782, -0.010046862532377597], [0.09123245571711967, 0.9940161453518138, -0.06007113952427899, 0.003011260762676597], [-0.02678366646299416, 0.06275019000863581, 0.9976698095385462, 0.004580906537010045], [0.0, 0.0, 0.0, 1.0]], "antennas": [0.09306789271834509, 0.22965929449963715], "body_yaw": 0.14542819638394783, "check_collision": false}, {"head": [[0.9954157585587728, -0.09019497677818714, 0.031817193101294654, -0.010061484746817515], [0.09196197690333632, 0.9939946249197482, -0.05931003654255594, 0.0031747681582253284], [-0.026276651554051313, 0.061964116992267115, 0.9977324219391066, 0.004418950248506805], [0.0, 0.0, 0.0, 1.0]], "antennas": [0.09306789271834509, 0.22965929449963715], "body_yaw": 0.14542819638394783, "check_collision": false}, {"head": [[0.9953099156830462, -0.09149162902130022, 0.03142377383504485, -0.01005050656746812], [0.09321405646966065, 0.9939199446423064, -0.058602758627093375, 0.0030832813212936534], [-0.025871053698645306, 0.06125704417667594, 0.9977866821717247, 0.004441377113485469], [0.0, 0.0, 0.0, 1.0]], "antennas": [0.09306789271834509, 0.22965929449963715], "body_yaw": 0.14542819638394783, "check_collision": false}, {"head": [[0.9953991611877336, -0.09116297488644615, 0.02949274345681408, -0.010148986250138478], [0.09274591494321724, 0.9940166268980025, -0.057698706325730466, 0.004275522941932982], [-0.024056291653157466, 0.06016857535433729, 0.9978983101357211, 0.003768463134012025], [0.0, 0.0, 0.0, 1.0]], "antennas": [0.09306789271834509, 0.22965929449963715], "body_yaw": 0.14542819638394783, "check_collision": false}, {"head": [[0.9952256283107728, -0.0933174336665425, 0.028597295804289387, -0.01014799811437797], [0.0948163722859839, 0.9938885275327257, -0.05652831489931533, 0.004196945046062921], [-0.023147446942444687, 0.05896991955837222, 0.9979913548159252, 0.003770284170530715], [0.0, 0.0, 0.0, 1.0]], "antennas": [0.09306789271834509, 0.22965929449963715], "body_yaw": 0.14542819638394783, "check_collision": false}, {"head": [[0.9950545202044219, -0.09540668015804413, 0.027641765536383086, -0.010141979612276548], [0.09682408410959217, 0.9937517624430198, -0.05552054914831636, 0.004091044733400195], [-0.02217202194402503, 0.057922362025496346, 0.9980748476042771, 0.003834420045530697], [0.0, 0.0, 0.0, 1.0]], "antennas": [0.09306789271834509, 0.22965929449963715], "body_yaw": 0.14542819638394783, "check_collision": false}, {"head": [[0.9948791939814187, -0.09746569971346795, 0.026754939025288305, -0.010119817108443313], [0.09880635911098067, 0.9936155691929766, -0.054455523655081224, 0.0040126178870300185], [-0.021276578252029422, 0.05682022559512832, 0.998157687532989, 0.003837279792865968], [0.0, 0.0, 0.0, 1.0]], "antennas": [0.09306789271834509, 0.22965929449963715], "body_yaw": 0.14542819638394783, "check_collision": false}, {"head": [[0.9947096300496748, -0.09935480608560043, 0.026103149122877454, -0.010054512936379805], [0.10063753254701324, 0.9934805059435567, -0.053559045482373176, 0.003932519712025247], [-0.020611621219285368, 0.05590265483701826, 0.9982234490598212, 0.003958277237963605], [0.0, 0.0, 0.0, 1.0]], "antennas": [0.09306789271834509, 0.22965929449963715], "body_yaw": 0.14542819638394783, "check_collision": false}, {"head": [[0.9944942618260444, -0.1015704154366569, 0.02578010673166559, -0.010029880165247388], [0.10281818028547501, 0.9932946281359897, -0.052860226247809325, 0.0038694705961825338], [-0.020238206389270225, 0.055219855343988, 0.9982690932699131, 0.003971960038776425], [0.0, 0.0, 0.0, 1.0]], "antennas": [0.09306789271834509, 0.22965929449963715], "body_yaw": 0.14542819638394783, "check_collision": false}, {"head": [[0.9943151993944623, -0.10329637347731001, 0.025829120766812475, -0.010014466568243594], [0.10452999076098736, 0.9931544800369655, -0.05213117890488007, 0.0038526764632715316], [-0.020267345279004676, 0.05453474130259355, 0.9983061638126857, 0.00400702425131705], [0.0, 0.0, 0.0, 1.0]], "antennas": [0.09306789271834509, 0.22965929449963715], "body_yaw": 0.14542819638394783, "check_collision": false}, {"head": [[0.9941084604709473, -0.10528573179130514, 0.02575429092895055, -0.009998241286721056], [0.10649658342172451, 0.9929877843841424, -0.051319955021144226, 0.0038080282005754744], [-0.02017043726802518, 0.05376034546989028, 0.9983501283194064, 0.004029911090104312], [0.0, 0.0, 0.0, 1.0]], "antennas": [0.09306789271834509, 0.22965929449963715], "body_yaw": 0.14542819638394783, "check_collision": false}, {"head": [[0.9938884503903004, -0.10737147821348014, 0.025634231937392504, -0.010001609669878267], [0.10856039264227926, 0.9927979589698234, -0.050664127493795154, 0.0038319915086306097], [-0.020009730885797328, 0.05313735344939125, 0.9983867148246078, 0.003945514779440386], [0.0, 0.0, 0.0, 1.0]], "antennas": [0.09306789271834509, 0.22965929449963715], "body_yaw": 0.14542819638394783, "check_collision": false}, {"head": [[0.9936839703442781, -0.10924271526957512, 0.02565533553399687, -0.009994922071169074], [0.11041738068915642, 0.9926269053755814, -0.049998287633100214, 0.0037949970437778403], [-0.020004227617614417, 0.052515291916039625, 0.9984197388835998, 0.003975049754346373], [0.0, 0.0, 0.0, 1.0]], "antennas": [0.09306789271834509, 0.22965929449963715], "body_yaw": 0.14542819638394783, "check_collision": false}, {"head": [[0.993501053041967, -0.11089163851794116, 0.025665192602216943, -0.009989124397434868], [0.11205726521777472, 0.9924627101377088, -0.04960784512582086, 0.0037872705962256597], [-0.019970651376855966, 0.05216141766593773, 0.9984389613745367, 0.003932388534765409], [0.0, 0.0, 0.0, 1.0]], "antennas": [0.09306789271834509, 0.22965929449963715], "body_yaw": 0.14542819638394783, "check_collision": false}, {"head": [[0.9932998994049526, -0.11263309631064361, 0.025866879548721414, -0.009997959037164966], [0.11379942073090427, 0.9922842809566448, -0.04920973082292353, 0.0037556669326577457], [-0.020124653622395978, 0.05182365658491532, 0.9984534575706305, 0.003945203166581092], [0.0, 0.0, 0.0, 1.0]], "antennas": [0.09306789271834509, 0.22965929449963715], "body_yaw": 0.14542819638394783, "check_collision": false}, {"head": [[0.9931256532442974, -0.11411708511621296, 0.026052403970981096, -0.01000209085280863], [0.11528377337318116, 0.9921317878532729, -0.04882793388942213, 0.0037291579365644825], [-0.02027531664189717, 0.05149569317571886, 0.9984673780947595, 0.003898638153399638], [0.0, 0.0, 0.0, 1.0]], "antennas": [0.09306789271834509, 0.22965929449963715], "body_yaw": 0.14542819638394783, "check_collision": false}, {"head": [[0.9929493064812854, -0.11555459798107291, 0.026435007920702018, -0.010006477245155725], [0.11673560895453249, 0.9919714680163468, -0.04863542169559977, 0.003694535509254875], [-0.020602727012447544, 0.05137841499041168, 0.9984667175788706, 0.0039057443606840287], [0.0, 0.0, 0.0, 1.0]], "antennas": [0.09306789271834509, 0.22965929449963715], "body_yaw": 0.14542819638394783, "check_collision": false}, {"head": [[0.9927888119079938, -0.11686737401426892, 0.026690669555544173, -0.010019637317704267], [0.118058768122942, 0.9918183375842684, -0.04856451895027686, 0.0037877359665301966], [-0.02079668770760581, 0.05136537863763266, 0.998463367208735, 0.0038835213267772745], [0.0, 0.0, 0.0, 1.0]], "antennas": [0.09306789271834509, 0.22965929449963715], "body_yaw": 0.14542819638394783, "check_collision": false}, {"head": [[0.9926214262108426, -0.11821581305218862, 0.026976392856769567, -0.01002702367270292], [0.11941937958501861, 0.9916582378312421, -0.04850722751266087, 0.0037584789857709744], [-0.02101704086407072, 0.051370817453548406, 0.9984584734016093, 0.003885573618790385], [0.0, 0.0, 0.0, 1.0]], "antennas": [0.09306789271834509, 0.22965929449963715], "body_yaw": 0.14542819638394783, "check_collision": false}, {"head": [[0.9924655560196151, -0.11949897980370051, 0.027057604116982666, -0.010073562180075553], [0.12070378098129621, 0.9915066562216299, -0.048426727382946684, 0.0038866572113842625], [-0.021040850065904032, 0.05132781403954139, 0.9984601835498633, 0.003879186397759417], [0.0, 0.0, 0.0, 1.0]], "antennas": [0.09306789271834509, 0.22965929449963715], "body_yaw": 0.14542819638394783, "check_collision": false}, {"head": [[0.992363630483411, -0.12033320793045485, 0.02709878157685857, -0.010083008002256923], [0.12154035117200937, 0.9914020597368143, -0.04847575668916466, 0.0038588708253374238], [-0.02103254456239223, 0.0513991733276749, 0.9984566876186783, 0.00389570850545873], [0.0, 0.0, 0.0, 1.0]], "antennas": [0.09306789271834509, 0.22965929449963715], "body_yaw": 0.14542819638394783, "check_collision": false}, {"head": [[0.9923236199761144, -0.12070150344651165, 0.026925458273752815, -0.009995237336468994], [0.12189550424551343, 0.9913675040372494, -0.0482903508341575, 0.003792918894168631], [-0.02086430641626712, 0.051201748062988384, 0.9984703609587328, 0.003903156184467684], [0.0, 0.0, 0.0, 1.0]], "antennas": [0.09306789271834509, 0.22965929449963715], "body_yaw": 0.14542819638394783, "check_collision": false}, {"head": [[0.9923150167185288, -0.12080414590014175, 0.026781820853764154, -0.009986270425467233], [0.12198571359585313, 0.9913680542990665, -0.04805066694431636, 0.003755759587399517], [-0.020745921850242023, 0.05094839790042847, 0.99848578731896, 0.003928686176144615], [0.0, 0.0, 0.0, 1.0]], "antennas": [0.09306789271834509, 0.22965929449963715], "body_yaw": 0.14542819638394783, "check_collision": false}, {"head": [[0.9923865679890584, -0.12036305110425788, 0.026108152055846344, -0.009841521190725514], [0.12150989724531705, 0.9914284960536937, -0.048009187497221266, 0.003684770871059872], [-0.02010583363926695, 0.05081607168588164, 0.9985056245770902, 0.0038184562228061898], [0.0, 0.0, 0.0, 1.0]], "antennas": [0.09306789271834509, 0.22965929449963715], "body_yaw": 0.14542819638394783, "check_collision": false}, {"head": [[0.992531517916368, -0.1193801568363146, 0.025091115885256976, -0.009790956008746349], [0.12047122173521564, 0.9915680856133016, -0.04774323330899131, 0.0036441466964511806], [-0.019179955063945618, 0.05040942121180523, 0.9985444504762098, 0.0038288426119915692], [0.0, 0.0, 0.0, 1.0]], "antennas": [0.09306789271834509, 0.22965929449963715], "body_yaw": 0.14542819638394783, "check_collision": false}, {"head": [[0.9929584722484344, -0.11615487653498877, 0.02327051884245048, -0.00983052093311847], [0.11715243478332354, 0.9919796526982566, -0.04745182459068765, 0.004888925827126521], [-0.017572120372751, 0.049843889192034176, 0.9986024270428236, 0.0031812570612111974], [0.0, 0.0, 0.0, 1.0]], "antennas": [0.09306789271834509, 0.22965929449963715], "body_yaw": 0.14542819638394783, "check_collision": false}, {"head": [[0.9931248836304206, -0.11475822051118627, 0.023097972620321854, -0.009835536798045517], [0.11573673457485119, 0.9921778388737506, -0.04677760487417229, 0.004870812411712298], [-0.017549181861660598, 0.04912928732354753, 0.9986382424797613, 0.003194546955118895], [0.0, 0.0, 0.0, 1.0]], "antennas": [0.09306789271834509, 0.22965929449963715], "body_yaw": 0.14542819638394783, "check_collision": false}, {"head": [[0.9932423590380564, -0.11403195161690424, 0.021594680431920817, -0.009891630996059003], [0.11493080329474675, 0.9922907718342757, -0.04636738710086659, 0.005534918343705005], [-0.016140838470816946, 0.04853594691542948, 0.9986910108689682, 0.0029111558650011266], [0.0, 0.0, 0.0, 1.0]], "antennas": [0.09306789271834509, 0.22965929449963715], "body_yaw": 0.14542819638394783, "check_collision": false}, {"head": [[0.993204178529817, -0.11465496276363771, 0.019992480200827945, -0.00986572047554808], [0.11546913176746904, 0.992248799759864, -0.045926016417455244, 0.005528315330285333], [-0.014571868781268829, 0.04792242573971344, 0.9987447630658413, 0.002932439058560556], [0.0, 0.0, 0.0, 1.0]], "antennas": [0.09306789271834509, 0.22965929449963715], "body_yaw": 0.14542819638394783, "check_collision": false}, {"head": [[0.9931974434038965, -0.11506298923553548, 0.01787028047196494, -0.009889908681397809], [0.11576542902348244, 0.9922504415793936, -0.0451378624716235, 0.006221926896592522], [-0.012538096305767335, 0.04689957029314013, 0.9988209181066172, 0.0027189161883417485], [0.0, 0.0, 0.0, 1.0]], "antennas": [0.09306789271834509, 0.22965929449963715], "body_yaw": 0.14542819638394783, "check_collision": false}, {"head": [[0.9930545988523667, -0.11648235518976366, 0.016565766737791088, -0.009848730975957785], [0.11711690964554716, 0.9921136714040134, -0.04465526271702125, 0.0062701387705036415], [-0.011233573484956124, 0.04628524541033767, 0.9988650974401213, 0.0027355281638795654], [0.0, 0.0, 0.0, 1.0]], "antennas": [0.09306789271834509, 0.22965929449963715], "body_yaw": 0.14542819638394783, "check_collision": false}, {"head": [[0.9929232255129412, -0.11769583148745573, 0.01584801209785372, -0.009697464194538565], [0.11829199607719958, 0.9919914655827351, -0.044271163019390034, 0.006613958889511886], [-0.010510561405039014, 0.04583255896733271, 0.9988938405243358, 0.0025975389773318387], [0.0, 0.0, 0.0, 1.0]], "antennas": [0.09306789271834509, 0.22965929449963715], "body_yaw": 0.14542819638394783, "check_collision": false}, {"head": [[0.9927319553809841, -0.11938391891167677, 0.015190282115135019, -0.009651342761035823], [0.11994441022924021, 0.9918109158657379, -0.043868503784896214, 0.006682582098099313], [-0.009828693718238371, 0.045371654971533774, 0.9989218236203155, 0.002602536010150482], [0.0, 0.0, 0.0, 1.0]], "antennas": [0.09306789271834509, 0.22965929449963715], "body_yaw": 0.14542819638394783, "check_collision": false}, {"head": [[0.9924081748752008, -0.12229020427657497, 0.013081298821833894, -0.009440656118389729], [0.12274944169246813, 0.9914853539010713, -0.04346685592327302, 0.0068213735380361976], [-0.007654345501734136, 0.04474258528137114, 0.9989692247798623, 0.0024751630770549777], [0.0, 0.0, 0.0, 1.0]], "antennas": [0.09306789271834509, 0.22965929449963715], "body_yaw": 0.14542819638394783, "check_collision": false}, {"head": [[0.9918442069313185, -0.12708647893478964, 0.009700311785774712, -0.009287100832811264], [0.12738487656034925, 0.9909592966885774, -0.04210422223702207, 0.0068649186683812265], [-0.004261736792500222, 0.042996501932566954, 0.9990661331568969, 0.0024857774444223563], [0.0, 0.0, 0.0, 1.0]], "antennas": [0.09306789271834509, 0.22965929449963715], "body_yaw": 0.14542819638394783, "check_collision": false}, {"head": [[0.9909010527713908, -0.13449258964787897, 0.005181403898258385, -0.008984271715864061], [0.1345922976306715, 0.9901287156070405, -0.03911572508402927, 0.006597765500710177], [0.00013051837568170454, 0.0394571902213, 0.9992212533292084, 0.002546537740518053], [0.0, 0.0, 0.0, 1.0]], "antennas": [0.09306789271834509, 0.22965929449963715], "body_yaw": 0.14542819638394783, "check_collision": false}, {"head": [[0.9898944652093832, -0.1418020111587033, 0.0010664798056246, -0.008765532937608398], [0.1417470232146629, 0.9892377162857809, -0.036283909484425225, 0.00663677403744356], [0.004090129290210864, 0.03606841151255662, 0.9993409530952635, 0.0025