{"description": "You do a few dance moves because you're happy or excited. Also good when someone asks if you can dance, or when music plays.", "time": [0.0, 0.010222434997558594, 0.020497798919677734, 0.030265092849731445, 0.04047250747680664, 0.05032062530517578, 0.060418128967285156, 0.07059884071350098, 0.08056974411010742, 0.09065651893615723, 0.10066533088684082, 0.11076474189758301, 0.12080955505371094, 0.13082647323608398, 0.14103364944458008, 0.15093398094177246, 0.1609511375427246, 0.17108559608459473, 0.18111777305603027, 0.191298246383667, 0.2013258934020996, 0.2113487720489502, 0.22141599655151367, 0.23140478134155273, 0.24161243438720703, 0.2516181468963623, 0.26160717010498047, 0.2716529369354248, 0.28178834915161133, 0.2918369770050049, 0.3019554615020752, 0.3119528293609619, 0.3219947814941406, 0.33206748962402344, 0.3422081470489502, 0.35215210914611816, 0.362163782119751, 0.372344970703125, 0.3823740482330322, 0.3924574851989746, 0.40260839462280273, 0.4125392436981201, 0.4226207733154297, 0.4326791763305664, 0.44281649589538574, 0.45282936096191406, 0.4628159999847412, 0.47313475608825684, 0.48310041427612305, 0.493105411529541, 0.5032083988189697, 0.5133216381072998, 0.5232870578765869, 0.5333302021026611, 0.5435512065887451, 0.5535361766815186, 0.5635230541229248, 0.5736775398254395, 0.583655595779419, 0.5936827659606934, 0.6038410663604736, 0.6138577461242676, 0.6240408420562744, 0.6340272426605225, 0.6440310478210449, 0.6541240215301514, 0.664738655090332, 0.6747581958770752, 0.684267520904541, 0.6944222450256348, 0.7044775485992432, 0.7144250869750977, 0.7245259284973145, 0.7345623970031738, 0.7446339130401611, 0.7546360492706299, 0.7646348476409912, 0.7751109600067139, 0.7850284576416016, 0.7950327396392822, 0.8052685260772705, 0.8152647018432617, 0.8250689506530762, 0.8352155685424805, 0.8452165126800537, 0.8553287982940674, 0.8652887344360352, 0.8755159378051758, 0.885488748550415, 0.8954892158508301, 0.9055845737457275, 0.9155981540679932, 0.9258484840393066, 0.9357495307922363, 0.945812463760376, 0.9558408260345459, 0.9659152030944824, 0.976081132888794, 0.9860806465148926, 0.9960827827453613, 1.0063436031341553, 1.0164523124694824, 1.0263538360595703, 1.0365631580352783, 1.0464859008789062, 1.0566277503967285, 1.066723346710205, 1.076658010482788, 1.0867302417755127, 1.0967521667480469, 1.1068308353424072, 1.11686110496521, 1.1269688606262207, 1.1370012760162354, 1.1470224857330322, 1.1571061611175537, 1.1671292781829834, 1.1772050857543945, 1.1873464584350586, 1.1973719596862793, 1.207568645477295, 1.217501163482666, 1.22756028175354, 1.2377595901489258, 1.2476930618286133, 1.2578620910644531, 1.2678585052490234, 1.2778751850128174, 1.287966012954712, 1.2980945110321045, 1.308107852935791, 1.3181531429290771, 1.3282232284545898, 1.3383185863494873, 1.3482680320739746, 1.3583524227142334, 1.368440866470337, 1.3784773349761963, 1.3885304927825928, 1.3985743522644043, 1.408743143081665, 1.4187066555023193, 1.4286978244781494, 1.438816785812378, 1.4488489627838135, 1.4590044021606445, 1.4689908027648926, 1.4790289402008057, 1.4891643524169922, 1.4992687702178955, 1.5092451572418213, 1.519378423690796, 1.5293946266174316, 1.539590835571289, 1.5495738983154297, 1.5595917701721191, 1.5696773529052734, 1.5797398090362549, 1.589801549911499, 1.599919319152832, 1.610004186630249, 1.6200838088989258, 1.629969835281372, 1.6402931213378906, 1.6503832340240479, 1.6603963375091553, 1.6705007553100586, 1.680560827255249, 1.6905062198638916, 1.700453519821167, 1.7105751037597656, 1.7205796241760254, 1.7305724620819092, 1.7411384582519531, 1.7516357898712158, 1.7616209983825684, 1.7712969779968262, 1.7813944816589355, 1.791508674621582, 1.8015358448028564, 1.8116111755371094, 1.8215680122375488, 1.8316292762756348, 1.841707706451416, 1.8517892360687256, 1.8617684841156006, 1.871826410293579, 1.8818738460540771, 1.8919384479522705, 1.9021210670471191, 1.9121551513671875, 1.9223778247833252, 1.9324617385864258, 1.9426352977752686, 1.952608585357666, 1.962630033493042, 1.972679615020752, 1.982738971710205, 1.9928224086761475, 2.0029046535491943, 2.0128724575042725, 2.022867202758789, 2.032896041870117, 2.0430612564086914, 2.053152084350586, 2.063138723373413, 2.0733802318573, 2.0832676887512207, 2.0932819843292236, 2.103386640548706, 2.113434314727783, 2.1234538555145264, 2.1335246562957764, 2.1437437534332275, 2.153639316558838, 2.163619041442871, 2.1737847328186035, 2.1837339401245117, 2.1937901973724365, 2.2040631771087646, 2.2139267921447754, 2.224011182785034, 2.234124183654785, 2.2442245483398438, 2.254218816757202, 2.2642159461975098, 2.2744333744049072, 2.284494161605835, 2.294487476348877, 2.3046178817749023, 2.3145790100097656, 2.3246402740478516, 2.3346810340881348, 2.34480357170105, 2.354768991470337, 2.3647942543029785, 2.3749544620513916, 2.3849494457244873, 2.3949859142303467, 2.4051787853240967, 2.415114641189575, 2.4252376556396484, 2.4353041648864746, 2.445347309112549, 2.4554197788238525, 2.465514898300171, 2.4755749702453613, 2.485562801361084, 2.4956231117248535, 2.505741834640503, 2.515713691711426, 2.5257568359375, 2.535944938659668, 2.5459399223327637, 2.5559515953063965, 2.5660393238067627, 2.576112985610962, 2.5861947536468506, 2.5962073802948, 2.606365442276001, 2.616640567779541, 2.6264545917510986, 2.636650562286377, 2.6466751098632812, 2.6571156978607178, 2.667041301727295, 2.6767401695251465, 2.6872079372406006, 2.696803331375122, 2.7070131301879883, 2.716907262802124, 2.7269699573516846, 2.737032890319824, 2.747058629989624, 2.757143020629883, 2.767162561416626, 2.777367115020752, 2.7874417304992676, 2.7974557876586914, 2.807574510574341, 2.8175294399261475, 2.8275651931762695, 2.837725877761841, 2.8476927280426025, 2.857717990875244, 2.8678836822509766, 2.8778655529022217, 2.887934446334839, 2.8979430198669434, 2.908040761947632, 2.9181058406829834, 2.9280922412872314, 2.938232660293579, 2.9482486248016357, 2.958369255065918, 2.968461751937866, 2.978452682495117, 2.9885413646698, 2.9986045360565186, 3.0087482929229736, 3.0188324451446533, 3.0286781787872314, 3.0388996601104736, 3.0488362312316895, 3.059013605117798, 3.0690510272979736, 3.079056978225708, 3.089221954345703, 3.099306583404541, 3.109313488006592, 3.1194026470184326, 3.1293811798095703, 3.1395304203033447, 3.149616003036499, 3.1595630645751953, 3.1696455478668213, 3.179720878601074, 3.1898305416107178, 3.199892282485962, 3.2099409103393555, 3.219923257827759, 3.229889154434204, 3.240126848220825], "set_target_data": [{"head": [[0.9947667460916384, 0.10038604083797102, 0.019020086096837696, -0.005954354443999354], [-0.09773706471654027, 0.9892045561317756, -0.1091870519280178, 0.0010065091446300866], [-0.029775611678834142, 0.10675668097601222, 0.9938392344922479, 0.01076561228073003], [0.0, 0.0, 0.0, 1.0]], "antennas": [-0.30878025307557794, 0.5473024138677208], "body_yaw": -0.01379815718703255, "check_collision": false}, {"head": [[0.9951069752134236, 0.09786570993603502, 0.013579790142222698, -0.006009402232039067], [-0.095847973669484, 0.9895446622003041, -0.10777071705403236, 0.0010236793536916658], [-0.02398486658384521, 0.10594179689623097, 0.994083025629828, 0.011551954242960405], [0.0, 0.0, 0.0, 1.0]], "antennas": [-0.30878025307557794, 0.5473024138677208], "body_yaw": -0.01379815718703255, "check_collision": false}, {"head": [[0.995349160664941, 0.09559916300858928, 0.011867956675612605, -0.00617436766680359], [-0.09382818275946839, 0.9899941499915683, -0.10539380960249646, 0.0010835916421477274], [-0.021824767665495147, 0.10379009111918465, 0.9943597419957316, 0.012209456688638598], [0.0, 0.0, 0.0, 1.0]], "antennas": [-0.30878025307557794, 0.5473024138677208], "body_yaw": -0.01379815718703255, "check_collision": false}, {"head": [[0.9954614997916661, 0.09435623880139192, 0.012381543998317542, -0.0061398422414955045], [-0.09259217684327399, 0.9903641593497927, -0.10298310862856605, 0.0011065909077888608], [-0.02197933620361288, 0.1013692856571154, 0.9946060409556214, 0.012558974413440449], [0.0, 0.0, 0.0, 1.0]], "antennas": [-0.30878025307557794, 0.5473024138677208], "body_yaw": -0.01379815718703255, "check_collision": false}, {"head": [[0.9955154781775679, 0.09387958769725734, 0.011642839974933997, -0.006281463991035121], [-0.09224945676996403, 0.9906700766509772, -0.10031369275425071, 0.0012838179708224793], [-0.020951621286561327, 0.0987897881470582, 0.9948877360402653, 0.012923511767950646], [0.0, 0.0, 0.0, 1.0]], "antennas": [-0.30878025307557794, 0.5473024138677208], "body_yaw": -0.01379815718703255, "check_collision": false}, {"head": [[0.9954969773626177, 0.09381733564877075, 0.013567446099336048, -0.006246325440344884], [-0.09206212697822781, 0.9909700239119642, -0.09748321129387558, 0.0013108109461786258], [-0.022590547539560885, 0.09579519424108715, 0.9951446869285772, 0.0130691283248357], [0.0, 0.0, 0.0, 1.0]], "antennas": [-0.30878025307557794, 0.5473024138677208], "body_yaw": -0.01379815718703255, "check_collision": false}, {"head": [[0.995511445600729, 0.09348168973315227, 0.014769406304288756, -0.006371110460169857], [-0.09164767172560548, 0.9911511516433787, -0.09602134587309, 0.0016813370924248644], [-0.023614951730252683, 0.0942367671380899, 0.9952696949943463, 0.013254772143175497], [0.0, 0.0, 0.0, 1.0]], "antennas": [-0.30878025307557794, 0.5473024138677208], "body_yaw": -0.01379815718703255, "check_collision": false}, {"head": [[0.9955367537073496, 0.09297630920705935, 0.01618573273179703, -0.006303081983994256], [-0.09100605506568804, 0.9911909378624427, -0.09622069756945405, 0.0017440691068187145], [-0.024989396935757236, 0.09431824121348252, 0.9952284156992216, 0.013198575081171171], [0.0, 0.0, 0.0, 1.0]], "antennas": [-0.30878025307557794, 0.5473024138677208], "body_yaw": -0.01379815718703255, "check_collision": false}, {"head": [[0.9955534167577371, 0.09256076236837929, 0.017489987186386252, -0.006082974019204208], [-0.09046132725176992, 0.9912113572146967, -0.09652353910030066, 0.001573765417413964], [-0.02627056630230347, 0.0945121716943564, 0.9951770228194443, 0.01333634597046851], [0.0, 0.0, 0.0, 1.0]], "antennas": [-0.30878025307557794, 0.5473024138677208], "body_yaw": -0.01379815718703255, "check_collision": false}, {"head": [[0.9955300995768693, 0.09233358314980937, 0.019857750607401112, -0.005963118534646379], [-0.08998539738538693, 0.991166007930007, -0.09742983619758033, 0.001602207731360085], [-0.02867837327782902, 0.09520742695194834, 0.9950442687435201, 0.01306593917090998], [0.0, 0.0, 0.0, 1.0]], "antennas": [-0.30878025307557794, 0.5473024138677208], "body_yaw": -0.01379815718703255, "check_collision": false}, {"head": [[0.9954697276173684, 0.09230287417758731, 0.022807911258146497, -0.005889180938423694], [-0.08966169330510176, 0.9911567265843637, -0.09782189990094951, 0.00182011626404518], [-0.031635457181221016, 0.09533374410525376, 0.9949425486347488, 0.012770828940465384], [0.0, 0.0, 0.0, 1.0]], "antennas": [-0.30878025307557794, 0.5473024138677208], "body_yaw": -0.01379815718703255, "check_collision": false}, {"head": [[0.9953944922107099, 0.0920379056882465, 0.026810982695617887, -0.0056742574774935745], [-0.08896081005671293, 0.9910649884573406, -0.09937888572581656, 0.0017642077829561828], [-0.03571805076759823, 0.09653606875449665, 0.9946883975792572, 0.012155808483127972], [0.0, 0.0, 0.0, 1.0]], "antennas": [-0.30878025307557794, 0.5473024138677208], "body_yaw": -0.01379815718703255, "check_collision": false}, {"head": [[0.9953117140411945, 0.09119645366809291, 0.032214883683519435, -0.0048911453461712145], [-0.087537107541335, 0.9910332386693592, -0.10094738558188378, 0.0002130463807064522], [-0.041132064082368344, 0.09765411763404629, 0.9943700652239283, 0.011741774768861624], [0.0, 0.0, 0.0, 1.0]], "antennas": [-0.30878025307557794, 0.5473024138677208], "body_yaw": -0.01379815718703255, "check_collision": false}, {"head": [[0.9949626553704666, 0.0930110421857029, 0.037393320923387374, -0.004606042431342279], [-0.08886101867042971, 0.9909633061625465, -0.1004760926800432, 4.205360957900382e-05], [-0.04640079502555518, 0.0966471513854624, 0.9942365384304038, 0.010709791083892362], [0.0, 0.0, 0.0, 1.0]], "antennas": [-0.30878025307557794, 0.5473024138677208], "body_yaw": -0.01379815718703255, "check_collision": false}, {"head": [[0.9947731369574354, 0.09261308559442549, 0.04300258555648479, -0.004086416352271199], [-0.0879552134511582, 0.9911069628042879, -0.09985423730428676, -0.0009528189017307303], [-0.051867970990047176, 0.09555001129010522, 0.9940723861610059, 0.009920861961960348], [0.0, 0.0, 0.0, 1.0]], "antennas": [-0.30878025307557794, 0.5473024138677208], "body_yaw": -0.01379815718703255, "check_collision": false}, {"head": [[0.9944796356760865, 0.0934492285061022, 0.047723117219776325, -0.0038770344211331714], [-0.08847799854178008, 0.991306615448929, -0.09737986414670234, -0.0013122197651186922], [-0.056408314986347345, 0.09261984592301876, 0.9941024424784386, 0.008823266481451375], [0.0, 0.0, 0.0, 1.0]], "antennas": [-0.30878025307557794, 0.5473024138677208], "body_yaw": -0.01379815718703255, "check_collision": false}, {"head": [[0.9941104851460737, 0.09499129468582837, 0.05216317912615949, -0.003734463561121556], [-0.08974376943356277, 0.9914145175448416, -0.09509632090246327, -0.0015601418383437522], [-0.06074865570935056, 0.0898549293875348, 0.9941004438658438, 0.007975984059024666], [0.0, 0.0, 0.0, 1.0]], "antennas": [-0.30878025307557794, 0.5473024138677208], "body_yaw": -0.01379815718703255, "check_collision": false}, {"head": [[0.9938155889525676, 0.09634135045126295, 0.05521702045645138, -0.003670666314600229], [-0.090948548241288, 0.9915013575816278, -0.09302375764605046, -0.001917028986475145], [-0.06370978517985555, 0.08742655264286679, 0.9941316115914033, 0.007157866636014476], [0.0, 0.0, 0.0, 1.0]], "antennas": [-0.30878025307557794, 0.5473024138677208], "body_yaw": -0.01379815718703255, "check_collision": false}, {"head": [[0.9935484868925035, 0.09773689645467291, 0.0575230672428456, -0.0036790904321734545], [-0.09221206845425121, 0.991487260935396, -0.09192358693074487, -0.0018036857566515862], [-0.06601771447880393, 0.08602621969047733, 0.99410318926194, 0.0063199767736654144], [0.0, 0.0, 0.0, 1.0]], "antennas": [-0.30878025307557794, 0.5473024138677208], "body_yaw": -0.01379815718703255, "check_collision": false}, {"head": [[0.9934347461100206, 0.09829970138922349, 0.058519859262549954, -0.003639846590592395], [-0.09269063116798605, 0.9914466574732799, -0.09188020613136165, -0.0020353616234426823], [-0.06705111568795505, 0.08585274655973814, 0.9940490198139879, 0.005607109989116232], [0.0, 0.0, 0.0, 1.0]], "antennas": [-0.30878025307557794, 0.5473024138677208], "body_yaw": -0.01379815718703255, "check_collision": false}, {"head": [[0.9933900651272695, 0.09760030146430408, 0.0604182063662604, -0.00354954308553671], [-0.0918338567837015, 0.9915327910494978, -0.09181103976005998, -0.0020679215538943994], [-0.06886741794687577, 0.08565573785608104, 0.993941835983203, 0.004664932995238624], [0.0, 0.0, 0.0, 1.0]], "antennas": [-0.30878025307557794, 0.5473024138677208], "body_yaw": -0.01379815718703255, "check_collision": false}, {"head": [[0.9934292668017758, 0.09637904758119492, 0.06172010247098045, -0.00341589543194952], [-0.09042475806208194, 0.9915591541923051, -0.09291828058490317, -0.0022456025731564227], [-0.07015450798844297, 0.08672671402043672, 0.9937589355996338, 0.0039039913875111854], [0.0, 0.0, 0.0, 1.0]], "antennas": [-0.30878025307557794, 0.5473024138677208], "body_yaw": -0.01379815718703255, "check_collision": false}, {"head": [[0.9934649482860991, 0.0946551388079115, 0.06377931658581512, -0.0027785545081495857], [-0.08842255576028778, 0.9916069074442799, -0.09432493170742375, -0.003529120622843273], [-0.07217235038238276, 0.08806898322364327, 0.9934963543135105, 0.0032430675476172177], [0.0, 0.0, 0.0, 1.0]], "antennas": [-0.30878025307557794, 0.5473024138677208], "body_yaw": -0.01379815718703255, "check_collision": false}, {"head": [[0.9932894554872944, 0.09532078268224771, 0.0654981374284605, -0.0025768231502260232], [-0.08885934122961918, 0.9914706078926778, -0.09534175979685772, -0.0038399222734046452], [-0.07402752929817324, 0.08888184333016116, 0.9932874422000112, 0.0026030260809608583], [0.0, 0.0, 0.0, 1.0]], "antennas": [-0.30878025307557794, 0.5473024138677208], "body_yaw": -0.01379815718703255, "check_collision": false}, {"head": [[0.9930503722666221, 0.09667845962030958, 0.06711358719787822, -0.0025605611568183684], [-0.09013160412736934, 0.9914325039268893, -0.09454038340669783, -0.004133635687710514], [-0.07567861044278107, 0.08783430766336363, 0.9932562017519684, 0.002019406118819956], [0.0, 0.0, 0.0, 1.0]], "antennas": [-0.30878025307557794, 0.5473024138677208], "body_yaw": -0.01379815718703255, "check_collision": false}, {"head": [[0.9927963660278807, 0.09829889175329373, 0.06850331000695356, -0.0024378153698591046], [-0.0917913959710828, 0.991479956301285, -0.09242205298781211, -0.004465345009523726], [-0.07700464419445383, 0.08546826389295797, 0.9933606901018429, 0.0017409617810627562], [0.0, 0.0, 0.0, 1.0]], "antennas": [-0.30878025307557794, 0.5473024138677208], "body_yaw": -0.01379815718703255, "check_collision": false}, {"head": [[0.9927209014616122, 0.0987693504641579, 0.06891899019960014, -0.002627760677726918], [-0.09227311544603482, 0.9914919535332439, -0.0918116454743869, -0.004570604585916646], [-0.07740080081709076, 0.08478396952089547, 0.9933885415813658, 0.0013880808387090613], [0.0, 0.0, 0.0, 1.0]], "antennas": [-0.30878025307557794, 0.5473024138677208], "body_yaw": -0.01379815718703255, "check_collision": false}, {"head": [[0.9928585426721053, 0.09857937875017646, 0.06718645941150019, -0.0026375673681435924], [-0.09216937351134417, 0.9914261236876896, -0.09262314967722124, -0.004796835067846429], [-0.07574114357170898, 0.08576915153382281, 0.9934318959121549, 0.001498007539050051], [0.0, 0.0, 0.0, 1.0]], "antennas": [-0.30878025307557794, 0.5473024138677208], "body_yaw": -0.01379815718703255, "check_collision": false}, {"head": [[0.9930696643638904, 0.09819018383362867, 0.06458583063573481, -0.0027303556920568513], [-0.0919038291449313, 0.9913211356115222, -0.09400049084116878, -0.004877001608145113], [-0.07325522444637578, 0.08741335074575042, 0.9934750012973206, 0.0014458109973948816], [0.0, 0.0, 0.0, 1.0]], "antennas": [-0.30878025307557794, 0.5473024138677208], "body_yaw": -0.01379815718703255, "check_collision": false}, {"head": [[0.9935071380084385, 0.09631981848570982, 0.06054799165258153, -0.0028260112657676924], [-0.09018233565231505, 0.9911884250591302, -0.09701882479753021, -0.0049581452782745394], [-0.06935930408081066, 0.0909285356512497, 0.9934391216082367, 0.0019697875472291524], [0.0, 0.0, 0.0, 1.0]], "antennas": [-0.30878025307557794, 0.5473024138677208], "body_yaw": -0.01379815718703255, "check_collision": false}, {"head": [[0.9939801975548351, 0.09373904344712383, 0.05671294916039269, -0.002819845882218803], [-0.08774157031444532, 0.991078927756666, -0.1003193689944902, -0.004810493030824023], [-0.06561085053256285, 0.09473938299522361, 0.9933376392758296, 0.0024272723174611497], [0.0, 0.0, 0.0, 1.0]], "antennas": [-0.30878025307557794, 0.5473024138677208], "body_yaw": -0.01379815718703255, "check_collision": false}, {"head": [[0.9945367094949737, 0.0908277976173596, 0.051449437770401056, -0.0029058312204571293], [-0.08502112331498335, 0.9907682191458171, -0.10559235067411257, -0.004737369026470303], [-0.06056518849280335, 0.10064117999410746, 0.9930776459231297, 0.003289624745099141], [0.0, 0.0, 0.0, 1.0]], "antennas": [-0.30878025307557794, 0.5473024138677208], "body_yaw": -0.01379815718703255, "check_collision": false}, {"head": [[0.9949219300076968, 0.08895280355978075, 0.04709301358603759, -0.0033441290311624766], [-0.08334108130342524, 0.9904244410646894, -0.110062212901947, -0.004333354609084702], [-0.05643241406262476, 0.10557852660722587, 0.9928084192645185, 0.004076522230323676], [0.0, 0.0, 0.0, 1.0]], "antennas": [-0.30878025307557794, 0.5473024138677208], "body_yaw": -0.01379815718703255, "check_collision": false}, {"head": [[0.9951066283127934, 0.08724034240770147, 0.04638880193032537, -0.0035853821572782336], [-0.08144635427372383, 0.9900471403967276, -0.11477434891029216, -0.004197589576275358], [-0.05594005419610371, 0.11043451656456608, 0.992307879585609, 0.00515562331095587], [0.0, 0.0, 0.0, 1.0]], "antennas": [-0.30878025307557794, 0.5473024138677208], "body_yaw": -0.01379815718703255, "check_collision": false}, {"head": [[0.9951977685214732, 0.08636075410892562, 0.04607842965659203, -0.00408231181279946], [-0.08045308285206355, 0.9898092834266293, -0.1174941866734737, -0.0035514554219561144], [-0.055755744004351786, 0.11322280067283166, 0.9920039790335122, 0.006125035165204962], [0.0, 0.0, 0.0, 1.0]], "antennas": [-0.30878025307557794, 0.5473024138677208], "body_yaw": -0.01379815718703255, "check_collision": false}, {"head": [[0.9951004319646671, 0.0867495738399601, 0.047430388384644376, -0.004336625211748505], [-0.08063990349415845, 0.9896979484115065, -0.11830121248114094, -0.003361808932325196], [-0.05720433784413302, 0.11389680569989903, 0.9918443332414486, 0.007268326923830171], [0.0, 0.0, 0.0, 1.0]], "antennas": [-0.30878025307557794, 0.5473024138677208], "body_yaw": -0.01379815718703255, "check_collision": false}, {"head": [[0.9950429894969245, 0.08735230230355877, 0.04752919455756806, -0.004704112988384246], [-0.08115890388309326, 0.9895119661476937, -0.11949602993832217, -0.0029328804068228034], [-0.05746896008732286, 0.11504626953010358, 0.9916963620452021, 0.008493082867720936], [0.0, 0.0, 0.0, 1.0]], "antennas": [-0.30878025307557794, 0.5473024138677208], "body_yaw": -0.01379815718703255, "check_collision": false}, {"head": [[0.9952925351221629, 0.08570590864321129, 0.04524673196750885, -0.004775725781943238], [-0.0796808988587819, 0.9894031887882261, -0.12137662201901316, -0.0027740234882797825], [-0.05516995456908255, 0.11719994556027465, 0.9915747318651852, 0.009460891899391477], [0.0, 0.0, 0.0, 1.0]], "antennas": [-0.30878025307557794, 0.5473024138677208], "body_yaw": -0.01379815718703255, "check_collision": false}, {"head": [[0.9958652886179961, 0.08158204973829246, 0.039958679736625265, -0.0048628897566981915], [-0.07615252211370242, 0.9895516881400483, -0.1224265080564763, -0.002358275710062422], [-0.04952898445877398, 0.11887735553787847, 0.991672856358791, 0.010000928899383754], [0.0, 0.0, 0.0, 1.0]], "antennas": [-0.30878025307557794, 0.5473024138677208], "body_yaw": -0.01379815718703255, "check_collision": false}, {"head": [[0.9963998808269952, 0.07748106146741579, 0.03440875763279874, -0.004803782247109164], [-0.07272040797803186, 0.9897524797686735, -0.12288926338484725, -0.0022818586689100076], [-0.04357774376282862, 0.11994462849850467, 0.9918237072902106, 0.010731039816198329], [0.0, 0.0, 0.0, 1.0]], "antennas": [-0.30878025307557794, 0.5473024138677208], "body_yaw": -0.01379815718703255, "check_collision": false}, {"head": [[0.9967702898040748, 0.0749573913599988, 0.02881629477231128, -0.004849848042760451], [-0.07093451237491206, 0.9900366410571264, -0.12163775860503216, -0.0019309199880166196], [-0.03764683676000155, 0.11920083407773037, 0.9921561756281816, 0.011325117165845666], [0.0, 0.0, 0.0, 1.0]], "antennas": [-0.30878025307557794, 0.5473024138677208], "body_yaw": -0.01379815718703255, "check_collision": false}, {"head": [[0.9970980170600477, 0.07241208011464093, 0.023495425690777776, -0.0047978538660905295], [-0.06908176930482507, 0.9903154946971885, -0.12042811180275595, -0.0018987192993198338], [-0.03198833419599973, 0.11845552589952477, 0.9924439706397694, 0.011890967532056373], [0.0, 0.0, 0.0, 1.0]], "antennas": [-0.30878025307557794, 0.5473024138677208], "body_yaw": -0.01379815718703255, "check_collision": false}, {"head": [[0.9972186434579292, 0.07179772114523914, 0.020001609392187734, -0.004923913629564971], [-0.06889709729793292, 0.990374467828669, -0.1200483380018215, -0.0014557325426226208], [-0.02842828035330903, 0.11833638794314662, 0.9925665379029874, 0.01229441845444923], [0.0, 0.0, 0.0, 1.0]], "antennas": [-0.30878025307557794, 0.5473024138677208], "body_yaw": -0.01379815718703255, "check_collision": false}, {"head": [[0.9972720075929216, 0.07188987583608876, 0.0167448088629261, -0.004860235746220953], [-0.06939534920030362, 0.9904386276156864, -0.11922923482151529, -0.0013688689675103033], [-0.025156080397234104, 0.11774196651588531, 0.9927255415974853, 0.012617235599825971], [0.0, 0.0, 0.0, 1.0]], "antennas": [-0.30878025307557794, 0.5473024138677208], "body_yaw": -0.01379815718703255, "check_collision": false}, {"head": [[0.9972297819948507, 0.07277090218165837, 0.015399925265085657, -0.0049470056215508255], [-0.07045387063319637, 0.9904888341383893, -0.11818680789316266, -0.0010355291459205242], [-0.023854014657988802, 0.11677442032757865, 0.9928719558643273, 0.012772521044463747], [0.0, 0.0, 0.0, 1.0]], "antennas": [-0.30878025307557794, 0.5473024138677208], "body_yaw": -0.01379815718703255, "check_collision": false}, {"head": [[0.9971400837218748, 0.07387653242894958, 0.015934597309208064, -0.004870946447800944], [-0.07151368758271458, 0.9905290219015477, -0.11720942478779177, -0.0009162790502656604], [-0.024442706958398723, 0.11573467383216442, 0.9929793750876743, 0.012822826311509716], [0.0, 0.0, 0.0, 1.0]], "antennas": [-0.30878025307557794, 0.5473024138677208], "body_yaw": -0.01379815718703255, "check_collision": false}, {"head": [[0.9971955165130741, 0.0726557398422665, 0.017951192556364737, -0.004199624266712648], [-0.07008449179735843, 0.9907065688064723, -0.11657040161727193, -0.002252919452932164], [-0.02625387315671343, 0.11498538164340265, 0.9930201891968722, 0.013218672289129374], [0.0, 0.0, 0.0, 1.0]], "antennas": [-0.30878025307557794, 0.5473024138677208], "body_yaw": -0.01379815718703255, "check_collision": false}, {"head": [[0.9971845670558948, 0.07244460660911096, 0.019357639287863673, -0.004044940674534287], [-0.06970770146316423, 0.9907107662130215, -0.11676049874135756, -0.0022160855941415992], [-0.02763649004975595, 0.11508239084612094, 0.9929714334938697, 0.013061271074355507], [0.0, 0.0, 0.0, 1.0]], "antennas": [-0.30878025307557794, 0.5473024138677208], "body_yaw": -0.01379815718703255, "check_collision": false}, {"head": [[0.9972614725139762, 0.07106807822377284, 0.02046664840260104, -0.003800027914256353], [-0.06817983407800887, 0.9906832243663461, -0.11789087829088031, -0.0032793929273565586], [-0.028654243391706684, 0.11617261818810697, 0.992815620908016, 0.013524103283445554], [0.0, 0.0, 0.0, 1.0]], "antennas": [-0.30878025307557794, 0.5473024138677208], "body_yaw": -0.01379815718703255, "check_collision": false}, {"head": [[0.997229341600173, 0.07092167804729495, 0.022444505667122784, -0.00369603403990055], [-0.06780926381957537, 0.9907266410756466, -0.11773965518555916, -0.003338062708400504], [-0.030586663628661616, 0.11589149341484466, 0.9927908227628538, 0.013246223083727138], [0.0, 0.0, 0.0, 1.0]], "antennas": [-0.30878025307557794, 0.5473024138677208], "body_yaw": -0.01379815718703255, "check_collision": false}, {"head": [[0.9971375403079429, 0.07154470008915918, 0.02445570685501245, -0.003699975632583072], [-0.06822366674462037, 0.9908009642937124, -0.11687164091673001, -0.0035092473191547548], [-0.03259228443274603, 0.11486864256098077, 0.9928458782467967, 0.013213126643911666], [0.0, 0.0, 0.0, 1.0]], "antennas": [-0.30878025307557794, 0.5473024138677208], "body_yaw": -0.01379815718703255, "check_collision": false}, {"head": [[0.9970162716472756, 0.07251157290822981, 0.026469338203672515, -0.0036218337253966035], [-0.06898004285878344, 0.9908393068767033, -0.11610005010892342, -0.003649640700340113], [-0.03464545796733425, 0.11392778301392774, 0.992884762950749, 0.012619125924051122], [0.0, 0.0, 0.0, 1.0]], "antennas": [-0.30878025307557794, 0.5473024138677208], "body_yaw": -0.01379815718703255, "check_collision": false}, {"head": [[0.9968400510127715, 0.07400740859788041, 0.02885855452862497, -0.0035587807879079933], [-0.07025904370794567, 0.9909503084107427, -0.11437286845182795, -0.0029152115183902405], [-0.037061833118455206, 0.11198388157802239, 0.9930186457426766, 0.011628434681375643], [0.0, 0.0, 0.0, 1.0]], "antennas": [-0.30878025307557794, 0.5473024138677208], "body_yaw": -0.01379815718703255, "check_collision": false}, {"head": [[0.9965384747317315, 0.07727151252359736, 0.03066238300702431, -0.0033245982967713026], [-0.07345624090258245, 0.9911632531881691, -0.1104517369800357, -0.00315764754143016], [-0.03892620006904976, 0.10781706210874394, 0.9934083913811195, 0.010570178978398181], [0.0, 0.0, 0.0, 1.0]], "antennas": [-0.30878025307557794, 0.5473024138677208], "body_yaw": -0.01379815718703255, "check_collision": false}, {"head": [[0.9962737166212395, 0.07944887377356179, 0.03356423730422971, -0.002894192744827972], [-0.07551421176726546, 0.9915390492511968, -0.1055836996472525, -0.0033306936234352756], [-0.04166875797129771, 0.10265568793859056, 0.9938438128513877, 0.0092627742188503], [0.0, 0.0, 0.0, 1.0]], "antennas": [-0.30878025307557794, 0.5473024138677208], "body_yaw": -0.01379815718703255, "check_collision": false}, {"head": [[0.9959882411592156, 0.0817623859604203, 0.03636393425678427, -0.0025978684842885465], [-0.07775622353572749, 0.9918922795191585, -0.1005170410017606, -0.00359196938969758], [-0.044287618744231906, 0.09728626867316326, 0.9942705812572444, 0.008213673797084098], [0.0, 0.0, 0.0, 1.0]], "antennas": [-0.30878025307557794, 0.5473024138677208], "body_yaw": -0.01379815718703255, "check_collision": false}, {"head": [[0.9957406581874935, 0.08301246018215447, 0.040118238830280095, -0.002406082222343068], [-0.07874247858968608, 0.9920352375288146, -0.09831434059536233, -0.00371954380430666], [-0.04796002187124192, 0.09473657665154626, 0.9943464272306989, 0.007210970238865688], [0.0, 0.0, 0.0, 1.0]], "antennas": [-0.30878025307557794, 0.5473024138677208], "body_yaw": -0.01379815718703255, "check_collision": false}, {"head": [[0.9956328740327893, 0.08189937055940792, 0.044807066933465776, -0.0022157275444279756], [-0.07720228192178251, 0.9921812218030017, -0.09806238202069029, -0.003909340279920701], [-0.0524879777785057, 0.09417492343227563, 0.9941710597202312, 0.006382762039644385], [0.0, 0.0, 0.0, 1.0]], "antennas": [-0.30878025307557794, 0.5473024138677208], "body_yaw": -0.01379815718703255, "check_collision": false}, {"head": [[0.9954774323704075, 0.08101961810959508, 0.04960345877654351, -0.002306581811759554], [-0.07587161647791958, 0.9922808713143512, -0.09809266148219117, -0.003717935695503936], [-0.05716799326763501, 0.09388553618639903, 0.9939403033586797, 0.005492081105401281], [0.0, 0.0, 0.0, 1.0]], "antennas": [-0.30878025307557794, 0.5472808422629127], "body_yaw": -0.01379815718703255, "check_collision": false}, {"head": [[0.995332461548821, 0.08005016212987225, 0.05390048729043115, -0.002202295887818416], [-0.07445148774154899, 0.9923087855591807, -0.09889514687351478, -0.003903279971342601], [-0.061402499625298174, 0.09442057850408059, 0.9936369998116616, 0.004763346883234321], [0.0, 0.0, 0.0, 1.0]], "antennas": [-0.30874430040096124, 0.4972325148127519], "body_yaw": -0.01379815718703255, "check_collision": false}, {"head": [[0.9950855773284749, 0.08096001247979633, 0.05701026374370604, -0.0021657661295843966], [-0.07506007393013707, 0.9922562201063145, -0.09896251291237275, -0.003959955812036828], [-0.06458079509001152, 0.0941969746839059, 0.9934567181643806, 0.0038683682923587037], [0.0, 0.0, 0.0, 1.0]], "antennas": [-0.2586985640519975, 0.4480983729899261], "body_yaw": -0.01379815718703255, "check_collision": false}, {"head": [[0.9947817762195001, 0.08202952621156476, 0.06066609045490197, -0.002074824285274073], [-0.07574592586680923, 0.9921522652321598, -0.09948083890515609, -0.004198913507702837], [-0.06835036515012906, 0.09436651643565099, 0.9931883950991593, 0.0031892783369672495], [0.0, 0.0, 0.0, 1.0]], "antennas": [-0.2095661300059696, 0.40295747934315174], "body_yaw": -0.01379815718703255, "check_collision": false}, {"head": [[0.9943530816212379, 0.08426709267717436, 0.0645058614552539, -0.0019818451334659808], [-0.07769635269374076, 0.9921130701330273, -0.09836123651779112, -0.0043865203339340225], [-0.07228572368343382, 0.09279392848110006, 0.9930579343566048, 0.0023774594974523286], [0.0, 0.0, 0.0, 1.0]], "antennas": [-0.16442608549986154, 0.3619929410024619], "body_yaw": -0.01379815718703255, "check_collision": false}, {"head": [[0.9939512609206862, 0.08700595485882531, 0.06701383986373281, -0.00187895061951787], [-0.08033722011961406, 0.9920865116785945, -0.09648981505242152, -0.004552465477268109], [-0.07487871511738602, 0.09052246773316491, 0.9930754557725548, 0.00184216406633242], [0.0, 0.0, 0.0, 1.0]], "antennas": [-0.12345643608861015, 0.3275470203109062], "body_yaw": -0.01379815718703255, "check_collision": false}, {"head": [[0.9937229238531786, 0.08878888558132146, 0.06805354073019981, -0.0019050645890007073], [-0.08223375194765763, 0.9921960320591602, -0.09372643173976783, -0.004544408033459946], [-0.07584431850376847, 0.08754180580320037, 0.993269385205954, 0.0013511337535780385], [0.0, 0.0, 0.0, 1.0]], "antennas": [-0.08901672569836674, 0.30021707358199673], "body_yaw": -0.01379815718703255, "check_collision": false}, {"head": [[0.993555216010173, 0.08981490451182123, 0.0691470582636076, -0.0018462303719309209], [-0.08338429697156555, 0.9923669700925467, -0.09085623637316322, -0.004685994937203314], [-0.0767795008940282, 0.08450490871464673, 0.9934605320019477, 0.0010394632523159095], [0.0, 0.0, 0.0, 1.0]], "antennas": [-0.06168821220737945, 0.2807658916487522], "body_yaw": -0.01379815718703255, "check_collision": false}, {"head": [[0.9934577357745318, 0.08964056901323911, 0.07075518084722401, -0.002005464264551629], [-0.0832364104819176, 0.9925663801713979, -0.0887900947377232, -0.004549789374743892], [-0.07818840834693067, 0.0823197992006228, 0.9935341078492186, 0.0007201151292033367], [0.0, 0.0, 0.0, 1.0]], "antennas": [-0.04223944094349512, 0.2698024826345027], "body_yaw": -0.01379815718703255, "check_collision": false}, {"head": [[0.9934392843223805, 0.08924428771727348, 0.07151115629657709, -0.002013101318159018], [-0.08294387502098761, 0.9927758013581264, -0.08669787675735315, -0.004617149430572187], [-0.07873183575619047, 0.08019766422762524, 0.9936647486405532, 0.0006585374019536525], [0.0, 0.0, 0.0, 1.0]], "antennas": [-0.03127844548424, 0.26855093869995955], "body_yaw": -0.01379815718703255, "check_collision": false}, {"head": [[0.9933748553639682, 0.08964198920399749, 0.07190765259807798, -0.0018328514377919623], [-0.0833115083986887, 0.992747383644522, -0.08667078420835778, -0.005265427687859094], [-0.07915547548306871, 0.08010584272390434, 0.9936384979772788, 0.0006295902595178102], [0.0, 0.0, 0.0, 1.0]], "antennas": [-0.03002971134331984, 0.2760297336158578], "body_yaw": -0.01379815718703255, "check_collision": false}, {"head": [[0.993285663893314, 0.09007327513401103, 0.07259748625573503, -0.0018333343535856927], [-0.08357462456299622, 0.9926023495560172, -0.08806734800724185, -0.005274698315712359], [-0.07999294989668224, 0.0814087265746564, 0.9934655239132961, 0.0007127255680368103], [0.0, 0.0, 0.0, 1.0]], "antennas": [-0.03751070205274226, 0.292567174778019], "body_yaw": -0.01379815718703255, "check_collision": false}, {"head": [[0.9932315767805777, 0.09072092885756974, 0.07253101373334904, -0.001883233040782379], [-0.08408188311766912, 0.9923977829237538, -0.08987144918940997, -0.005226291276177538], [-0.08013283857042709, 0.08316461696681972, 0.993308801263438, 0.0010932855073729217], [0.0, 0.0, 0.0, 1.0]], "antennas": [-0.05405188899007902, 0.3173269956215119], "body_yaw": -0.01379815718703255, "check_collision": false}, {"head": [[0.9932340714640516, 0.09090716115609862, 0.07226318103627978, -0.0019422270556418934], [-0.0840649245822157, 0.9921417826621055, -0.09267023012297781, -0.005131472244343247], [-0.08011970879833137, 0.08596843110467, 0.9930711259096562, 0.0016681363289340343], [0.0, 0.0, 0.0, 1.0]], "antennas": [-0.07882727109882808, 0.34932461268332193], "body_yaw": -0.01379815718703255, "check_collision": false}, {"head": [[0.9934834390407145, 0.09065984119143691, 0.06907567985172793, -0.002080338230557739], [-0.083824358936399, 0.9918315850934238, -0.09614355755831051, -0.00496509660001242], [-0.0772278006985614, 0.08972680762297218, 0.9929677571769656, 0.0024313306799170218], [0.0, 0.0, 0.0, 1.0]], "antennas": [-0.11081090398329863, 0.38811456266384114], "body_yaw": -0.01379815718703255, "check_collision": false}, {"head": [[0.9937947415495646, 0.08986732273877329, 0.06554293228258376, -0.0021772275923032797], [-0.08302885836273646, 0.991466924465105, -0.10049649929567975, -0.004762083056023797], [-0.07401500082695972, 0.09443093770301697, 0.9927761971648565, 0.0033954672848477982], [0.0, 0.0, 0.0, 1.0]], "antennas": [-0.14960224838149444, 0.4320297629362335], "body_yaw": -0.01379815718703255, "check_collision": false}, {"head": [[0.9943959621268588, 0.0868743002009499, 0.06024555145729786, -0.0022495135614712686], [-0.0802032854420718, 0.9911822757920469, -0.10547572782396995, -0.004450213678020386], [-0.06887745284268461, 0.10005274669040261, 0.992595257075919, 0.004557577498968568], [0.0, 0.0, 0.0, 1.0]], "antennas": [-0.19351851779781729, 0.47977952023517284], "body_yaw": -0.01379815718703255, "check_collision": false}, {"head": [[0.9950244918380331, 0.08342852160384347, 0.054460466629117625, -0.0023246882759925674], [-0.0770136528814994, 0.990852870285315, -0.11081284545214444, -0.00442410027062346], [-0.06320726154732641, 0.10606729576240716, 0.9923480089451171, 0.005701010944703544], [0.0, 0.0, 0.0, 1.0]], "antennas": [-0.24126898811586653, 0.5294016995865054], "body_yaw": -0.01379815718703255, "check_collision": false}, {"head": [[0.9955726408973335, 0.08019847466228502, 0.04902368160951908, -0.002410881053530633], [-0.0740986459767837, 0.9905259082901383, -0.11561927032464621, -0.004199661563858945], [-0.05783171587559847, 0.11147479386766844, 0.9920830927755219, 0.006726256753955495], [0.0, 0.0, 0.0, 1.0]], "antennas": [-0.2908914983882524, 0.5796908508174549], "body_yaw": -0.01379815718703255, "check_collision": false}, {"head": [[0.9960173285703154, 0.07756040327603077, 0.04397573229989645, -0.002484082973115035], [-0.07184415773437268, 0.9902548442573742, -0.11930532437507804, -0.003994953054750622], [-0.05280055101124665, 0.11567077102044185, 0.9918832464279481, 0.007660112794763363], [0.0, 0.0, 0.0, 1.0]], "antennas": [-0.3411794030128995, 0.6303569039283899], "body_yaw": -0.01379815718703255, "check_collision": false}, {"head": [[0.9962428874071246, 0.07625840259242743, 0.04104589290985018, -0.0026574361568448557], [-0.07084535613137173, 0.9902195970679007, -0.12019186785013296, -0.0034813689950815114], [-0.04981008738533532, 0.1168323825689435, 0.9919017842397148, 0.008341017728491273], [0.0, 0.0, 0.0, 1.0]], "antennas": [-0.39185991497014067, 0.676548513622717], "body_yaw": -0.01379815718703255, "check_collision": false}, {"head": [[0.9964611119289785, 0.07590291069053104, 0.03611094795167165, -0.0028063321098215632], [-0.0710298193433076, 0.9900966482822025, -0.12109249284908219, -0.0031307129310402517], [-0.04494460120326084, 0.11809900596132553, 0.9919841770984181, 0.009248618303482559], [0.0, 0.0, 0.0, 1.0]], "antennas": [-0.4380422876482407, 0.7188790328102295], "body_yaw": -0.01379815718703255, "check_collision": false}, {"head": [[0.9965759012695752, 0.07645013711362901, 0.0314936429147423, -0.0027992761410374403], [-0.07212902618538768, 0.9900433444022044, -0.12087836773569387, -0.002934032092924698], [-0.04042123934618572, 0.11819286247572357, 0.9921676121853168, 0.009839264543425374], [0.0, 0.0, 0.0, 1.0]], "antennas": [-0.4803710547084251, 0.7562410273379916], "body_yaw": -0.01379815718703255, "check_collision": fa