{"description": "Another dance you can do whenever you hear music playing.", "time": [0.0, 0.010040283203125, 0.020145893096923828, 0.030183792114257812, 0.040207862854003906, 0.05034184455871582, 0.06044793128967285, 0.07050776481628418, 0.08057475090026855, 0.09059739112854004, 0.10070991516113281, 0.11070775985717773, 0.12076258659362793, 0.13088655471801758, 0.14089345932006836, 0.15096402168273926, 0.16107559204101562, 0.1711137294769287, 0.18106937408447266, 0.1911451816558838, 0.2012012004852295, 0.2113170623779297, 0.22140288352966309, 0.2314155101776123, 0.241424560546875, 0.2515859603881836, 0.2616152763366699, 0.2716374397277832, 0.2817084789276123, 0.29178953170776367, 0.3018960952758789, 0.31194067001342773, 0.3220055103302002, 0.33214545249938965, 0.3421459197998047, 0.3521089553833008, 0.362288236618042, 0.3723001480102539, 0.3824334144592285, 0.39238739013671875, 0.40247011184692383, 0.41262340545654297, 0.4226200580596924, 0.4327247142791748, 0.4427762031555176, 0.4528207778930664, 0.4629025459289551, 0.47289347648620605, 0.4829444885253906, 0.4931209087371826, 0.5031020641326904, 0.5131576061248779, 0.5232133865356445, 0.5334599018096924, 0.5434470176696777, 0.5534250736236572, 0.5636985301971436, 0.5736675262451172, 0.5836544036865234, 0.5938148498535156, 0.6037821769714355, 0.6139135360717773, 0.6239147186279297, 0.6339371204376221, 0.6440179347991943, 0.654083251953125, 0.6646575927734375, 0.6741855144500732, 0.6842861175537109, 0.6944751739501953, 0.7044081687927246, 0.714414119720459, 0.7244460582733154, 0.7346172332763672, 0.7446293830871582, 0.7546517848968506, 0.7648823261260986, 0.7748243808746338, 0.784862756729126, 0.795041561126709, 0.8049395084381104, 0.815117359161377, 0.8250467777252197, 0.8351390361785889, 0.8452434539794922, 0.8552203178405762, 0.8653774261474609, 0.875380277633667, 0.8854224681854248, 0.8956384658813477, 0.9055807590484619, 0.9156498908996582, 0.9257144927978516, 0.9358053207397461, 0.9458377361297607, 0.9558932781219482, 0.9660077095031738, 0.9759805202484131, 0.9861359596252441, 0.9961376190185547, 1.006140947341919, 1.016230583190918, 1.0264711380004883, 1.036583423614502, 1.0464537143707275, 1.0565135478973389, 1.0666379928588867, 1.0766444206237793, 1.0866379737854004, 1.0967597961425781, 1.1067888736724854, 1.1169147491455078, 1.126971960067749, 1.136983871459961, 1.1470673084259033, 1.1572439670562744, 1.1672539710998535, 1.1772184371948242, 1.1873321533203125, 1.1977159976959229, 1.2074863910675049, 1.2174925804138184, 1.227588415145874, 1.2376384735107422, 1.2477312088012695, 1.257723093032837, 1.267838716506958, 1.2779772281646729, 1.287966251373291, 1.298158884048462, 1.3080658912658691, 1.3181641101837158, 1.3283190727233887, 1.3382349014282227, 1.3483595848083496, 1.3584249019622803, 1.3685336112976074, 1.3785560131072998, 1.3885655403137207, 1.3987536430358887, 1.4086947441101074, 1.418752908706665, 1.4289319515228271, 1.4388720989227295, 1.449141025543213, 1.4591834545135498, 1.4691267013549805, 1.479118824005127, 1.4892756938934326, 1.4993090629577637, 1.5092711448669434, 1.5193545818328857, 1.5294837951660156, 1.539614200592041, 1.5496149063110352, 1.559776782989502, 1.569814682006836, 1.5797672271728516, 1.590212345123291, 1.600400447845459, 1.61004638671875, 1.6200430393218994, 1.630075454711914, 1.6401093006134033, 1.6502387523651123, 1.6602253913879395, 1.6702334880828857, 1.6803569793701172, 1.6903719902038574, 1.7005579471588135, 1.7104737758636475, 1.7205607891082764, 1.7307755947113037, 1.7406916618347168, 1.7507472038269043, 1.7608883380889893, 1.7709290981292725, 1.7809481620788574, 1.7909483909606934, 1.8010549545288086, 1.811084270477295, 1.8212432861328125, 1.8312163352966309, 1.8412516117095947, 1.8514060974121094, 1.8614201545715332, 1.8714258670806885, 1.8815410137176514, 1.8916356563568115, 1.901801347732544, 1.9117276668548584, 1.9217729568481445, 1.9319689273834229, 1.941925048828125, 1.9519741535186768, 1.9620375633239746, 1.9720897674560547, 1.9821066856384277, 1.9921514987945557, 2.002228021621704, 2.012320041656494, 2.0223610401153564, 2.032378911972046, 2.0424301624298096, 2.052609920501709, 2.0628223419189453, 2.072683572769165, 2.082698106765747, 2.0928385257720947, 2.1028101444244385, 2.112889289855957, 2.123002052307129, 2.1331443786621094, 2.143038272857666, 2.1530961990356445, 2.1632742881774902, 2.173246383666992, 2.1832640171051025, 2.193371057510376, 2.2033886909484863, 2.213491201400757, 2.2235875129699707, 2.2336087226867676, 2.243703603744507, 2.253774404525757, 2.26381778717041, 2.2738053798675537, 2.2839012145996094, 2.29398775100708, 2.3040058612823486, 2.314145565032959, 2.3241891860961914, 2.3342881202697754, 2.344268321990967, 2.3543267250061035, 2.3644940853118896, 2.374495029449463, 2.3845372200012207, 2.3946444988250732, 2.4046268463134766, 2.4147253036499023, 2.4248085021972656, 2.434880018234253, 2.445173740386963, 2.4550633430480957, 2.4651076793670654, 2.4750754833221436, 2.4851791858673096, 2.495279312133789, 2.505275249481201, 2.5153801441192627, 2.525397539138794, 2.5356931686401367, 2.5456736087799072, 2.555875778198242, 2.565869092941284, 2.5759599208831787, 2.5858585834503174, 2.5959856510162354, 2.6059656143188477, 2.6160712242126465, 2.626234292984009, 2.636110305786133, 2.64620304107666, 2.6561899185180664, 2.666902780532837, 2.6766934394836426, 2.6867616176605225, 2.697021722793579, 2.70691180229187, 2.716935873031616, 2.727090358734131, 2.7370755672454834, 2.748512029647827, 2.7574539184570312, 2.7673892974853516, 2.7773630619049072, 2.787461042404175, 2.797597646713257, 2.807490587234497, 2.8176252841949463, 2.8276705741882324, 2.8377294540405273, 2.8478002548217773, 2.857818603515625, 2.8680405616760254, 2.877990961074829, 2.888014078140259, 2.8980915546417236, 2.9081156253814697, 2.9181642532348633, 2.9282824993133545, 2.938307046890259, 2.9483840465545654, 2.958409547805786, 2.968477725982666, 2.978588819503784, 2.9887032508850098, 2.9987916946411133, 3.0087826251983643, 3.0187878608703613, 3.0289299488067627, 3.038888931274414, 3.049001455307007, 3.0591390132904053, 3.0692691802978516, 3.0792293548583984, 3.0892326831817627, 3.0993566513061523, 3.109323263168335, 3.1194190979003906, 3.129552125930786, 3.1394782066345215, 3.149620532989502, 3.159776449203491, 3.1697521209716797, 3.1798031330108643, 3.189769744873047, 3.1999847888946533, 3.2100319862365723, 3.2199552059173584, 3.230058431625366, 3.2400639057159424, 3.25015926361084, 3.260241985321045, 3.2702996730804443, 3.2803730964660645, 3.2904317378997803, 3.3005199432373047, 3.3105087280273438, 3.320611000061035, 3.3307361602783203, 3.3407204151153564, 3.350818157196045, 3.3608896732330322, 3.3708553314208984, 3.3810229301452637, 3.391004800796509, 3.4011733531951904, 3.411137819290161, 3.4211995601654053, 3.4313089847564697, 3.441303253173828, 3.4513916969299316, 3.461442232131958, 3.471548557281494, 3.4816291332244873, 3.4916629791259766, 3.501703977584839, 3.5117552280426025, 3.5217556953430176, 3.5319690704345703, 3.5420188903808594, 3.552077293395996, 3.5621066093444824, 3.572192907333374, 3.5822255611419678, 3.592677116394043, 3.6027729511260986, 3.612605333328247, 3.6226401329040527, 3.632791042327881, 3.642727851867676, 3.6527929306030273, 3.663236141204834, 3.6729624271392822, 3.6830406188964844, 3.6933305263519287, 3.7033519744873047, 3.713331460952759, 3.7232604026794434, 3.733374834060669, 3.743410348892212, 3.753471612930298, 3.7636561393737793, 3.7735848426818848, 3.783620595932007, 3.7937004566192627, 3.803758382797241, 3.813859701156616, 3.823931932449341, 3.833954334259033, 3.8439767360687256, 3.8540377616882324, 3.8641421794891357, 3.874133348464966, 3.8842575550079346, 3.8943700790405273, 3.905484437942505, 3.914597272872925, 3.9245290756225586, 3.9347078800201416, 3.9446754455566406, 3.9546959400177, 3.964881181716919, 3.9748358726501465, 3.9849092960357666, 3.99497389793396, 4.004969835281372, 4.015106678009033, 4.025116443634033, 4.035231590270996, 4.0452659130096436, 4.0552990436553955, 4.065438985824585, 4.075510501861572, 4.0854246616363525, 4.095624923706055, 4.105663299560547, 4.115670442581177, 4.125821352005005, 4.135860443115234, 4.145825386047363, 4.155911684036255, 4.1660261154174805, 4.175995588302612, 4.186422824859619, 4.196476697921753, 4.206434488296509, 4.216427326202393, 4.226366281509399, 4.236414432525635, 4.24653959274292, 4.256552219390869, 4.266617298126221, 4.276633262634277, 4.286677360534668, 4.296923398971558, 4.306992053985596, 4.316938400268555, 4.327059507369995, 4.3371686935424805, 4.347108602523804, 4.357420444488525, 4.3676066398620605, 4.377318620681763, 4.387394666671753, 4.39746618270874, 4.407792329788208, 4.417774200439453, 4.427732229232788, 4.437659502029419, 4.447765350341797, 4.457822322845459, 4.467912912368774, 4.477898359298706, 4.487968683242798, 4.49817419052124, 4.508152723312378, 4.51814603805542, 4.528266906738281, 4.538529634475708, 4.548375606536865, 4.558626174926758, 4.5685200691223145, 4.578627347946167, 4.588676452636719, 4.5987443923950195, 4.608757257461548, 4.618862867355347, 4.628994941711426, 4.638919353485107, 4.64910364151001, 4.659044027328491, 4.669177770614624, 4.679220676422119, 4.689722061157227, 4.699413776397705, 4.709303617477417, 4.719416856765747, 4.72961163520813, 4.739521265029907, 4.749585866928101, 4.759763956069946, 4.769720077514648, 4.7798051834106445, 4.789842128753662, 4.799962043762207, 4.809993028640747, 4.819957971572876, 4.830111026763916, 4.840083122253418, 4.850189924240112, 4.860242605209351, 4.870309352874756, 4.880315780639648, 4.890362739562988, 4.9005022048950195, 4.910867691040039, 4.920691013336182, 4.9307332038879395, 4.940765857696533, 4.950792551040649, 4.960937261581421, 4.9708802700042725, 4.98099422454834, 4.991101980209351, 5.001121520996094, 5.011425256729126, 5.021329641342163, 5.031285047531128, 5.041406154632568, 5.0513951778411865, 5.061497211456299, 5.071599006652832, 5.0815863609313965, 5.091665267944336, 5.101711988449097, 5.111754417419434, 5.121801376342773, 5.131930351257324, 5.141937732696533, 5.151958227157593, 5.162174224853516, 5.172039270401001, 5.182170152664185, 5.192215919494629, 5.202297925949097, 5.212413311004639, 5.222395181655884, 5.232540130615234, 5.242524862289429, 5.252537965774536, 5.2632365226745605, 5.272747278213501, 5.282829999923706, 5.292956113815308, 5.302914142608643, 5.3129706382751465, 5.3229265213012695, 5.333056688308716, 5.343147277832031, 5.353176832199097, 5.363273859024048, 5.373232126235962, 5.383375644683838, 5.3934502601623535, 5.403432130813599, 5.413512945175171, 5.423535108566284, 5.433721303939819, 5.443734645843506, 5.453723907470703, 5.463900327682495, 5.473944187164307, 5.483965635299683, 5.494134902954102, 5.50404167175293, 5.514104127883911, 5.524261951446533, 5.534321308135986, 5.544392347335815, 5.554374933242798, 5.564533948898315, 5.574604272842407, 5.584633827209473, 5.5947065353393555, 5.604702949523926, 5.61479115486145, 5.624925851821899, 5.634922981262207, 5.644951343536377, 5.654937744140625, 5.665069818496704, 5.675068616867065, 5.68512487411499, 5.695242881774902, 5.705277442932129, 5.715372562408447, 5.725399494171143, 5.735511541366577, 5.74551796913147, 5.75559401512146, 5.765732765197754, 5.775702714920044, 5.785774230957031, 5.795867443084717, 5.805913925170898, 5.816001892089844, 5.826013088226318, 5.8361053466796875, 5.846196413040161, 5.85616660118103, 5.866263151168823, 5.876261472702026, 5.886423349380493, 5.896557092666626, 5.906536817550659, 5.916594505310059, 5.926764488220215, 5.936718225479126, 5.946737051010132, 5.956689357757568, 5.966870307922363, 5.976813316345215, 5.986998796463013, 5.997078895568848, 6.006980895996094, 6.017035722732544, 6.027149438858032, 6.037149906158447, 6.047266244888306, 6.057317495346069, 6.067403078079224, 6.07750940322876, 6.087515115737915, 6.097680330276489, 6.107701063156128, 6.117682218551636, 6.127774238586426, 6.1378014087677, 6.1479034423828125, 6.1580588817596436, 6.168063163757324, 6.17801308631897, 6.188100099563599, 6.198172569274902, 6.208254098892212, 6.218309164047241, 6.228365182876587, 6.238418102264404, 6.248531818389893, 6.258514165878296, 6.268655300140381, 6.278633117675781, 6.288730621337891, 6.298827886581421, 6.30883002281189, 6.318976640701294, 6.3290417194366455, 6.339080810546875, 6.349097490310669, 6.359201431274414, 6.3692333698272705, 6.379248857498169, 6.389284372329712, 6.3999457359313965, 6.409544229507446, 6.419579267501831, 6.42963171005249, 6.439648389816284, 6.4498584270477295, 6.459836483001709, 6.469849109649658, 6.479928016662598, 6.489977598190308, 6.50008749961853, 6.510117292404175, 6.520090341567993, 6.530221462249756, 6.540312767028809, 6.55038046836853, 6.5604612827301025, 6.570450067520142, 6.581038951873779, 6.590954542160034, 6.6011643409729, 6.611153841018677, 6.6211934089660645, 6.631229400634766, 6.641451120376587, 6.651500463485718, 6.661343097686768, 6.671462297439575, 6.681634426116943, 6.691604137420654, 6.701735973358154, 6.711729049682617, 6.721765518188477, 6.731853008270264, 6.741836071014404, 6.751966714859009, 6.762012720108032, 6.77201247215271, 6.782125234603882, 6.792179346084595, 6.802264213562012, 6.812260389328003, 6.8223466873168945, 6.832452774047852, 6.842456340789795, 6.8525168895721436, 6.862621545791626, 6.872636795043945, 6.882742643356323, 6.892975807189941, 6.902859449386597, 6.912926912307739, 6.9229607582092285, 6.93311619758606, 6.943132638931274, 6.953148126602173, 6.963557004928589, 6.973363161087036, 6.983391523361206, 6.993418216705322, 7.003454923629761, 7.013557195663452, 7.023577451705933, 7.033715009689331, 7.043793678283691, 7.05382776260376, 7.06389045715332, 7.073965549468994, 7.084083080291748, 7.094009160995483, 7.104090690612793, 7.114100933074951, 7.12415075302124, 7.1343302726745605, 7.144273281097412, 7.154328107833862, 7.164602041244507, 7.1744468212127686, 7.18459939956665, 7.194636344909668, 7.204655885696411, 7.214860200881958, 7.224876403808594, 7.234846115112305, 7.244930982589722, 7.255136728286743, 7.265095233917236, 7.275047779083252, 7.285106420516968, 7.295192718505859, 7.305230140686035, 7.315348386764526, 7.325425624847412, 7.33546257019043, 7.345488786697388, 7.355509042739868, 7.365786790847778, 7.375879287719727, 7.385753631591797, 7.395782470703125, 7.405793190002441, 7.4159324169158936, 7.425967454910278, 7.43604850769043, 7.4460389614105225, 7.456114053726196, 7.466244459152222, 7.476186037063599, 7.4862377643585205, 7.49638032913208, 7.506427526473999, 7.51649022102356, 7.526540279388428, 7.536741733551025, 7.546812534332275, 7.556836128234863, 7.566827297210693, 7.57694411277771, 7.58695912361145, 7.597038507461548, 7.60723352432251, 7.617190599441528, 7.627298593521118, 7.6372151374816895, 7.647288799285889, 7.657299757003784, 7.667417287826538, 7.6774280071258545, 7.687488555908203, 7.697585582733154, 7.70760703086853, 7.717777967453003, 7.727802753448486, 7.737772464752197, 7.747840642929077, 7.757946491241455, 7.768033504486084, 7.778051376342773, 7.788113594055176, 7.798228979110718, 7.808227062225342, 7.8183019161224365, 7.828431606292725, 7.838391304016113, 7.8485047817230225, 7.858548641204834, 7.8686981201171875, 7.878751277923584, 7.88869833946228, 7.898841381072998, 7.9088335037231445, 7.918947458267212, 7.9290454387664795, 7.939025402069092, 7.949105978012085, 7.959164142608643, 7.969192266464233, 7.979264259338379, 7.989384651184082, 7.99948263168335, 8.00943922996521, 8.019529581069946, 8.029602289199829, 8.039642333984375, 8.049699068069458, 8.05978775024414, 8.069862604141235, 8.08000135421753, 8.089979887008667, 8.100065231323242, 8.110055446624756, 8.12014627456665, 8.13023328781128, 8.14048457145691, 8.150684595108032, 8.160725116729736, 8.170764923095703, 8.180785179138184, 8.190901279449463, 8.200984239578247, 8.210968971252441, 8.220948457717896, 8.230987310409546, 8.240962505340576, 8.251067161560059, 8.261085510253906, 8.271219730377197, 8.28124189376831, 8.291256189346313, 8.30134129524231, 8.31142258644104, 8.321489334106445, 8.331591606140137, 8.341777563095093, 8.351607084274292, 8.361800909042358, 8.37177562713623, 8.381820917129517, 8.391918897628784, 8.4019296169281, 8.412036657333374, 8.422085285186768, 8.43228268623352, 8.442158460617065, 8.452272176742554, 8.462403059005737, 8.472343444824219, 8.482430219650269, 8.492488384246826, 8.502554178237915, 8.512619495391846, 8.522682666778564, 8.532927751541138, 8.542887449264526, 8.55286169052124, 8.56306767463684, 8.573112964630127, 8.58304500579834, 8.59307074546814, 8.603111267089844, 8.613142728805542, 8.623220443725586, 8.633421897888184, 8.643417119979858, 8.65346384048462, 8.663565874099731, 8.67352557182312, 8.683849096298218, 8.693917512893677, 8.703815937042236, 8.713855028152466, 8.724062204360962, 8.734034299850464, 8.744014739990234, 8.754058361053467, 8.76412057876587, 8.77411437034607, 8.784263849258423, 8.794371128082275, 8.804341793060303, 8.81445860862732, 8.824497699737549, 8.834531784057617, 8.844639778137207, 8.854671239852905, 8.864767789840698, 8.874789237976074, 8.884820938110352, 8.894997119903564, 8.904968738555908, 8.914991855621338, 8.925076484680176, 8.935283899307251, 8.945241212844849, 8.955193758010864, 8.96532917022705, 8.975323915481567, 8.985489130020142, 8.99554991722107, 9.005504131317139, 9.01571273803711, 9.02575945854187, 9.035706996917725, 9.045818567276001, 9.05583667755127, 9.06592583656311, 9.07603645324707, 9.086015462875366, 9.096170902252197, 9.106067657470703, 9.116163492202759, 9.126324653625488, 9.136284589767456, 9.146326541900635, 9.156455993652344, 9.166585206985474, 9.176546335220337, 9.186664581298828, 9.196738004684448, 9.206736326217651, 9.216826677322388, 9.226943016052246, 9.23691439628601, 9.246975421905518, 9.256943225860596, 9.267093658447266, 9.27711796760559, 9.287157535552979, 9.297255992889404, 9.307243824005127, 9.317362070083618, 9.327641010284424, 9.337462186813354, 9.347543954849243, 9.357589960098267, 9.367696285247803, 9.377846479415894, 9.38802456855774, 9.397889375686646, 9.407891988754272, 9.418022871017456, 9.428069353103638, 9.438129663467407, 9.448215246200562, 9.458247423171997, 9.468351125717163, 9.478331804275513, 9.488404750823975, 9.498522996902466, 9.50850534439087, 9.518657207489014, 9.528730869293213, 9.538795948028564, 9.548997402191162, 9.558902978897095, 9.569000720977783, 9.579123258590698, 9.589102029800415, 9.599447011947632, 9.60959768295288, 9.619812250137329, 9.629823446273804, 9.63978886604309, 9.649864435195923, 9.659935712814331, 9.670008182525635, 9.680042266845703, 9.69000792503357, 9.700177431106567, 9.71016240119934, 9.720220804214478, 9.730346441268921, 9.740318536758423, 9.750425338745117, 9.76050090789795, 9.770559787750244, 9.780639171600342, 9.790658473968506, 9.800812244415283, 9.810822248458862, 9.82089114189148, 9.830977439880371, 9.840929508209229, 9.85103464126587, 9.861075639724731, 9.871150493621826, 9.88123869895935, 9.89125657081604, 9.901358842849731, 9.911360740661621, 9.921447277069092, 9.931547403335571, 9.941681385040283, 9.951686382293701, 9.96181607246399, 9.971758604049683, 9.981900930404663, 9.991916418075562, 10.002010583877563, 10.012039422988892, 10.022072792053223, 10.032193422317505, 10.042150497436523, 10.052220344543457, 10.062308073043823, 10.07239580154419, 10.082702875137329, 10.092534065246582, 10.102629661560059, 10.112672567367554, 10.122706413269043, 10.132843494415283, 10.142827272415161, 10.152865171432495, 10.163094997406006, 10.173029661178589, 10.183132648468018, 10.19310736656189, 10.20334243774414, 10.213226079940796, 10.223271131515503, 10.233428001403809, 10.24342155456543, 10.25343918800354, 10.263578414916992, 10.273561000823975, 10.283679246902466, 10.293744564056396, 10.303788900375366, 10.313830614089966, 10.32387399673462, 10.334086894989014, 10.343991041183472, 10.35401439666748, 10.364206075668335, 10.374222040176392, 10.38419246673584, 10.394280195236206, 10.40429139137268, 10.414433717727661, 10.424681901931763, 10.43459939956665, 10.444636344909668, 10.454702377319336, 10.464986801147461, 10.47496747970581, 10.48505163192749, 10.495172023773193, 10.504962921142578, 10.5150887966156, 10.525171041488647, 10.535351037979126, 10.545257329940796, 10.555317401885986, 10.565516710281372, 10.575453996658325, 10.585506439208984, 10.595563888549805, 10.605616569519043, 10.615781307220459, 10.625837802886963, 10.635805130004883, 10.645854473114014, 10.65592360496521, 10.66650915145874, 10.676421165466309, 10.68626618385315, 10.696515560150146, 10.706271648406982, 10.716267585754395, 10.726409673690796, 10.736394882202148, 10.746418714523315, 10.756467819213867, 10.766628503799438, 10.776631355285645, 10.786722421646118, 10.79678726196289, 10.806772947311401, 10.816893577575684, 10.827008247375488, 10.837069988250732, 10.84705376625061, 10.85707950592041, 10.867237329483032, 10.877197504043579, 10.88725233078003, 10.897480964660645, 10.907469749450684, 10.917488813400269, 10.927682161331177, 10.937735080718994, 10.947749137878418, 10.957693576812744, 10.967921733856201, 10.977882146835327, 10.98800253868103, 10.998019218444824, 11.00800108909607, 11.018102407455444, 11.028255224227905, 11.038194179534912, 11.048312187194824, 11.058324098587036, 11.068410396575928, 11.078614950180054, 11.08880090713501, 11.098757028579712, 11.108670234680176, 11.118876218795776, 11.128903150558472, 11.138843536376953, 11.14890718460083, 11.159129619598389, 11.16901159286499, 11.179088592529297, 11.189072608947754, 11.199206590652466, 11.20918083190918, 11.219241380691528, 11.229475259780884, 11.239429235458374, 11.249474287033081, 11.259551763534546, 11.26962399482727, 11.279663324356079, 11.289702892303467, 11.299834489822388, 11.309844493865967, 11.319897890090942, 11.330057621002197, 11.340051651000977, 11.350078582763672, 11.360203981399536, 11.370151996612549, 11.380248308181763, 11.390285015106201, 11.400457620620728, 11.410475492477417, 11.420469999313354, 11.430695056915283, 11.4406259059906, 11.450742483139038, 11.460763692855835, 11.470807552337646, 11.481369256973267, 11.491771697998047, 11.501142978668213, 11.511133670806885, 11.521063566207886, 11.531352758407593, 11.541513919830322, 11.551343202590942, 11.561424255371094, 11.571431398391724, 11.581541299819946, 11.592018127441406, 11.602276802062988, 11.61219596862793, 11.621857404708862, 11.631972312927246, 11.641887187957764, 11.651995182037354, 11.662047386169434, 11.672046899795532, 11.682146549224854, 11.692211151123047, 11.702524423599243, 11.712318897247314, 11.72238564491272, 11.732602834701538, 11.742488861083984, 11.75251841545105, 11.76266360282898, 11.77270770072937, 11.782731533050537, 11.792821168899536, 11.802850484848022, 11.812890768051147, 11.822961568832397, 11.833136558532715, 11.84317922592163, 11.853155136108398, 11.86319899559021, 11.873229026794434, 11.883342027664185, 11.893492937088013, 11.903470754623413, 11.913564205169678, 11.923598766326904, 11.933749437332153, 11.94375491142273, 11.953773975372314, 11.963972568511963, 11.973915338516235, 11.984010934829712, 11.994014978408813, 12.004037380218506, 12.014198303222656, 12.02452039718628, 12.034257173538208, 12.04434609413147, 12.054481983184814, 12.064408540725708, 12.074462175369263, 12.084650754928589, 12.09476113319397, 12.104722499847412, 12.114757299423218, 12.124804019927979, 12.134986400604248, 12.144958734512329, 12.15496826171875, 12.16511869430542, 12.175052165985107, 12.18525218963623, 12.195227861404419, 12.205298900604248, 12.215626001358032, 12.225709676742554, 12.235670328140259, 12.245763540267944, 12.255789995193481, 12.265891551971436, 12.275929927825928, 12.285826444625854, 12.29592514038086, 12.306206941604614, 12.316186428070068, 12.326506853103638, 12.336290121078491, 12.346365213394165, 12.356352806091309, 12.366477489471436, 12.376718282699585, 12.386520385742188, 12.396559238433838, 12.406522989273071, 12.416740655899048, 12.426836729049683, 12.436780214309692, 12.446826457977295, 12.456821203231812, 12.466931581497192, 12.476973056793213, 12.486967086791992, 12.497084379196167, 12.507062673568726, 12.517305850982666, 12.527270317077637, 12.537322998046875, 12.54756498336792, 12.557578563690186, 12.567609548568726, 12.577704191207886, 12.587943077087402, 12.597764015197754, 12.607813358306885, 12.617854833602905, 12.627946376800537, 12.637934923171997, 12.647984027862549, 12.658096313476562, 12.668211460113525, 12.678576707839966, 12.688313484191895, 12.698432683944702, 12.708422422409058, 12.718477725982666, 12.728550672531128, 12.738558769226074, 12.74865436553955, 12.758684158325195, 12.768807411193848, 12.778779745101929, 12.788878202438354, 12.799000263214111, 12.809094667434692, 12.818992853164673, 12.829059839248657, 12.839078903198242, 12.849210262298584, 12.859285354614258, 12.869295597076416, 12.879351139068604, 12.889442205429077, 12.899545907974243, 12.909767150878906, 12.919604063034058, 12.929743528366089, 12.939764738082886, 12.94982647895813, 12.960005044937134, 12.969927787780762, 12.979976892471313, 12.989981412887573, 13.000051498413086, 13.0101158618927, 13.020144939422607, 13.030315160751343, 13.040278911590576, 13.050423622131348, 13.060468435287476, 13.070459127426147, 13.080692291259766, 13.09064531326294, 13.100893259048462, 13.11075496673584, 13.12077522277832, 13.131030559539795, 13.140947341918945, 13.150975227355957, 13.161157131195068, 13.171107530593872, 13.18114972114563, 13.19119644165039, 13.201281070709229, 13.21130633354187, 13.221441268920898, 13.23157787322998, 13.241516828536987, 13.251643896102905, 13.26171064376831, 13.271734237670898, 13.281789541244507, 13.292617321014404, 13.302165746688843, 13.312097072601318, 13.322085857391357, 13.332272052764893, 13.342250347137451, 13.352180242538452, 13.362372159957886, 13.372361898422241, 13.382382869720459, 13.392490148544312, 13.402529001235962, 13.412580013275146, 13.422669410705566, 13.43288803100586, 13.442817687988281, 13.452865839004517, 13.46298360824585, 13.47295594215393, 13.483026027679443, 13.493072748184204, 13.503116846084595, 13.513099193572998, 13.523157119750977, 13.533532619476318, 13.54346251487732, 13.553378343582153, 13.563576459884644, 13.573639869689941, 13.583757877349854, 13.593836307525635, 13.603967666625977, 13.614120960235596, 13.624120950698853, 13.634284973144531, 13.644256114959717, 13.654534101486206, 13.664382219314575, 13.674415111541748, 13.684479236602783, 13.694676160812378, 13.704652309417725, 13.714669466018677, 13.724739074707031, 13.734894275665283, 13.744949102401733, 13.754948854446411, 13.765130996704102, 13.77501106262207, 13.785076141357422, 13.795280456542969, 13.805200099945068, 13.815278768539429, 13.825340032577515, 13.835513353347778, 13.845481395721436, 13.85553789138794, 13.865641117095947, 13.875601053237915, 13.885694742202759, 13.895845413208008, 13.905890464782715, 13.915889501571655, 13.92598819732666, 13.936114311218262, 13.946019172668457, 13.956080913543701, 13.966250896453857, 13.976229667663574, 13.986329793930054, 13.996406316757202, 14.00640869140625, 14.016506433486938, 14.026620149612427, 14.036624431610107, 14.046666383743286, 14.056714534759521, 14.06680679321289, 14.07688307762146, 14.086965799331665, 14.097210168838501, 14.107040166854858, 14.117101192474365, 14.12728500366211, 14.137248277664185, 14.147300243377686, 14.157418012619019, 14.167474269866943, 14.177446603775024, 14.187575817108154, 14.197597026824951, 14.207632780075073, 14.217769622802734, 14.22782301902771, 14.237847566604614, 14.248032331466675, 14.257960081100464, 14.267996788024902, 14.278021812438965, 14.288150310516357, 14.298274993896484, 14.308193922042847, 14.31832766532898, 14.328423023223877, 14.338466882705688, 14.348495483398438, 14.358550548553467, 14.368656158447266, 14.37868356704712, 14.388761758804321, 14.398852109909058, 14.408842086791992, 14.41893458366394, 14.429099321365356, 14.439112901687622, 14.449256181716919, 14.459139823913574, 14.469224214553833, 14.47927737236023, 14.489294528961182, 14.499472379684448, 14.509436845779419, 14.519521236419678, 14.529659509658813, 14.539735794067383, 14.549828290939331, 14.559912919998169, 14.569876432418823, 14.580038785934448, 14.590023040771484, 14.600154638290405, 14.61026120185852, 14.620154619216919, 14.63032341003418, 14.640355110168457, 14.65038800239563, 14.660467147827148, 14.67102599143982, 14.680915117263794, 14.690967559814453, 14.701117753982544, 14.711111783981323, 14.721168994903564, 14.731223106384277, 14.74119520187378, 14.75129246711731, 14.76158881187439, 14.771406888961792, 14.781498670578003, 14.791564226150513, 14.801628112792969, 14.811686515808105, 14.821694135665894, 14.831820249557495, 14.841824531555176, 14.851901292800903, 14.861960887908936, 14.871975660324097, 14.88204288482666, 14.892128944396973, 14.902164459228516, 14.912253141403198, 14.922291040420532, 14.932371616363525, 14.942473649978638, 14.952468156814575, 14.962626218795776, 14.972585439682007, 14.982696056365967, 14.992758750915527, 15.002848148345947, 15.012850046157837, 15.022915601730347, 15.033037185668945, 15.042968988418579, 15.053028345108032, 15.06307601928711, 15.073146104812622, 15.083356142044067, 15.09338641166687, 15.103456258773804, 15.113439559936523, 15.123470783233643, 15.133589744567871, 15.143596410751343, 15.15366530418396, 15.163887023925781, 15.173784494400024, 15.183892011642456, 15.193964004516602, 15.203988552093506, 15.214101791381836, 15.224148750305176, 15.234169483184814, 15.244230270385742, 15.254316806793213, 15.26436471939087, 15.274360179901123, 15.284481525421143, 15.294575691223145, 15.304578065872192, 15.314725637435913, 15.324695587158203, 15.334864854812622, 15.344872236251831, 15.354929208755493, 15.365052461624146, 15.375024318695068, 15.385093688964844, 15.395184755325317, 15.405172109603882, 15.415329217910767, 15.42535138130188, 15.435471296310425, 15.445538520812988, 15.455523490905762, 15.465637445449829, 15.475631713867188, 15.485755920410156, 15.495832681655884, 15.505813121795654, 15.515889167785645, 15.525949954986572, 15.536121368408203, 15.546130180358887, 15.556132078170776, 15.566324234008789, 15.576283693313599, 15.586353063583374, 15.596904516220093, 15.606873035430908, 15.616541385650635, 15.626776695251465, 15.63665771484375, 15.646732091903687, 15.656771183013916, 15.666827917098999, 15.676846504211426, 15.686874151229858, 15.697314977645874, 15.707237005233765, 15.717106580734253, 15.72748613357544, 15.737399816513062, 15.747357845306396, 15.757379293441772, 15.767610788345337, 15.777560234069824, 15.78755521774292, 15.797698020935059, 15.807708263397217, 15.817795991897583, 15.827880144119263, 15.837902784347534, 15.84801721572876, 15.858009099960327, 15.86805272102356, 15.878119945526123, 15.888167142868042, 15.898263454437256, 15.9083731174469, 15.91833233833313, 15.928461074829102, 15.938706159591675, 15.948616981506348, 15.958687782287598, 15.968775272369385, 15.978735208511353, 15.988831996917725, 15.998882293701172, 16.00895643234253, 16.018970727920532, 16.029112100601196, 16.03916025161743, 16.049274682998657, 16.05929923057556, 16.069255828857422, 16.079301118850708, 16.089462518692017, 16.09963059425354, 16.109529733657837, 16.11954140663147, 16.12969470024109, 16.139727354049683, 16.14974093437195, 16.160000801086426, 16.169906854629517, 16.17997121810913, 16.190015077590942, 16.20007061958313, 16.210137844085693, 16.220229625701904, 16.230304718017578, 16.240312576293945, 16.250425577163696, 16.26053214073181, 16.270546197891235, 16.280839920043945, 16.29067611694336, 16.300857067108154, 16.31108331680298, 16.321024656295776, 16.331119298934937, 16.341049671173096, 16.35113215446472, 16.361286878585815, 16.37114930152893, 16.381265878677368, 16.39160466194153, 16.401396989822388, 16.41145396232605, 16.421523094177246, 16.431681632995605, 16.441688060760498, 16.451744556427002, 16.46183681488037, 16.471887826919556, 16.481924533843994, 16.491905689239502, 16.50208044052124, 16.512006759643555, 16.522043466567993, 16.53316593170166, 16.542359828948975, 16.552342176437378, 16.56242537498474, 16.572434425354004, 16.58266544342041, 16.592620849609375, 16.60265350341797, 16.613001108169556, 16.62274980545044, 16.632835388183594, 16.642863273620605, 16.653504610061646, 16.66330647468567, 16.67387866973877, 16.68335771560669, 16.693711280822754, 16.70375633239746, 16.713703870773315, 16.723549842834473, 16.733680248260498, 16.743696689605713, 16.753751516342163, 16.76391100883484, 16.77384924888611, 16.78394365310669, 16.794028282165527, 16.804006099700928, 16.814112424850464, 16.8241868019104, 16.834264993667603, 16.844333171844482, 16.854342699050903, 16.86448884010315, 16.87445831298828, 16.884534120559692, 16.8947274684906, 16.90462875366211, 16.91474199295044, 16.92482829093933, 16.934900760650635, 16.944960117340088, 16.95616602897644, 16.96517324447632, 16.97508478164673, 16.985167026519775, 16.995222568511963, 17.00521993637085, 17.015317678451538, 17.025336027145386, 17.03543710708618, 17.04562497138977, 17.055535078048706, 17.065995931625366, 17.075713634490967, 17.085885286331177, 17.09598994255066, 17.1059091091156, 17.116052627563477, 17.12602138519287, 17.136049270629883, 17.14610528945923, 17.156234741210938, 17.166328191757202, 17.176273822784424, 17.186360597610474, 17.19648551940918, 17.206454515457153, 17.216609239578247, 17.22661542892456, 17.236618757247925, 17.246716260910034, 17.256747484207153, 17.26683282852173, 17.276817083358765], "set_target_data": [{"head": [[0.9996766481456898, 0.02407124060699022, -0.008196006822744045, -0.009542732142209178], [-0.02457743462689037, 0.9973415121946809, -0.06859925480927077, 0.005138814948304303], [0.006522948670579284, 0.06877850993491146, 0.997610629309739, 0.006419897541636296], [0.0, 0.0, 0.0, 1.0]], "antennas": [-0.10912797230801642, 0.23815728290184773], "body_yaw": -0.0028472387846270645, "check_collision": false}, {"head": [[0.9996733570112347, 0.024187973400649397, -0.00825355830277043, -0.009575654751522146], [-0.02469746326419109, 0.9973426175165574, -0.06854005101788979, 0.005332346384090189], [0.006573780510610708, 0.06872150484375675, 0.997614224127647, 0.006383444725154282], [0.0, 0.0, 0.0, 1.0]], "antennas": [-0.10912797230801642, 0.23815728290184773], "body_yaw": -0.0028472387846270645, "check_collision": false}, {"head": [[0.999673261585435, 0.0241876115480607, -0.008266167112933247, -0.009593716636511148], [-0.02469808185026927, 0.9973414252631699, -0.06855717472990416, 0.005220843852494198], [0.006585956578676941, 0.06873893293926908, 0.9976129431168758, 0.00640415037066255], [0.0, 0.0, 0.0, 1.0]], "antennas": [-0.10912797230801642, 0.23815728290184773], "body_yaw": -0.0028472387846270645, "check_collision": false}, {"head": [[0.9996747437260152, 0.024132115497606483, -0.008249106493181344, -0.009578550963822525], [-0.024641419963899087, 0.9973441047106293, -0.06853858198938724, 0.0054647673706663315], [0.006573216753494523, 0.0687195590830106, 0.9976143618758443, 0.0063804259367757875], [0.0, 0.0, 0.0, 1.0]], "antennas": [-0.10912797230801642, 0.23815728290184773], "body_yaw": -0.0028472387846270645, "check_collision": false}, {"head": [[0.9996746460480915, 0.02413637801507757, -0.008248472885098425, -0.009586644564321713], [-0.024646658560054484, 0.9973332202706446, -0.06869490495233302, 0.005367748239012815], [0.006568429831170973, 0.06887585208837169, 0.997603615033874, 0.006400820783903135], [0.0, 0.0, 0.0, 1.0]], "antennas": [-0.10912797230801642, 0.23815728290184773], "body_yaw": -0.0028472387846270645, "check_collision": false}, {"head": [[0.9996711896334876, 0.024297926250743434, -0.008192886956411355, -0.009596356454963522], [-0.024803482128351057, 0.9973347978455841, -0.06861551049592034, 0.005536060535659743], [0.0065038366427572596, 0.06879616112996871, 0.9976095370046856, 0.006413525153087903], [0.0, 0.0, 0.0, 1.0]], "antennas": [-0.10912797230801642, 0.23815728290184773], "body_yaw": -0.0028472387846270645, "check_collision": false}, {"head": [[0.9996717733695067, 0.02425880553923741, -0.008237468183558961, -0.009615531291762604], [-0.02476757640870308, 0.9973350995821108, -0.06862409416801346, 0.00544860323731577], [0.006550777595426091, 0.0688055920354646, 0.9976085794626791, 0.006442711056603986], [0.0, 0.0, 0.0, 1.0]], "antennas": [-0.10912797230801642, 0.23815728290184773], "body_yaw": -0.0028472387846270645, "check_collision": false}, {"head": [[0.9996655671406908, 0.024546995207344883, -0.00813627061816391, -0.009630105192701344], [-0.025047582078022993, 0.9973339411125007, -0.06853924815061777, 0.005518129325268915], [0.0064321462457030175, 0.0687201202800013, 0.997615242748113, 0.0064372948028423825], [0.0, 0.0, 0.0, 1.0]], "antennas": [-0.10912797230801642, 0.23815728290184773], "body_yaw": -0.0028472387846270645, "check_collision": false}, {"head": [[0.9996644132148595, 0.024544677507920144, -0.008283704353916174, -0.00965474758708805], [-0.02505509138569232, 0.9973369904913343, -0.0684921148260376, 0.005427997838838332], [0.006580527900214188, 0.0686766787470151, 0.9976172665149867, 0.006478328778886985], [0.0, 0.0, 0.0, 1.0]], "antennas": [-0.10912797230801642, 0.23813775860211378], "body_yaw": -0.0028472387846270645, "check_collision": false}, {"head": [[0.9996685812847996, 0.024368415657366513, -0.008301078868804096, -0.009582203613743954], [-0.024881429088368802, 0.9973310013653305, -0.06864246646317351, 0.005545092633752481], [0.006606215146115521, 0.06882625977036119, 0.997606788212403, 0.006361804133420353], [0.0, 0.0, 0.0, 1.0]], "antennas": [-0.10910040859075576, 0.21394921491039504], "body_yaw": -0.0028472387846270645, "check_collision": false}, {"head": [[0.9996675297146336, 0.024375839769529974, -0.008405264408212713, -0.00958877263862535], [-0.02489555810720503, 0.9973352404554736, -0.06857571969839618, 0.00545254829723312], [0.006711275644208355, 0.06876217405777996, 0.9976105062588679, 0.006389798295791001], [0.0, 0.0, 0.0, 1.0]], "antennas": [-0.08491359913081983, 0.18970613282484122], "body_yaw": -0.0028472387846270645, "check_collision": false}, {"head": [[0.9996661755353898, 0.024418065826098654, -0.008443669330297183, -0.009577291897114176], [-0.024939994979978352, 0.9973375006895872, -0.06852668362504027, 0.0054730436900855065], [0.006747898994927443, 0.06871439281227784, 0.9976135514715075, 0.006365809153965004], [0.0, 0.0, 0.0, 1.0]], "antennas": [-0.06066884159685045, 0.16587393359364758], "body_yaw": -0.0028472387846270645, "check_collision": false}, {"head": [[0.9996648947871533, 0.02445233205499618, -0.008495974768219589, -0.009578487886174956], [-0.02497735996816282, 0.9973407561435732, -0.06846566748368703, 0.005383690138280979], [0.006799236663834772, 0.06865493130167845, 0.9976172967570035, 0.006387458651958885], [0.0, 0.0, 0.0, 1.0]], "antennas": [-0.03683897442959401, 0.14216356496882154], "body_yaw": -0.0028472387846270645, "check_collision": false}, {"head": [[0.999665645193716, 0.024430085165573864, -0.008471644364274158, -0.009588188282423301], [-0.024953174535825254, 0.9973445918898419, -0.06841859475807617, 0.005444439415419654], [0.006777676594274202, 0.06860711309250676, 0.9976207331110837, 0.006319669556001047], [0.0, 0.0, 0.0, 1.0]], "antennas": [-0.013128678548696189, 0.11874483093511971], "body_yaw": -0.0028472387846270645, "check_collision": false}, {"head": [[0.9996647644036062, 0.02447841574298516, -0.008435992685886917, -0.009583681286025249], [-0.02499871132056401, 0.9973458422705481, -0.0683837359169732, 0.00534955155144822], [0.0067396767128598935, 0.0685717002003363, 0.9976234252910472, 0.006333419981931706], [0.0, 0.0, 0.0, 1.0]], "antennas": [0.010289962132461774, 0.09589400378244543], "body_yaw": -0.0028472387846270645, "check_collision": false}, {"head": [[0.9996549088170513, 0.024793623692171227, -0.008679833073491312, -0.009694857361348178], [-0.02532791025629887, 0.9973571434848456, -0.06809717543186201, 0.0057436