{"description": "A movement you use when you feel disgusted. It could be because someone offers you food or worse, a drink.", "time": [0.0, 0.010042428970336914, 0.020163297653198242, 0.03013324737548828, 0.04018664360046387, 0.05027937889099121, 0.06033015251159668, 0.07058930397033691, 0.08043193817138672, 0.09050679206848145, 0.10075592994689941, 0.11069655418395996, 0.12077760696411133, 0.13080048561096191, 0.14087724685668945, 0.15102839469909668, 0.16104459762573242, 0.17102575302124023, 0.18117451667785645, 0.19114279747009277, 0.2011547088623047, 0.21125268936157227, 0.22133207321166992, 0.23134708404541016, 0.24143481254577637, 0.2515127658843994, 0.2617313861846924, 0.27169227600097656, 0.2817418575286865, 0.2917964458465576, 0.3018496036529541, 0.3119950294494629, 0.3220078945159912, 0.3319969177246094, 0.34204792976379395, 0.3522186279296875, 0.36224865913391113, 0.37225770950317383, 0.38230371475219727, 0.3923771381378174, 0.4024221897125244, 0.412581205368042, 0.42261838912963867, 0.43265652656555176, 0.4427921772003174, 0.4528541564941406, 0.4628415107727051, 0.4728827476501465, 0.4828941822052002, 0.4929213523864746, 0.502967119216919, 0.5131011009216309, 0.5231649875640869, 0.5332086086273193, 0.5433180332183838, 0.5532886981964111, 0.5634667873382568, 0.5735175609588623, 0.5835294723510742, 0.593602180480957, 0.603593111038208, 0.614173173904419, 0.6240653991699219, 0.6338438987731934, 0.643953800201416, 0.653998613357544, 0.6640763282775879, 0.6740951538085938, 0.6843583583831787, 0.6943690776824951, 0.70426344871521, 0.7143712043762207, 0.7244672775268555, 0.7344357967376709, 0.7445790767669678, 0.7546360492706299, 0.7647762298583984, 0.7747013568878174, 0.7848107814788818, 0.7948093414306641, 0.804807186126709, 0.8150708675384521, 0.8249945640563965, 0.8349897861480713, 0.8450798988342285, 0.8551468849182129, 0.8652389049530029, 0.8753969669342041, 0.8857827186584473, 0.8954341411590576, 0.9055535793304443, 0.9155950546264648, 0.9256129264831543, 0.935718297958374, 0.9458315372467041, 0.9557507038116455, 0.9658267498016357, 0.9758672714233398, 0.9858739376068115, 0.9959170818328857, 1.0059864521026611, 1.01613187789917, 1.0261316299438477, 1.03623366355896, 1.0462889671325684, 1.0563533306121826, 1.0664513111114502, 1.0764846801757812, 1.08689546585083, 1.0966379642486572, 1.1065690517425537, 1.1167147159576416, 1.1267316341400146, 1.136688232421875, 1.1467819213867188, 1.15687894821167, 1.1669466495513916, 1.1769993305206299, 1.187061071395874, 1.1970744132995605, 1.2071714401245117, 1.2172462940216064, 1.227302074432373, 1.2373723983764648, 1.2474775314331055, 1.257509469985962, 1.2675716876983643, 1.2776622772216797, 1.2876853942871094, 1.2977135181427002, 1.3077843189239502, 1.3178670406341553, 1.328495740890503, 1.3383524417877197, 1.3486266136169434, 1.3587939739227295, 1.3688256740570068, 1.3787755966186523, 1.3888084888458252, 1.3988397121429443, 1.4088404178619385, 1.4189555644989014, 1.4287688732147217, 1.438962459564209, 1.4489970207214355, 1.458878755569458, 1.4688880443572998, 1.478999376296997, 1.4890079498291016, 1.4990417957305908, 1.5091767311096191, 1.5192170143127441, 1.529280424118042, 1.539311408996582, 1.549565076828003, 1.559488296508789, 1.5695934295654297, 1.5796592235565186, 1.5896646976470947, 1.5996642112731934, 1.6097419261932373, 1.6198770999908447, 1.6298317909240723, 1.639909267425537, 1.6499907970428467, 1.6600432395935059, 1.6700849533081055, 1.6801764965057373, 1.690209150314331, 1.7002413272857666, 1.7104337215423584, 1.7204210758209229, 1.7305192947387695, 1.7404990196228027, 1.7506208419799805, 1.7606580257415771, 1.770742416381836, 1.7807672023773193, 1.7908036708831787, 1.8008220195770264, 1.8108892440795898, 1.821038007736206, 1.8309962749481201, 1.8412163257598877, 1.8511648178100586, 1.8612661361694336, 1.8713486194610596, 1.8814058303833008, 1.8916316032409668, 1.9014742374420166, 1.9116020202636719, 1.9216539859771729, 1.9316375255584717, 1.941704273223877, 1.951840877532959, 1.9618511199951172, 1.9718539714813232, 1.9819769859313965, 1.9919357299804688, 2.001943349838257, 2.0120270252227783, 2.0227608680725098, 2.0327649116516113, 2.0428621768951416, 2.052673101425171, 2.062854528427124, 2.073023557662964, 2.082932710647583, 2.0929830074310303, 2.102756977081299, 2.112872838973999, 2.1229095458984375, 2.1329236030578613, 2.1431849002838135, 2.153050422668457, 2.163402557373047, 2.1733062267303467, 2.183331251144409, 2.1933441162109375, 2.2033348083496094, 2.2135770320892334, 2.223588705062866, 2.2335314750671387, 2.2436392307281494, 2.2536914348602295, 2.2638072967529297, 2.2738184928894043, 2.283889055252075, 2.2939305305480957, 2.3039815425872803, 2.314039468765259, 2.3241255283355713, 2.33416485786438, 2.344312906265259, 2.3542797565460205, 2.364321708679199, 2.374459981918335, 2.384416341781616, 2.3945765495300293, 2.4045677185058594, 2.414637804031372, 2.424708127975464, 2.4347646236419678, 2.44486927986145, 2.4548254013061523, 2.4649007320404053, 2.4750125408172607, 2.4850330352783203, 2.4950878620147705, 2.505164623260498, 2.5152204036712646, 2.525254726409912, 2.535266876220703, 2.5453786849975586, 2.5554041862487793, 2.56549334526062, 2.5755348205566406, 2.5858101844787598, 2.595870018005371, 2.6057162284851074, 2.615900754928589, 2.6259148120880127, 2.6358847618103027, 2.6459906101226807, 2.656040668487549, 2.666043281555176, 2.6761887073516846, 2.686372756958008, 2.6964216232299805, 2.706296443939209, 2.716493844985962, 2.726684808731079, 2.736710548400879, 2.746669292449951, 2.7566967010498047, 2.766730785369873, 2.77681827545166, 2.7868661880493164, 2.796914577484131, 2.8071513175964355, 2.8174049854278564, 2.8273370265960693, 2.837428569793701, 2.847475528717041, 2.8577589988708496, 2.867435932159424, 2.877697467803955, 2.8878142833709717, 2.8979508876800537, 2.907825231552124, 2.9178802967071533, 2.9278628826141357, 2.9379000663757324, 2.948035717010498, 2.9581472873687744, 2.968154191970825, 2.9782867431640625, 2.988281726837158, 2.9983980655670166, 3.008326530456543, 3.0185413360595703, 3.028481960296631, 3.038560390472412, 3.0486505031585693, 3.0587384700775146, 3.068784475326538, 3.0788280963897705, 3.0889015197753906, 3.098914861679077, 3.109001874923706, 3.1191012859344482, 3.129119396209717, 3.1393301486968994, 3.1492912769317627, 3.1592636108398438, 3.1692912578582764, 3.1794352531433105, 3.189473867416382, 3.1995162963867188, 3.2096168994903564, 3.219712018966675, 3.2297253608703613, 3.2397677898406982, 3.249849557876587, 3.2599289417266846, 3.269904613494873, 3.280214309692383, 3.2902297973632812, 3.300330877304077, 3.310326099395752, 3.320443630218506, 3.3304312229156494, 3.340451240539551, 3.350428581237793, 3.3604979515075684, 3.3705484867095947, 3.380640983581543, 3.3907084465026855, 3.4007108211517334, 3.4108734130859375, 3.420915126800537, 3.4309325218200684, 3.4411251544952393, 3.4511682987213135, 3.4611454010009766, 3.4711849689483643, 3.481339454650879, 3.491286039352417, 3.501343011856079, 3.511453151702881, 3.521514654159546, 3.5315444469451904, 3.541743755340576, 3.551712989807129, 3.561796188354492, 3.571873188018799, 3.581930637359619, 3.5919599533081055, 3.6023035049438477, 3.612292766571045, 3.622400999069214, 3.6321699619293213, 3.642242193222046, 3.652290105819702, 3.662330150604248, 3.67240571975708, 3.682482957839966, 3.692493438720703, 3.7025041580200195, 3.712726354598999, 3.7227954864501953, 3.7327470779418945, 3.7428832054138184, 3.752861738204956, 3.763000726699829, 3.7730095386505127, 3.7831544876098633, 3.7932541370391846, 3.8032350540161133, 3.813689708709717, 3.823511838912964, 3.833405017852783, 3.843492269515991, 3.85359787940979, 3.8636515140533447, 3.873697280883789, 3.8837053775787354, 3.893773317337036, 3.9037532806396484, 3.913883924484253, 3.9239261150360107, 3.933938980102539, 3.9440348148345947, 3.954097270965576, 3.964526653289795, 3.9745545387268066, 3.984764575958252, 3.994831085205078, 4.004677772521973, 4.014761686325073, 4.024718761444092, 4.03476357460022, 4.044906377792358, 4.054933547973633, 4.064913511276245, 4.075008392333984, 4.085052967071533, 4.09514045715332, 4.105189561843872, 4.115304946899414, 4.125336408615112, 4.135328054428101, 4.145450115203857, 4.155460596084595, 4.165498495101929, 4.175614833831787, 4.185750961303711, 4.195723056793213, 4.205805778503418, 4.215829133987427, 4.225890159606934, 4.235892295837402, 4.246020078659058, 4.256164789199829, 4.266195297241211, 4.276238203048706, 4.286253213882446, 4.296360731124878, 4.306365013122559, 4.316460609436035, 4.326521158218384, 4.336524724960327, 4.346623420715332, 4.356721639633179, 4.366684913635254, 4.376885652542114, 4.386874675750732, 4.396921157836914, 4.406980991363525, 4.417134761810303, 4.427131414413452, 4.4371936321258545, 4.447329759597778, 4.457291603088379, 4.4673171043396, 4.4773948192596436, 4.4875171184539795, 4.497545003890991, 4.507602214813232, 4.5176591873168945, 4.52774715423584, 4.537765026092529, 4.547835350036621, 4.557918548583984, 4.568121433258057, 4.578044652938843, 4.588161468505859, 4.598105192184448, 4.608229398727417, 4.618727207183838, 4.6286585330963135, 4.63842248916626, 4.64849853515625, 4.658529043197632, 4.668578624725342, 4.678662538528442, 4.688781023025513, 4.69880747795105, 4.708967447280884, 4.718964576721191, 4.729199409484863, 4.739132642745972, 4.749213457107544, 4.759169816970825, 4.769141674041748, 4.779463291168213, 4.789339542388916, 4.799390554428101, 4.809586048126221, 4.819611549377441, 4.8296051025390625, 4.8396217823028564, 4.849717140197754, 4.860149383544922, 4.869830131530762, 4.880337953567505, 4.890814304351807, 4.9004411697387695, 4.9105517864227295, 4.920629501342773, 4.930551052093506, 4.940589189529419, 4.950678110122681, 4.96071720123291, 4.970812082290649, 4.980847358703613, 4.9909210205078125, 5.001101493835449, 5.011037349700928, 5.021110773086548, 5.031132698059082, 5.04127836227417, 5.051353216171265, 5.061399221420288, 5.0713841915130615, 5.081514596939087, 5.091548919677734, 5.101562261581421, 5.111681699752808, 5.121737718582153, 5.131767988204956, 5.141980886459351, 5.151828289031982, 5.162011623382568, 5.171993970870972, 5.182271480560303, 5.192178010940552, 5.2022130489349365, 5.212313890457153, 5.22231388092041, 5.232389450073242, 5.242482900619507, 5.25246262550354, 5.262605905532837, 5.272753000259399, 5.282714605331421, 5.292779445648193, 5.302792549133301, 5.31283164024353, 5.322942733764648, 5.333005905151367, 5.3430397510528564, 5.353065490722656, 5.363228797912598, 5.373181104660034, 5.383276700973511, 5.3933587074279785, 5.403391122817993, 5.41347336769104, 5.4235265254974365, 5.43356990814209, 5.443829774856567, 5.45373797416687, 5.463752269744873, 5.4738852977752686, 5.48386812210083, 5.493905544281006, 5.5039873123168945, 5.514100790023804, 5.524098634719849, 5.534246444702148, 5.544263124465942, 5.5542943477630615, 5.564327239990234, 5.574341535568237, 5.584444046020508, 5.594528675079346, 5.6045684814453125, 5.614698886871338, 5.624924898147583, 5.634718179702759, 5.644811391830444, 5.654841899871826, 5.6649086475372314, 5.674950361251831, 5.685096979141235, 5.6952691078186035, 5.705182790756226, 5.715543985366821, 5.725355625152588, 5.735335350036621, 5.745473384857178, 5.755432605743408, 5.765493631362915, 5.775583267211914, 5.785598278045654, 5.795698642730713, 5.805713176727295, 5.8159239292144775, 5.825959920883179, 5.835907697677612, 5.846022129058838, 5.856054067611694, 5.866153717041016, 5.876252174377441, 5.886225461959839, 5.896425247192383, 5.906402826309204, 5.916543006896973, 5.926549911499023, 5.9366295337677, 5.946690320968628, 5.956702709197998, 5.966702461242676, 5.977203130722046, 5.9871203899383545, 5.997295379638672, 6.007269382476807, 6.017266750335693, 6.02740216255188, 6.037452697753906, 6.04752254486084, 6.05759334564209, 6.067551612854004, 6.07761549949646, 6.08766770362854, 6.097771883010864, 6.107781648635864, 6.117873430252075, 6.127930402755737, 6.137929439544678, 6.148020267486572, 6.158172130584717, 6.16814661026001, 6.178271770477295, 6.188296318054199, 6.1984333992004395, 6.2083985805511475, 6.2184975147247314, 6.228524208068848, 6.238557577133179, 6.248660087585449, 6.2586829662323, 6.268730878829956, 6.278825759887695, 6.28884220123291, 6.298874139785767, 6.308929443359375, 6.319005489349365, 6.3290886878967285, 6.339109182357788, 6.34920072555542, 6.359314680099487, 6.369285821914673, 6.379497528076172, 6.389422655105591, 6.399451017379761, 6.409534692764282, 6.419595241546631, 6.42962908744812, 6.4397313594818115, 6.44977331161499, 6.459871292114258, 6.469911813735962, 6.479945659637451, 6.490008592605591, 6.500129699707031, 6.510167360305786, 6.520207166671753, 6.5301806926727295, 6.540233135223389, 6.550338983535767, 6.560349464416504, 6.570454835891724, 6.580551385879517, 6.590572834014893, 6.600642919540405, 6.610713005065918, 6.62090277671814, 6.630858421325684, 6.6409337520599365, 6.651159763336182, 6.661251068115234, 6.671088695526123, 6.681206226348877, 6.691240310668945, 6.701307773590088, 6.711372137069702, 6.72147798538208, 6.73145318031311, 6.741583347320557, 6.751601934432983, 6.761668920516968, 6.771690607070923, 6.781773328781128, 6.791869401931763, 6.801868915557861, 6.813315391540527, 6.822091579437256, 6.832121849060059, 6.842288970947266, 6.8523194789886475, 6.862551927566528, 6.8723390102386475, 6.882879972457886, 6.892566204071045, 6.902556896209717, 6.912675619125366, 6.922652721405029, 6.932688474655151, 6.942755460739136, 6.952827453613281], "set_target_data": [{"head": [[0.9845567495748065, -0.01521445012646764, -0.1744033467971325, -0.011196491173659368], [0.005098674950525157, 0.99828584681286, -0.05830412992987598, 0.0028755620170115848], [0.17499145802135754, 0.0565144986749436, 0.9829466420203485, -0.003921173493556862], [0.0, 0.0, 0.0, 1.0]], "antennas": [-0.2534471819884429, 0.251937169650368], "body_yaw": 0.039751833800733466, "check_collision": false}, {"head": [[0.984476932353809, -0.015266039498012755, -0.17484884243619922, -0.011499748169860671], [0.005094634481533827, 0.9982759123193284, -0.05847433268120109, 0.0031449981323672105], [0.1754400591733065, 0.056675840717693195, 0.9828573826940555, -0.004019775704619366], [0.0, 0.0, 0.0, 1.0]], "antennas": [-0.2534471819884429, 0.251937169650368], "body_yaw": 0.039751833800733466, "check_collision": false}, {"head": [[0.9845281771343062, -0.015746082997136833, -0.174517418325069, -0.011549507049359045], [0.005602349239660094, 0.9982737155067107, -0.058465396701154616, 0.003167859624266911], [0.17513675260092249, 0.05658312291376095, 0.9829168164650197, -0.003991659836569406], [0.0, 0.0, 0.0, 1.0]], "antennas": [-0.2534471819884429, 0.251937169650368], "body_yaw": 0.039751833800733466, "check_collision": false}, {"head": [[0.9845714054590579, -0.01617183525730951, -0.1742343803524029, -0.011596254350184174], [0.00606673062983641, 0.9982763254489478, -0.05837441929142692, 0.00318806173122943], [0.1748780784770932, 0.05641675099256206, 0.9829724349520707, -0.003959317041041077], [0.0, 0.0, 0.0, 1.0]], "antennas": [-0.2534471819884429, 0.251937169650368], "body_yaw": 0.039751833800733466, "check_collision": false}, {"head": [[0.984651665278062, -0.017265587439501413, -0.17367497676841073, -0.011704910326083923], [0.0070894302495437805, 0.9982302251216277, -0.05904369257051108, 0.0026284359188827044], [0.1743870351943513, 0.05690621357982889, 0.9830314566747754, -0.0037638995262600505], [0.0, 0.0, 0.0, 1.0]], "antennas": [-0.2534471819884429, 0.251937169650368], "body_yaw": 0.039751833800733466, "check_collision": false}, {"head": [[0.984684183363749, -0.01746171901874752, -0.17347088344208372, -0.01144695957092036], [0.007309465259157147, 0.9982317173429657, -0.05899161133702527, 0.0031274512179778335], [0.17419423282902297, 0.0568201272387152, 0.9830706192281836, -0.003892289535306015], [0.0, 0.0, 0.0, 1.0]], "antennas": [-0.2534471819884429, 0.251937169650368], "body_yaw": 0.039751833800733466, "check_collision": false}, {"head": [[0.984696705323217, -0.018043643403695072, -0.1733402015065224, -0.011442219699624195], [0.007838497633135329, 0.998204755248772, -0.05937865402309502, 0.003139033159897442], [0.17410042067857512, 0.05711123822383277, 0.9830703687875469, -0.003864066348835904], [0.0, 0.0, 0.0, 1.0]], "antennas": [-0.2534471819884429, 0.251937169650368], "body_yaw": 0.039751833800733466, "check_collision": false}, {"head": [[0.9846575807882395, -0.018519329354690597, -0.17351219852363153, -0.011416266650657494], [0.008269953480968005, 0.9981876124116693, -0.05960787110200837, 0.003176764463901083], [0.17430162496567336, 0.05725840434506985, 0.9830261536023251, -0.0037688772463500553], [0.0, 0.0, 0.0, 1.0]], "antennas": [-0.2534471819884429, 0.251937169650368], "body_yaw": 0.039751833800733466, "check_collision": false}, {"head": [[0.9846837575936465, -0.019094316919111343, -0.17330119616623912, -0.011420831368277151], [0.008815216534235736, 0.9981660273454456, -0.05989051519953309, 0.0031849157378619486], [0.17412693498913745, 0.05744552998104818, 0.9830461950470512, -0.0037406479665659798], [0.0, 0.0, 0.0, 1.0]], "antennas": [-0.2534471819884429, 0.251937169650368], "body_yaw": 0.039751833800733466, "check_collision": false}, {"head": [[0.9847417775889054, -0.019326482516276264, -0.17294542071009236, -0.011777010661553858], [0.009017524615711163, 0.9981458119513296, -0.060196530911888445, 0.003508090115608903], [0.17378813458014855, 0.05771849926643074, 0.9830901581856992, -0.0037587670170136644], [0.0, 0.0, 0.0, 1.0]], "antennas": [-0.2534471819884429, 0.251937169650368], "body_yaw": 0.039751833800733466, "check_collision": false}, {"head": [[0.9847909335529622, -0.01974471055378794, -0.17261797008721982, -0.011815617684717741], [0.009431306758771678, 0.9981318571859013, -0.06036427853826769, 0.00352795254018079], [0.17348737027434338, 0.057818181186982634, 0.9831374218691515, -0.0037154178660492865], [0.0, 0.0, 0.0, 1.0]], "antennas": [-0.2534471819884429, 0.251937169650368], "body_yaw": 0.039751833800733466, "check_collision": false}, {"head": [[0.9847781554401807, -0.02002851531398471, -0.17265816847792803, -0.01184179186402741], [0.009681487375735416, 0.9981174252060891, -0.06056297798292566, 0.0035978453063999494], [0.17354611309398021, 0.05796950986755316, 0.9831181427253222, -0.003792410300539617], [0.0, 0.0, 0.0, 1.0]], "antennas": [-0.2534471819884429, 0.251937169650368], "body_yaw": 0.039751833800733466, "check_collision": false}, {"head": [[0.9848525300049669, -0.02045796423634897, -0.17218294294766753, -0.011865401014264837], [0.010126788481294276, 0.9981066840289379, -0.06066708705560868, 0.003607323850923577], [0.17309807132914737, 0.05800447393143, 0.983195066457347, -0.0037818232322064937], [0.0, 0.0, 0.0, 1.0]], "antennas": [-0.2534471819884429, 0.251937169650368], "body_yaw": 0.039751833800733466, "check_collision": false}, {"head": [[0.9849281513934297, -0.020796789991066773, -0.1717091439579994, -0.011530336377990183], [0.010488874028386164, 0.9980996201632044, -0.06072175682310248, 0.003540104679045225], [0.17264564898756685, 0.05800553211664221, 0.9832745487042402, -0.003751256570335093], [0.0, 0.0, 0.0, 1.0]], "antennas": [-0.2534471819884429, 0.251937169650368], "body_yaw": 0.039751833800733466, "check_collision": false}, {"head": [[0.9849047372184394, -0.0210535146947249, -0.17181213031586534, -0.011508758349909332], [0.010757306476306443, 0.9981017547922448, -0.06063965235731877, 0.003544060727242032], [0.17276266657484685, 0.0578760451278477, 0.9832616256308937, -0.003729835733298048], [0.0, 0.0, 0.0, 1.0]], "antennas": [-0.2534471819884429, 0.251937169650368], "body_yaw": 0.039751833800733466, "check_collision": false}, {"head": [[0.9848783976285895, -0.021260529385077723, -0.17193758104268006, -0.011549286899992281], [0.010942421765458992, 0.9980937968818288, -0.060737435177340225, 0.003508299639036705], [0.1729011431149278, 0.05793757430442737, 0.9832336610354988, -0.0036674529977322456], [0.0, 0.0, 0.0, 1.0]], "antennas": [-0.2534471819884429, 0.251937169650368], "body_yaw": 0.039751833800733466, "check_collision": false}, {"head": [[0.9848752388968351, -0.02156802266269232, -0.17191737610353175, -0.011530727127807602], [0.0112475166587909, 0.9980877292480388, -0.060781395948953945, 0.003511768397947701], [0.17289955805875218, 0.05792844830404906, 0.9832344774773579, -0.003642303160263649], [0.0, 0.0, 0.0, 1.0]], "antennas": [-0.2534471819884429, 0.251937169650368], "body_yaw": 0.039751833800733466, "check_collision": false}, {"head": [[0.9848582101852082, -0.02121763952755257, -0.17205847146730974, -0.01184158777027186], [0.010932195900941969, 0.9981078739143207, -0.06050751294688896, 0.0037393140936947955], [0.17301674174360016, 0.057710343987134115, 0.9832266896668922, -0.0036230163814540695], [0.0, 0.0, 0.0, 1.0]], "antennas": [-0.2534471819884429, 0.251937169650368], "body_yaw": 0.039751833800733466, "check_collision": false}, {"head": [[0.9849344693164366, -0.021154646591183525, -0.1716291702478081, -0.011863731139039421], [0.010870972817905944, 0.9981006164397301, -0.060638118478582026, 0.0037623214596350096], [0.1725859585897454, 0.05785879699952573, 0.9832936725655392, -0.003592331897147527], [0.0, 0.0, 0.0, 1.0]], "antennas": [-0.2534471819884429, 0.251937169650368], "body_yaw": 0.039751833800733466, "check_collision": false}, {"head": [[0.9850373039970381, -0.020809260773696065, -0.1710803448684265, -0.011857859686178904], [0.010518147550343169, 0.9980920183997152, -0.06084152676332499, 0.003713568682792018], [0.17201999391453493, 0.05813172518371956, 0.9833767458206486, -0.0036840080595549884], [0.0, 0.0, 0.0, 1.0]], "antennas": [-0.2534471819884429, 0.251937169650368], "body_yaw": 0.039751833800733466, "check_collision": false}, {"head": [[0.9851513587469681, -0.020664163928760595, -0.1704399973249465, -0.01184532031211348], [0.010361424009514404, 0.9980768020148902, -0.061117413003371264, 0.0037186511964578395], [0.1713751477067125, 0.05844390138290655, 0.9834708278030658, -0.0036889812827534674], [0.0, 0.0, 0.0, 1.0]], "antennas": [-0.2534471819884429, 0.251937169650368], "body_yaw": 0.039751833800733466, "check_collision": false}, {"head": [[0.9853067494805118, -0.02019796718511241, -0.16959555285955308, -0.011655646903299524], [0.009930767735485957, 0.9980779104935754, -0.061170780908556224, 0.003884530466559427], [0.17050510045254413, 0.05858776925577451, 0.9836134830375701, -0.0038000043211960377], [0.0, 0.0, 0.0, 1.0]], "antennas": [-0.2534471819884429, 0.251937169650368], "body_yaw": 0.039751833800733466, "check_collision": false}, {"head": [[0.9854688940252201, -0.01979390580305756, -0.1686987261415131, -0.011636048013594469], [0.009555006493976309, 0.9980742352386991, -0.061290478898326034, 0.00389607126677724], [0.16958703004537118, 0.05878794303040176, 0.9837602436542374, -0.0038069940535366276], [0.0, 0.0, 0.0, 1.0]], "antennas": [-0.2534471819884429, 0.251937169650368], "body_yaw": 0.039751833800733466, "check_collision": false}, {"head": [[0.9856024079546502, -0.019500651665874585, -0.16795123702611245, -0.011697578620733895], [0.009336700393167655, 0.9980882439120028, -0.06109569044067185, 0.004025857141957023], [0.16882156100381077, 0.058647949233203385, 0.9839002482929741, -0.003656214685499537], [0.0, 0.0, 0.0, 1.0]], "antennas": [-0.2534471819884429, 0.251937169650368], "body_yaw": 0.039751833800733466, "check_collision": false}, {"head": [[0.9856793036855134, -0.019552313434296545, -0.16749333516712844, -0.011717310635778133], [0.009439125793346251, 0.9980953118657163, -0.06096434479214394, 0.004039577139449468], [0.16836630657675655, 0.05851030226417438, 0.9839864487576321, -0.00363360244295724], [0.0, 0.0, 0.0, 1.0]], "antennas": [-0.2534471819884429, 0.251937169650368], "body_yaw": 0.039751833800733466, "check_collision": false}, {"head": [[0.9856837277435927, -0.019437031591530138, -0.16748071729128916, -0.0119314784474885], [0.009361472289293533, 0.9981096992091792, -0.06074035875048982, 0.0038677335682949787], [0.16834474063086036, 0.05830291714375255, 0.9840024482461702, -0.0034921820186795682], [0.0, 0.0, 0.0, 1.0]], "antennas": [-0.2534471819884429, 0.251937169650368], "body_yaw": 0.039751833800733466, "check_collision": false}, {"head": [[0.9857989932029481, -0.019405534257476896, -0.16680458698799527, -0.011998922106671625], [0.009422418127534702, 0.9981277498853486, -0.06043354155963971, 0.003867112268099354], [0.16766503224191887, 0.05800362186098972, 0.9841361779826628, -0.0034644271065067955], [0.0, 0.0, 0.0, 1.0]], "antennas": [-0.2534471819884429, 0.251937169650368], "body_yaw": 0.039751833800733466, "check_collision": false}, {"head": [[0.9860098379529875, -0.018901340465437347, -0.16561201281468946, -0.011895281580365583], [0.009013526443417054, 0.9981423743835017, -0.060254101944342026, 0.0037552349711081345], [0.16644325099257423, 0.05791838903729074, 0.984348568551988, -0.003572474062175146], [0.0, 0.0, 0.0, 1.0]], "antennas": [-0.2534471819884429, 0.251937169650368], "body_yaw": 0.039751833800733466, "check_collision": false}, {"head": [[0.9861415283577242, -0.01858609915131871, -0.16486189058308542, -0.011916558426552717], [0.00883729606228837, 0.9981789951441172, -0.059670728597763595, 0.003748428521762881], [0.16567072235793306, 0.05738685016114624, 0.9845100107068403, -0.0035534997739203322], [0.0, 0.0, 0.0, 1.0]], "antennas": [-0.2534471819884429, 0.251937169650368], "body_yaw": 0.039751833800733466, "check_collision": false}, {"head": [[0.9861998877710602, -0.018799297749316695, -0.16448819946877855, -0.01170533634122943], [0.009089183200928178, 0.9981817329372439, -0.059587035327665475, 0.003539755767508229], [0.16530931041259625, 0.057269664173391355, 0.9845775832591247, -0.00348179899683293], [0.0, 0.0, 0.0, 1.0]], "antennas": [-0.2534471819884429, 0.251937169650368], "body_yaw": 0.039751833800733466, "check_collision": false}, {"head": [[0.9863754815299561, -0.018569153640738176, -0.1634582392221756, -0.011639610337281697], [0.008965752743981148, 0.9982002833655612, -0.059294262510357895, 0.003517601366611778], [0.16426510498058047, 0.05702088057878535, 0.9847667716082519, -0.003487694879269976], [0.0, 0.0, 0.0, 1.0]], "antennas": [-0.2534471819884429, 0.251937169650368], "body_yaw": 0.039751833800733466, "check_collision": false}, {"head": [[0.9864514859657122, -0.01812529454876109, -0.16304888694363617, -0.01175566943780447], [0.008640218091334171, 0.9982385498043675, -0.05869535173935993, 0.00349569779776851], [0.16382555498875068, 0.05649133899982946, 0.9848705073006471, -0.003340954367728022], [0.0, 0.0, 0.0, 1.0]], "antennas": [-0.2534471819884429, 0.251937169650368], "body_yaw": 0.039751833800733466, "check_collision": false}, {"head": [[0.986532781320813, -0.018059919749000126, -0.16256355888722496, -0.011721442591707792], [0.008700216216060545, 0.9982725946448782, -0.058104500847835895, 0.003473067319277351], [0.16333210834742318, 0.05590765671750194, 0.9849857645180174, -0.003323977100518738], [0.0, 0.0, 0.0, 1.0]], "antennas": [-0.2534471819884429, 0.251937169650368], "body_yaw": 0.039751833800733466, "check_collision": false}, {"head": [[0.9865009819583834, -0.018036096124914715, -0.16275906067472085, -0.011821111029767378], [0.008798438096119222, 0.9983182340000156, -0.05730001003628437, 0.0034694084651916146], [0.16351880650926176, 0.05509449064709073, 0.9850006076232256, -0.003271113597846098], [0.0, 0.0, 0.0, 1.0]], "antennas": [-0.2534471819884429, 0.251937169650368], "body_yaw": 0.039751833800733466, "check_collision": false}, {"head": [[0.9863722492216669, -0.017986862946966352, -0.163542834531867, -0.011888686115702665], [0.00891247230558167, 0.9983880880959922, -0.05605170278797985, 0.0034473345454401894], [0.16428741218606133, 0.05383027316814245, 0.9849426114692423, -0.003199813456172873], [0.0, 0.0, 0.0, 1.0]], "antennas": [-0.2534471819884429, 0.26240818642434155], "body_yaw": 0.039751833800733466, "check_collision": false}, {"head": [[0.986293288527749, -0.017977488090136783, -0.16401938582706505, -0.01178817109261733], [0.009073087957350002, 0.998451885499661, -0.05487723951776477, 0.0032923758421085636], [0.16475201995737965, 0.05263689071498166, 0.9849295049168861, -0.0031273027475776094], [0.0, 0.0, 0.0, 1.0]], "antennas": [-0.2622771588987097, 0.274521840958676], "body_yaw": 0.039751833800733466, "check_collision": false}, {"head": [[0.986181314448878, -0.018049345347368295, -0.16468344228979062, -0.011867236119800326], [0.009307598843119267, 0.9985137223686895, -0.05370023133282983, 0.003270109786838088], [0.16540793099382786, 0.05142535730508158, 0.9848835712866704, -0.0030559819783821385], [0.0, 0.0, 0.0, 1.0]], "antennas": [-0.2743924113296981, 0.28992077101373215], "body_yaw": 0.039751833800733466, "check_collision": false}, {"head": [[0.9860842787403687, -0.01847287364918597, -0.16521667034602797, -0.011760280562740755], [0.009811070697524774, 0.9985415223217654, -0.05309021652903186, 0.0033070210577411385], [0.16595643438220478, 0.05073047544102586, 0.9848273355003264, -0.0029926982525557144], [0.0, 0.0, 0.0, 1.0]], "antennas": [-0.2914355770417692, 0.3069623388291492], "body_yaw": 0.039751833800733466, "check_collision": false}, {"head": [[0.9860569418965791, -0.018935610069808897, -0.16532740247415273, -0.011758822842101987], [0.01029531821995799, 0.9985433952609449, -0.052963140045639796, 0.003279958103633268], [0.16608947516419015, 0.050522573687693355, 0.9848155948133922, -0.0029743913608968886], [0.0, 0.0, 0.0, 1.0]], "antennas": [-0.3125853371547425, 0.3252358849648369], "body_yaw": 0.039751833800733466, "check_collision": false}, {"head": [[0.9860004840808835, -0.01878054639824579, -0.16568143067117447, -0.012180372200442172], [0.010210148800407718, 0.9985724533820475, -0.05242907788653656, 0.0032709842277295065], [0.16642955943502763, 0.05000346411542225, 0.9847846745978132, -0.0028146082786340565], [0.0, 0.0, 0.0, 1.0]], "antennas": [-0.3370203727884375, 0.344330749980705], "body_yaw": 0.039751833800733466, "check_collision": false}, {"head": [[0.9860413735289956, -0.01872538890862674, -0.1654441582506678, -0.012190545639225309], [0.010195577746742974, 0.9985816371521028, -0.052256713798665144, 0.0032424791998719726], [0.1661880256921703, 0.04984048307195828, 0.9848337252367487, -0.002803506671343603], [0.0, 0.0, 0.0, 1.0]], "antennas": [-0.3630980461824934, 0.3642469338767536], "body_yaw": 0.039751833800733466, "check_collision": false}, {"head": [[0.9860560761345276, -0.01863929547082466, -0.1653662341063899, -0.012228706142067183], [0.010143152399694697, 0.9985917009001853, -0.05207428686665424, 0.003171870380453301], [0.16610397700709822, 0.04967083206093215, 0.9848564754647244, -0.0028751888705230155], [0.0, 0.0, 0.0, 1.0]], "antennas": [-0.39081835733691017, 0.3845737772128924], "body_yaw": 0.039751833800733466, "check_collision": false}, {"head": [[0.9860252630958103, -0.01865575746753885, -0.16554800889817425, -0.012256243390992058], [0.010244283834085221, 0.9986194669597455, -0.0515190727571835, 0.0031434753748677824], [0.16628059172845253, 0.049103186478533505, 0.9848551375162184, -0.002851290825096109], [0.0, 0.0, 0.0, 1.0]], "antennas": [-0.4193599873715074, 0.4053112799891214], "body_yaw": 0.039751833800733466, "check_collision": false}, {"head": [[0.9859384643487504, -0.01857443247512871, -0.1660732819446128, -0.011936799940510806], [0.01032416557055708, 0.998675522367734, -0.05040449016511784, 0.0032880027503257026], [0.16678955639637544, 0.04798115757003598, 0.9848243764221821, -0.002800819763584872], [0.0, 0.0, 0.0, 1.0]], "antennas": [-0.44831227684619485, 0.42645944220544063], "body_yaw": 0.039751833800733466, "check_collision": false}, {"head": [[0.985745100518219, -0.018441734552105613, -0.16723187265302109, -0.011961137290179294], [0.010339567309466183, 0.9987358877203826, -0.04919064877832431, 0.003268963453238072], [0.16792763367647268, 0.046760335820961715, 0.9846896875877859, -0.002721144844392065], [0.0, 0.0, 0.0, 1.0]], "antennas": [-0.47726456632088227, 0.44801826386185006], "body_yaw": 0.039751833800733466, "check_collision": false}, {"head": [[0.9854594722621257, -0.018070263902707787, -0.16894701563312284, -0.01206227862242383], [0.010191944844039208, 0.9988247797322134, -0.04738336895146686, 0.0033193435889128375], [0.16960469565772116, 0.04497249109601632, 0.9844855114502549, -0.002668041727151682], [0.0, 0.0, 0.0, 1.0]], "antennas": [-0.50662751523566, 0.4699877449583498], "body_yaw": 0.039751833800733466, "check_collision": false}, {"head": [[0.9849429309883941, -0.01822144525790524, -0.17191684509874103, -0.012136425810229154], [0.010514435497202549, 0.9989028688055668, -0.04563447532495172, 0.0032971880438980306], [0.1725597558591415, 0.04313974530200223, 0.9840539075849004, -0.0025479589146111814], [0.0, 0.0, 0.0, 1.0]], "antennas": [-0.5359904641504376, 0.49236788549493965], "body_yaw": 0.039751833800733466, "check_collision": false}, {"head": [[0.9845121880755623, -0.017901986835999403, -0.1743997431133199, -0.012575694472957977], [0.010387858169592926, 0.9989817625295812, -0.04390365059923482, 0.0034903476802666533], [0.17500812533513033, 0.04141203931968304, 0.9836956841757861, -0.0024795930848456327], [0.0, 0.0, 0.0, 1.0]], "antennas": [-0.5653534130652152, 0.5147480260315295], "body_yaw": 0.039751833800733466, "check_collision": false}, {"head": [[0.984102466927432, -0.01823108574181736, -0.17666341471854594, -0.012659546231117966], [0.010874815858812482, 0.9990364639837078, -0.042519195793975145, 0.0034692904908215083], [0.17726836425989653, 0.039922063368568225, 0.983352508457174, -0.002403150908072915], [0.0, 0.0, 0.0, 1.0]], "antennas": [-0.5943057025399027, 0.5371281665681195], "body_yaw": 0.039751833800733466, "check_collision": false}, {"head": [[0.9838895089222808, -0.018165586624456845, -0.17785231428143627, -0.012568527089121928], [0.01096926099477772, 0.9990839923267179, -0.04136244177675473, 0.0037970353563946124], [0.17844077321593815, 0.038745164073679325, 0.983187521643253, -0.0025161658297861433], [0.0, 0.0, 0.0, 1.0]], "antennas": [-0.6232579920145901, 0.5595083071047093], "body_yaw": 0.039751833800733466, "check_collision": false}, {"head": [[0.9836245478139541, -0.01863177939108273, -0.17926406704779543, -0.01255474329722013], [0.011523659746351006, 0.9991085508859601, -0.04061168320332783, 0.003802843746601392], [0.1798609301761914, 0.03788087041343104, 0.9829624028684293, -0.0024718420110681483], [0.0, 0.0, 0.0, 1.0]], "antennas": [-0.6526209409293677, 0.5822991070813894], "body_yaw": 0.039751833800733466, "check_collision": false}, {"head": [[0.98325365843188, -0.019060551162342346, -0.1812427614270763, -0.012223195100077147], [0.012063564968850218, 0.9991415995158243, -0.03962996993694148, 0.004089077554997017], [0.1818425516224591, 0.03677987909643376, 0.9826395712127033, -0.0025037392848987206], [0.0, 0.0, 0.0, 1.0]], "antennas": [-0.6819838898441454, 0.6050899070580695], "body_yaw": 0.039751833800733466, "check_collision": false}, {"head": [[0.9828282220659241, -0.019424079692700602, -0.1834976594914124, -0.012109263787035418], [0.012454496651399645, 0.9991593112849637, -0.039058368958745655, 0.004133602428208288], [0.18410206795116396, 0.0361022963348434, 0.9822438866063032, -0.0024590708305402553], [0.0, 0.0, 0.0, 1.0]], "antennas": [-0.711346838758923, 0.6274700475946594], "body_yaw": 0.039751833800733466, "check_collision": false}, {"head": [[0.9825651674124093, -0.01857992485834717, -0.18498777846139514, -0.012203110282844543], [0.0117857705445469, 0.9992173415064888, -0.03775976754928557, 0.004780302131951547], [0.18554456984912093, 0.034921208813025954, 0.9820151331698211, -0.0025645035163079366], [0.0, 0.0, 0.0, 1.0]], "antennas": [-0.7407097876737007, 0.6502608475713395], "body_yaw": 0.039751833800733466, "check_collision": false}, {"head": [[0.9820202260984422, -0.018552069117719294, -0.1878619074347325, -0.01221650594592863], [0.01196495538035923, 0.9992752103305638, -0.036137153478847446, 0.004869395732277071], [0.18839616603400042, 0.03323965628972612, 0.9815304426625954, -0.002452056393400792], [0.0, 0.0, 0.0, 1.0]], "antennas": [-0.7700727365884783, 0.6730516475480196], "body_yaw": 0.039751833800733466, "check_collision": false}, {"head": [[0.9813106747178635, -0.018697969962818303, -0.19151956976779305, -0.012559024243771033], [0.012267209381860449, 0.9993221888539037, -0.03470847790128651, 0.0048495331651364215], [0.1920387337459623, 0.03171038920467618, 0.9808749033173063, -0.0024587743268860707], [0.0, 0.0, 0.0, 1.0]], "antennas": [-0.7994356855032559, 0.6958424475246997], "body_yaw": 0.039751833800733466, "check_collision": false}, {"head": [[0.9806366310950755, -0.01891644933080845, -0.19492040862674026, -0.012647578422659733], [0.012696549099797293, 0.99937105884944, -0.0331101853680293, 0.004907559936494832], [0.195424142304519, 0.02999424409555576, 0.9802600419917559, -0.00234676717926946], [0.0, 0.0, 0.0, 1.0]], "antennas": [-0.8287986344180336, 0.7186332475013798], "body_yaw": 0.039751833800733466, "check_collision": false}, {"head": [[0.979871397685868, -0.018854296581872623, -0.198737413431761, -0.012551486910089255], [0.01295056740995663, 0.9994365858916756, -0.030964392210274933, 0.0052264245509541785], [0.19920925380339155, 0.027767360004047056, 0.9795634981549189, -0.002406177723213998], [0.0, 0.0, 0.0, 1.0]], "antennas": [-0.8581615833328112, 0.7414240474780599], "body_yaw": 0.039751833800733466, "check_collision": false}, {"head": [[0.9784540385433078, -0.019616670831201555, -0.20553072929319294, -0.012487194066034088], [0.01407268768394315, 0.9994975371028627, -0.028401281426407153, 0.005236572388236133], [0.20598459631642768, 0.02489697874867694, 0.9782384609743917, -0.002320994946967192], [0.0, 0.0, 0.0, 1.0]], "antennas": [-0.8875245322475889, 0.76421484745474], "body_yaw": 0.039751833800733466, "check_collision": false}, {"head": [[0.9771557309987006, -0.020408026237939542, -0.21154240672136415, -0.01206911715930234], [0.015165980153475974, 0.999537115921778, -0.026373223935629082, 0.00509746475458725], [0.2119827125554814, 0.02256249897165731, 0.977012928889774, -0.0021104331933038956], [0.0, 0.0, 0.0, 1.0]], "antennas": [-0.9168874811623665, 0.7865949879913299], "body_yaw": 0.039751833800733466, "check_collision": false}, {"head": [[0.975915770443187, -0.02057575934100417, -0.217175153108779, -0.011919076536832343], [0.01571585151400709, 0.9995864612129671, -0.024081498519130752, 0.005107644285582413], [0.2175808378774891, 0.020088421721934632, 0.9758355569978229, -0.002053340326519104], [0.0, 0.0, 0.0, 1.0]], "antennas": [-0.9462504300771442, 0.80938578796801], "body_yaw": 0.039751833800733466, "check_collision": false}, {"head": [[0.9746359927666873, -0.01961358313795297, -0.22293494333590708, -0.012119703963186443], [0.015350127257386114, 0.9996649534753452, -0.020841170464193988, 0.005788791792008141], [0.22326901978751001, 0.01689047511546514, 0.9746105153616484, -0.0019688751021799678], [0.0, 0.0, 0.0, 1.0]], "antennas": [-0.9756133789919218, 0.8321765879446901], "body_yaw": 0.039751833800733466, "check_collision": false}, {"head": [[0.9734573826052889, -0.01933992243657448, -0.22804975696414942, -0.012064040614322424], [0.01554329296715235, 0.9997092790432169, -0.018432673127597814, 0.005835557317280471], [0.2283399445891971, 0.014398777553628544, 0.9734749842240239, -0.0018347951951862007], [0.0, 0.0, 0.0, 1.0]], "antennas": [-1.0049763279066994, 0.85455672848128], "body_yaw": 0.039751833800733466, "check_collision": false}, {"head": [[0.9724168173622034, -0.020533692979771, -0.23234435814922585, -0.012040998441701742], [0.01694636740667646, 0.9997045443752607, -0.017425400631558424, 0.0054703283200811526], [0.23263351852835215, 0.013007359765336169, 0.9724774828493737, -0.0017400945473941554], [0.0, 0.0, 0.0, 1.0]], "antennas": [-1.0343392768214772, 0.8773475284579602], "body_yaw": 0.039751833800733466, "check_collision": false}, {"head":