{"description": "You react like this when you are not satisfied with what someone says or does.", "time": [0.0, 0.01007390022277832, 0.020175457000732422, 0.030182361602783203, 0.04048752784729004, 0.05043172836303711, 0.06050562858581543, 0.07056665420532227, 0.08053326606750488, 0.0906059741973877, 0.10062456130981445, 0.11084151268005371, 0.12090611457824707, 0.13082432746887207, 0.1410045623779297, 0.1508955955505371, 0.16088485717773438, 0.17099332809448242, 0.18106460571289062, 0.19108915328979492, 0.20116806030273438, 0.21123337745666504, 0.22129559516906738, 0.23138737678527832, 0.2415461540222168, 0.2515556812286377, 0.26163434982299805, 0.2717010974884033, 0.28173160552978516, 0.2916872501373291, 0.30177760124206543, 0.3118417263031006, 0.32189440727233887, 0.3319363594055176, 0.34205055236816406, 0.3520848751068115, 0.36208105087280273, 0.3722188472747803, 0.3822779655456543, 0.39232850074768066, 0.40239548683166504, 0.4125325679779053, 0.42255568504333496, 0.4324970245361328, 0.4426698684692383, 0.45268845558166504, 0.4627196788787842, 0.4729037284851074, 0.48287153244018555, 0.49283599853515625, 0.5029857158660889, 0.5129797458648682, 0.5230598449707031, 0.533118724822998, 0.543212890625, 0.5532898902893066, 0.5632791519165039, 0.5734250545501709, 0.5834951400756836, 0.5935070514678955, 0.603593111038208, 0.6136677265167236, 0.6236724853515625, 0.6337337493896484, 0.6438572406768799, 0.6538338661193848, 0.6641085147857666, 0.6739730834960938, 0.68402099609375, 0.6940462589263916, 0.7041571140289307, 0.7142407894134521, 0.724261999130249, 0.7343440055847168, 0.7444581985473633, 0.7545864582061768, 0.7645092010498047, 0.7745487689971924, 0.784618616104126, 0.7945914268493652, 0.8046951293945312, 0.8147537708282471, 0.824786901473999, 0.8349337577819824, 0.8449676036834717, 0.8550460338592529, 0.8650951385498047, 0.8755190372467041, 0.8852627277374268, 0.8953232765197754, 0.9053983688354492, 0.9154069423675537, 0.925518274307251, 0.935537576675415, 0.9455709457397461, 0.9556398391723633, 0.9657242298126221, 0.975792646408081, 0.9858121871948242, 0.9958112239837646, 1.0059840679168701, 1.0160109996795654, 1.026073694229126, 1.0362002849578857, 1.0463526248931885, 1.0565407276153564, 1.066389560699463, 1.0765047073364258, 1.086552381515503, 1.0966496467590332, 1.1067125797271729, 1.1166276931762695, 1.126692533493042, 1.1367976665496826, 1.1468093395233154, 1.1568622589111328, 1.1669247150421143, 1.1769764423370361, 1.1870126724243164, 1.1970534324645996, 1.2073206901550293, 1.2174029350280762, 1.2275197505950928, 1.2375493049621582, 1.2477235794067383, 1.2575151920318604, 1.2675809860229492, 1.277660608291626, 1.287724256515503, 1.2978289127349854, 1.3078925609588623, 1.3179359436035156, 1.3280360698699951, 1.3380675315856934, 1.3481791019439697, 1.3581807613372803, 1.3682773113250732, 1.3783321380615234, 1.3884057998657227, 1.3983941078186035, 1.4085304737091064, 1.418492078781128, 1.4285075664520264, 1.4387435913085938, 1.448716163635254, 1.4587736129760742, 1.4688310623168945, 1.4788451194763184, 1.4889817237854004, 1.498974084854126, 1.509044885635376, 1.519578456878662, 1.5293843746185303, 1.5393106937408447, 1.549400806427002, 1.5593535900115967, 1.569453239440918, 1.5795831680297852, 1.5895421504974365, 1.599581241607666, 1.6096477508544922, 1.6196715831756592, 1.6297075748443604, 1.6400282382965088, 1.6499814987182617, 1.6599397659301758, 1.6701021194458008, 1.680152177810669, 1.6900856494903564, 1.7008707523345947, 1.7104623317718506, 1.720322608947754, 1.7303824424743652, 1.7405517101287842, 1.750495195388794, 1.7605562210083008, 1.7705748081207275, 1.7807633876800537, 1.7906889915466309, 1.8007736206054688, 1.8108603954315186, 1.820896863937378, 1.8309428691864014, 1.8410568237304688, 1.8511934280395508, 1.8611831665039062, 1.8713459968566895, 1.8813245296478271, 1.8913416862487793, 1.9014770984649658, 1.9115891456604004, 1.9214591979980469, 1.9316363334655762, 1.9416313171386719, 1.9517385959625244, 1.9616806507110596, 1.9718329906463623, 1.981929063796997, 1.9919164180755615, 2.0021588802337646, 2.012117624282837, 2.0221779346466064, 2.032217025756836, 2.0424611568450928, 2.0526983737945557, 2.062532663345337, 2.0725719928741455, 2.0825955867767334, 2.092761993408203, 2.103172540664673, 2.1134889125823975, 2.123128890991211, 2.1332504749298096, 2.143235206604004, 2.1533329486846924, 2.1633388996124268, 2.1734166145324707, 2.183523654937744, 2.193533420562744, 2.20365047454834, 2.213736057281494, 2.2237446308135986, 2.2337355613708496, 2.243889331817627, 2.253894567489624, 2.2638778686523438, 2.273993968963623, 2.2840747833251953, 2.29408597946167, 2.304182291030884, 2.3142430782318115, 2.3242757320404053, 2.334364175796509, 2.3444552421569824, 2.354616641998291, 2.3644940853118896, 2.374610424041748, 2.3847103118896484, 2.394707679748535, 2.404804229736328, 2.4148290157318115, 2.4248268604278564, 2.4349396228790283, 2.4449987411499023, 2.4550864696502686, 2.465113401412964, 2.4753003120422363, 2.4853243827819824, 2.4953088760375977, 2.5054550170898438, 2.515481948852539, 2.525552988052368, 2.5355594158172607, 2.5456387996673584, 2.5556814670562744, 2.5658793449401855, 2.575951099395752, 2.585789918899536, 2.5958547592163086, 2.605954647064209, 2.6160218715667725, 2.626054048538208, 2.636289358139038, 2.646207809448242, 2.6563262939453125, 2.6665453910827637, 2.6764590740203857, 2.6865134239196777, 2.696625232696533, 2.7067620754241943, 2.716693878173828, 2.7266879081726074, 2.7367570400238037, 2.746900796890259, 2.756885290145874, 2.766904592514038, 2.777005672454834, 2.787052631378174, 2.7971088886260986, 2.8071823120117188, 2.8172481060028076, 2.827293634414673, 2.8373794555664062, 2.8474173545837402, 2.8574576377868652, 2.867666482925415, 2.877610206604004, 2.887657880783081, 2.897731065750122, 2.9078307151794434, 2.9178659915924072, 2.927856206893921, 2.9379873275756836, 2.948085069656372, 2.958076000213623, 2.968271017074585, 2.9784669876098633, 2.988412857055664, 2.9983816146850586, 3.0084304809570312, 3.018465518951416, 3.02850604057312, 3.0387766361236572, 3.048858404159546, 3.058771848678589, 3.068803548812866, 3.0788791179656982, 3.088942527770996, 3.0990118980407715, 3.108994960784912, 3.1190500259399414, 3.12910532951355, 3.139223098754883, 3.1492652893066406, 3.159268856048584, 3.1697590351104736, 3.179823637008667, 3.189824104309082, 3.199939489364624, 3.209988832473755, 3.22000789642334, 3.2300872802734375, 3.240103006362915, 3.250253200531006, 3.2602877616882324, 3.270359992980957, 3.280395746231079, 3.290477991104126, 3.3004539012908936, 3.310582160949707, 3.3205137252807617, 3.330610752105713, 3.3406691551208496, 3.3507516384124756, 3.3607797622680664, 3.3708302974700928], "set_target_data": [{"head": [[0.9973749260537976, -0.024363843003369794, 0.06818841568249295, -0.008368326699257685], [0.02714609190517544, 0.9988237333397258, -0.040177598379786954, 0.003127672080170841], [-0.06712932722333118, 0.041923178212044464, 0.9968631303018202, 0.014067924330117276], [0.0, 0.0, 0.0, 1.0]], "antennas": [-0.08463419417828216, 0.045482530360809265], "body_yaw": 0.018507052100066226, "check_collision": false}, {"head": [[0.9975581899975774, -0.024445157570680633, 0.06542241083988186, -0.008471050840657189], [0.02710639449542308, 0.9988277671861634, -0.04010405061041018, 0.0030939581566049945], [-0.06436537070674102, 0.0417794898155595, 0.9970514396381642, 0.013982992406659012], [0.0, 0.0, 0.0, 1.0]], "antennas": [-0.08463419417828216, 0.045482530360809265], "body_yaw": 0.018507052100066226, "check_collision": false}, {"head": [[0.9977109121037818, -0.024749998545793798, 0.06293149800395921, -0.008500250725055898], [0.02729126798897952, 0.9988329893782413, -0.03984778565088968, 0.0030499307756341795], [-0.061871823640432796, 0.04147405094403913, 0.9972220317149526, 0.014032180076818113], [0.0, 0.0, 0.0, 1.0]], "antennas": [-0.08463419417828216, 0.045482530360809265], "body_yaw": 0.018507052100066226, "check_collision": false}, {"head": [[0.997800620227405, -0.024922693495885072, 0.061422973085937485, -0.0085911641238652], [0.02742227891129477, 0.9988155565546, -0.04019331541233839, 0.0030505329604689395], [-0.06034849536746373, 0.041789272946950506, 0.9973022188752255, 0.014084767091708972], [0.0, 0.0, 0.0, 1.0]], "antennas": [-0.08463419417828216, 0.045482530360809265], "body_yaw": 0.018507052100066226, "check_collision": false}, {"head": [[0.9978857825361477, -0.024975233505294524, 0.06000168933935396, -0.00865223853693917], [0.02741547412774795, 0.9988156147016125, -0.04019651236849969, 0.0030843258358721455], [-0.05892670693812027, 0.041756502961768485, 0.9973886091538408, 0.014171178014401653], [0.0, 0.0, 0.0, 1.0]], "antennas": [-0.08463419417828216, 0.045482530360809265], "body_yaw": 0.018507052100066226, "check_collision": false}, {"head": [[0.9979388449318963, -0.024940771523698918, 0.05912714851737414, -0.008648714643546026], [0.027350583693794943, 0.9988130754087364, -0.040303671844521466, 0.003053905834702334], [-0.05805176437974722, 0.04183776175113582, 0.997436511435216, 0.014176141427593658], [0.0, 0.0, 0.0, 1.0]], "antennas": [-0.08463419417828216, 0.045482530360809265], "body_yaw": 0.018507052100066226, "check_collision": false}, {"head": [[0.997965938320599, -0.024874809070322895, 0.05869608015533814, -0.008635957892331911], [0.02726683695202371, 0.9988151095025412, -0.04031000659959022, 0.003033345148235229], [-0.05762382800993572, 0.041828470007188104, 0.9974617153266282, 0.014180280756177999], [0.0, 0.0, 0.0, 1.0]], "antennas": [-0.08463419417828216, 0.045482530360809265], "body_yaw": 0.018507052100066226, "check_collision": false}, {"head": [[0.9979878147649307, -0.02499067483728669, 0.058273388024852546, -0.00862984517853945], [0.027374517188327112, 0.9988054945394849, -0.04047492910976983, 0.0031937320552973573], [-0.05719228435220966, 0.041988691917133066, 0.9974798205285478, 0.014319999848400433], [0.0, 0.0, 0.0, 1.0]], "antennas": [-0.08463419417828216, 0.045482530360809265], "body_yaw": 0.018507052100066226, "check_collision": false}, {"head": [[0.9980176119726075, -0.025101569530322, 0.05771271436701585, -0.008633469367613472], [0.027470144354448618, 0.9987969614070871, -0.040620451168297746, 0.003210238904626881], [-0.056623646664976476, 0.042125302266983404, 0.9975065020075187, 0.014353746536092005], [0.0, 0.0, 0.0, 1.0]], "antennas": [-0.08463419417828216, 0.045482530360809265], "body_yaw": 0.018507052100066226, "check_collision": false}, {"head": [[0.9980785227528622, -0.02543955880495782, 0.0564985952681396, -0.008562227794158368], [0.02775434095356939, 0.9987911132254389, -0.04057103277119125, 0.0033717307724105937], [-0.055398185689578085, 0.0420611577312982, 0.9975780170155142, 0.014316509316159631], [0.0, 0.0, 0.0, 1.0]], "antennas": [-0.08463419417828216, 0.045482530360809265], "body_yaw": 0.018507052100066226, "check_collision": false}, {"head": [[0.9981352557451169, -0.025657981701479805, 0.055386633889744165, -0.008566541549105614], [0.02792655614597819, 0.9987859044107484, -0.04058108687835523, 0.003422264702628703], [-0.05427816043728414, 0.042052171470800585, 0.9976399632002192, 0.014185795666440293], [0.0, 0.0, 0.0, 1.0]], "antennas": [-0.08463419417828216, 0.045482530360809265], "body_yaw": 0.018507052100066226, "check_collision": false}, {"head": [[0.9982044568746501, -0.026051720466828014, 0.05393672344797487, -0.00855536483453747], [0.02824730307015396, 0.9987861424933725, -0.04035258891907338, 0.0034213007222119625], [-0.05281999758470213, 0.041803701079295694, 0.997728669745049, 0.014208740217628801], [0.0, 0.0, 0.0, 1.0]], "antennas": [-0.08463419417828216, 0.045482530360809265], "body_yaw": 0.018507052100066226, "check_collision": false}, {"head": [[0.9982580424000763, -0.02629755125270378, 0.05281400933161057, -0.008533993497444757], [0.02844631650834664, 0.9987804153843036, -0.040354540288119356, 0.0032839774617871836], [-0.05168837258683036, 0.041786608415494794, 0.9977886507153986, 0.014139658039093062], [0.0, 0.0, 0.0, 1.0]], "antennas": [-0.08463419417828216, 0.045482530360809265], "body_yaw": 0.018507052100066226, "check_collision": false}, {"head": [[0.9982777380035204, -0.02659772892144985, 0.05228880016595681, -0.008514415770679006], [0.02871617653869275, 0.9987793502566537, -0.04018943525225212, 0.0032660720767529643], [-0.05115602615110879, 0.04162175293181923, 0.9978229756180749, 0.014116308100914743], [0.0, 0.0, 0.0, 1.0]], "antennas": [-0.08463419417828216, 0.045482530360809265], "body_yaw": 0.018507052100066226, "check_collision": false}, {"head": [[0.9982852142223502, -0.02677575863820898, 0.05205468100358576, -0.008485678108517419], [0.02888640803751098, 0.9987729547781024, -0.040226362431984575, 0.0032818924642117973], [-0.05091371618461096, 0.04166105559353167, 0.9978337286096847, 0.014086346213533385], [0.0, 0.0, 0.0, 1.0]], "antennas": [-0.08463419417828216, 0.045482530360809265], "body_yaw": 0.018507052100066226, "check_collision": false}, {"head": [[0.998280375816346, -0.02674007198261415, 0.05216569572372045, -0.008460063392377733], [0.02885177028606545, 0.9987767659644995, -0.04015653272950581, 0.003278785305601643], [-0.051028096293466434, 0.04159255125452603, 0.9978307436979503, 0.014058573359270521], [0.0, 0.0, 0.0, 1.0]], "antennas": [-0.08463419417828216, 0.045482530360809265], "body_yaw": 0.018507052100066226, "check_collision": false}, {"head": [[0.9982881677235175, -0.026764216075932153, 0.052003951013959944, -0.008495815064111852], [0.028859252345866917, 0.9987843615492098, -0.0399617652109405, 0.0033830443701178764], [-0.050871187692633095, 0.04139415251672118, 0.9978470055074389, 0.014093397818791098], [0.0, 0.0, 0.0, 1.0]], "antennas": [-0.08463419417828216, 0.045482530360809265], "body_yaw": 0.018507052100066226, "check_collision": false}, {"head": [[0.99831419498132, -0.02667102402077546, 0.05155021412644569, -0.008515466264182295], [0.02874953001499196, 0.9987856700030767, -0.04000812318045418, 0.003396122206723761], [-0.050420557540712084, 0.04142272171391611, 0.9978686915136157, 0.01411390798938178], [0.0, 0.0, 0.0, 1.0]], "antennas": [-0.08463419417828216, 0.045482530360809265], "body_yaw": 0.018507052100066226, "check_collision": false}, {"head": [[0.998344298650678, -0.026589074129704494, 0.05100669062594894, -0.008572876780276904], [0.028644470280919966, 0.9987890934347423, -0.039998014427358536, 0.0034821342647705774], [-0.049881416118747884, 0.041392849294664025, 0.9978970269287597, 0.014101483298083362], [0.0, 0.0, 0.0, 1.0]], "antennas": [-0.08463419417828216, 0.045482530360809265], "body_yaw": 0.018507052100066226, "check_collision": false}, {"head": [[0.9983799236938407, -0.026537839887367076, 0.05033161053645042, -0.008596450486215552], [0.02855561411586926, 0.9987994094044469, -0.03980347567478384, 0.0034100563783445777], [-0.0492148846137632, 0.04117624105524944, 0.9979390824619574, 0.01417780282073211], [0.0, 0.0, 0.0, 1.0]], "antennas": [-0.08463419417828216, 0.045482530360809265], "body_yaw": 0.018507052100066226, "check_collision": false}, {"head": [[0.9983921369089555, -0.026434001397925337, 0.05014363896312574, -0.008637342089130749], [0.02844101050471977, 0.9988050814247034, -0.039743153393537706, 0.0036367967216582074], [-0.049033150825132994, 0.04110538760656965, 0.9979509493105729, 0.014090346891497352], [0.0, 0.0, 0.0, 1.0]], "antennas": [-0.08463419417828216, 0.045482530360809265], "body_yaw": 0.018507052100066226, "check_collision": false}, {"head": [[0.9983824570840476, -0.026198520597455137, 0.05045896258668401, -0.008635405232970428], [0.028227450210039487, 0.9988038608371249, -0.03992566382031323, 0.0036505219561214983], [-0.04935261331945249, 0.041285410199701854, 0.9979277701633433, 0.01406828102984703], [0.0, 0.0, 0.0, 1.0]], "antennas": [-0.08463419417828216, 0.045482530360809265], "body_yaw": 0.018507052100066226, "check_collision": false}, {"head": [[0.9983709576746762, -0.02600648973510611, 0.05078477491736459, -0.00862630173445682], [0.02805011911257816, 0.9988078147979718, -0.039951719816177296, 0.0037793973449413024], [-0.049685226068920535, 0.04131115575916482, 0.9979101997275717, 0.014101397399342908], [0.0, 0.0, 0.0, 1.0]], "antennas": [-0.08463419417828216, 0.045482530360809265], "body_yaw": 0.018507052100066226, "check_collision": false}, {"head": [[0.998350771963435, -0.02577452194987779, 0.05129727223028912, -0.008614944184595533], [0.02784661649080787, 0.9988076605643633, -0.040097670106344706, 0.003818443034315581], [-0.05020261019137342, 0.04145999537142583, 0.9978781321953969, 0.01409112457513051], [0.0, 0.0, 0.0, 1.0]], "antennas": [-0.08463419417828216, 0.045482530360809265], "body_yaw": 0.018507052100066226, "check_collision": false}, {"head": [[0.9983360770898573, -0.025604315249157888, 0.051667167732094975, -0.008602338658069425], [0.027699200005870176, 0.9988058133958241, -0.040245514604003614, 0.0037500363759879344], [-0.0505750086492281, 0.04160968838297167, 0.9978530965692308, 0.014143806968490102], [0.0, 0.0, 0.0, 1.0]], "antennas": [-0.08463419417828216, 0.045482530360809265], "body_yaw": 0.018507052100066226, "check_collision": false}, {"head": [[0.9983243682557659, -0.025561937527382398, 0.05191380448948275, -0.008626424029795118], [0.02768312667144592, 0.9987935232873499, -0.04056035425060748, 0.003801016014121773], [-0.05081437045185858, 0.041929526459146806, 0.9978275475083322, 0.014160539634837321], [0.0, 0.0, 0.0, 1.0]], "antennas": [-0.08463419417828216, 0.045482530360809265], "body_yaw": 0.018507052100066226, "check_collision": false}, {"head": [[0.9983178695485927, -0.025636953032920743, 0.05200171130979501, -0.008591820143204884], [0.027777872384273306, 0.9987781056291293, -0.04087402013126655, 0.0037601211311759798], [-0.05089028537709798, 0.042249761597859606, 0.9978101705731215, 0.014169666438826278], [0.0, 0.0, 0.0, 1.0]], "antennas": [-0.08463419417828216, 0.045482530360809265], "body_yaw": 0.018507052100066226, "check_collision": false}, {"head": [[0.9983152510111959, -0.025654626454762103, 0.052043248744858835, -0.00861362596717494], [0.027802748991226686, 0.9987730498051816, -0.040980509164562764, 0.0037963711445537897], [-0.050928054616129544, 0.04235841267472838, 0.997803637059263, 0.01417388546339965], [0.0, 0.0, 0.0, 1.0]], "antennas": [-0.08463419417828216, 0.045482530360809265], "body_yaw": 0.018507052100066226, "check_collision": false}, {"head": [[0.9982948227590407, -0.02566984483297302, 0.052426194967270225, -0.008654257283958643], [0.027848556874225633, 0.9987603114882438, -0.04125891510847803, 0.0038716641707040216], [-0.05130209286684279, 0.04264855521769365, 0.9977721162697045, 0.014126107815933875], [0.0, 0.0, 0.0, 1.0]], "antennas": [-0.08463419417828216, 0.045482530360809265], "body_yaw": 0.018507052100066226, "check_collision": false}, {"head": [[0.9982509116800728, -0.025769955803191, 0.053207393356613085, -0.008641966860312508], [0.028002797617795474, 0.9987395657788277, -0.04165480852789942, 0.0039044658427421263], [-0.052066886362452665, 0.04307190645677013, 0.9977143129266509, 0.014091207324366195], [0.0, 0.0, 0.0, 1.0]], "antennas": [-0.08463419417828216, 0.045482530360809265], "body_yaw": 0.018507052100066226, "check_collision": false}, {"head": [[0.9982010242377939, -0.025547856388347227, 0.05424041154508297, -0.00863022455255342], [0.027843591629083456, 0.9987295562207678, -0.042000094479197454, 0.003993996497821169], [-0.05309848976960095, 0.04343478519607372, 0.9976442100364031, 0.013951983989303696], [0.0, 0.0, 0.0, 1.0]], "antennas": [-0.08463419417828216, 0.045482530360809265], "body_yaw": 0.018507052100066226, "check_collision": false}, {"head": [[0.9981187702635367, -0.025583591684265973, 0.05571714533371252, -0.008623007003143201], [0.027954041531651493, 0.9987185116126079, -0.0421889336715662, 0.004034245273052561], [-0.0545664000063408, 0.04366708598967724, 0.9975548574346768, 0.013895578500814132], [0.0, 0.0, 0.0, 1.0]], "antennas": [-0.08463419417828216, 0.045482530360809265], "body_yaw": 0.018507052100066226, "check_collision": false}, {"head": [[0.9980370488056959, -0.02568474699176071, 0.05711692378959276, -0.008645593910522288], [0.02812224526818552, 0.9987095400583266, -0.042289406682544585, 0.004134627448821192], [-0.05595702397637784, 0.04381265078096586, 0.9974714347284598, 0.013768668872182532], [0.0, 0.0, 0.0, 1.0]], "antennas": [-0.08463419417828216, 0.045482530360809265], "body_yaw": 0.018507052100066226, "check_collision": false}, {"head": [[0.9979446752058899, -0.025773036575109567, 0.058670058921980954, -0.008681462955636682], [0.02828122235981503, 0.9987033501069406, -0.042329551698644774, 0.00419791384058119], [-0.057503023312216815, 0.04390181170375099, 0.9973795833277733, 0.013727191010843354], [0.0, 0.0, 0.0, 1.0]], "antennas": [-0.08463419417828216, 0.045482530360809265], "body_yaw": 0.018507052100066226, "check_collision": false}, {"head": [[0.9978565508927328, -0.02568446426202116, 0.06018813949634359, -0.008708918333352968], [0.028276786989037316, 0.9986910418649266, -0.0426218983190989, 0.004124551441912253], [-0.059014635117358535, 0.04423246764900137, 0.9972766725676705, 0.013795064403243018], [0.0, 0.0, 0.0, 1.0]], "antennas": [-0.08463419417828216, 0.045482530360809265], "body_yaw": 0.018507052100066226, "check_collision": false}, {"head": [[0.9977598200240299, -0.02558011953013239, 0.06181422999957408, -0.008776248734424346], [0.02826973147885693, 0.9986734983327135, -0.04303563651223983, 0.0041977310730409514], [-0.06063137659437918, 0.04468670062473223, 0.9971594330695301, 0.013759689439564293], [0.0, 0.0, 0.0, 1.0]], "antennas": [-0.08463419417828216, 0.045482530360809265], "body_yaw": 0.018507052100066226, "check_collision": false}, {"head": [[0.9976196712731933, -0.025388427520480775, 0.06411255132033827, -0.008792624845672503], [0.028214162227857435, 0.998652302345636, -0.043560762958661056, 0.004188813984579048], [-0.06292020771219575, 0.045265955947022804, 0.996991494795044, 0.013904844755046386], [0.0, 0.0, 0.0, 1.0]], "antennas": [-0.08463419417828216, 0.045482530360809265], "body_yaw": 0.018507052100066226, "check_collision": false}, {"head": [[0.9973978592195627, -0.024755577508416043, 0.0677102045961924, -0.0088643166016531], [0.027808342471052388, 0.9986213330856037, -0.044521109547543715, 0.004284283306564839], [-0.06651470899918371, 0.04628816791099568, 0.9967111913679897, 0.013843257668735454], [0.0, 0.0, 0.0, 1.0]], "antennas": [-0.08463419417828216, 0.045482530360809265], "body_yaw": 0.018507052100066226, "check_collision": false}, {"head": [[0.9971058810217844, -0.024133101938931333, 0.07209337988037762, -0.008991144074864585], [0.0274723064766057, 0.9985777910404381, -0.04569100149542588, 0.0042727404766195135], [-0.07088818243280565, 0.04753933772787238, 0.9963507800768607, 0.013909374226113824], [0.0, 0.0, 0.0, 1.0]], "antennas": [-0.08463419417828216, 0.045482530360809265], "body_yaw": 0.018507052100066226, "check_collision": false}, {"head": [[0.9967097784834358, -0.023354344139409913, 0.07761566907086616, -0.009092345255072484], [0.02703266301125707, 0.9985438761222925, -0.046683643700845934, 0.004355670816920615], [-0.07641238516117667, 0.04862820239825577, 0.9958897756908112, 0.013825847676491254], [0.0, 0.0, 0.0, 1.0]], "antennas": [-0.08463419417828216, 0.045482530360809265], "body_yaw": 0.018507052100066226, "check_collision": false}, {"head": [[0.9963390603012566, -0.023054538830473932, 0.08232232478084837, -0.009081968399381154], [0.026981340260805543, 0.9985346172586083, -0.046910824059439894, 0.004346452188243057], [-0.08112018365203537, 0.04896025301731253, 0.9955010845944574, 0.013830174831581499], [0.0, 0.0, 0.0, 1.0]], "antennas": [-0.08463419417828216, 0.045482530360809265], "body_yaw": 0.018507052100066226, "check_collision": false}, {"head": [[0.9959548127843421, -0.023011190699737415, 0.08685905821666624, -0.009180131475145308], [0.027188869744614957, 0.998514197022811, -0.047224609113269346, 0.004433167671099463], [-0.08564330828334611, 0.049395176348212784, 0.9951006684249651, 0.013784938499670552], [0.0, 0.0, 0.0, 1.0]], "antennas": [-0.08463419417828216, 0.045482530360809265], "body_yaw": 0.018507052100066226, "check_collision": false}, {"head": [[0.995596741006014, -0.023257815521937272, 0.09080860815666804, -0.009195470519298836], [0.02766953298856735, 0.9984817487303504, -0.0476297637677936, 0.004564222157683419], [-0.08956297361297429, 0.04993266936113845, 0.994728707883749, 0.013685925441181912], [0.0, 0.0, 0.0, 1.0]], "antennas": [-0.08463419417828216, 0.045482530360809265], "body_yaw": 0.018507052100066226, "check_collision": false}, {"head": [[0.9952636552203921, -0.023575014655692395, 0.09431052582468454, -0.009280774486668603], [0.028199456878786368, 0.9984489167989922, -0.048005741059385695, 0.004664664917774247], [-0.09303250630336725, 0.05043787492453672, 0.994384721093406, 0.013656083045389567], [0.0, 0.0, 0.0, 1.0]], "antennas": [-0.08463419417828216, 0.045482530360809265], "body_yaw": 0.018507052100066226, "check_collision": false}, {"head": [[0.9948810110028468, -0.02371083307195597, 0.0982322265908054, -0.009271528610922555], [0.028544023877159222, 0.9984349754190027, -0.04809198021453905, 0.0047092563359321825], [-0.09693818982657794, 0.05064974091828398, 0.9940008003508131, 0.013521842832339925], [0.0, 0.0, 0.0, 1.0]], "antennas": [-0.08463419417828216, 0.045482530360809265], "body_yaw": 0.018507052100066226, "check_collision": false}, {"head": [[0.9944123197292646, -0.02421764330287655, 0.10275039719396147, -0.00928225422293944], [0.029274813779131475, 0.9984182986522541, -0.0479988145117657, 0.0047960084161607994], [-0.10142545858343151, 0.05073861122648465, 0.9935484234207952, 0.013415278221762139], [0.0, 0.0, 0.0, 1.0]], "antennas": [-0.08463419417828216, 0.045482530360809265], "body_yaw": 0.018507052100066226, "check_collision": false}, {"head": [[0.9938603557285673, -0.02453803007743587, 0.10788641430228672, -0.009266716524782581], [0.029855322079238873, 0.998403448080306, -0.04795012622403389, 0.004758444362911331], [-0.10653756640092131, 0.05087671315321699, 0.9930061968608729, 0.013185696517964529], [0.0, 0.0, 0.0, 1.0]], "antennas": [-0.08463419417828216, 0.045482530360809265], "body_yaw": 0.018507052100066226, "check_collision": false}, {"head": [[0.9932998460394443, -0.024750486885711617, 0.11288414085661798, -0.009249327183722745], [0.03030220113340619, 0.9984003990045209, -0.04773279662961713, 0.004829812399085751], [-0.11152216131553024, 0.050833617484239785, 0.9924609568486708, 0.013036186258403581], [0.0, 0.0, 0.0, 1.0]], "antennas": [-0.08463419417828216, 0.045482530360809265], "body_yaw": 0.018507052100066226, "check_collision": false}, {"head": [[0.9927870282764011, -0.025018534690704326, 0.117251820489245, -0.009252042937188011], [0.03080333549978948, 0.9983824816363134, -0.04778676473463653, 0.004858310002697535], [-0.11586660868515795, 0.051053827316334635, 0.9919518313447251, 0.012891282044969143], [0.0, 0.0, 0.0, 1.0]], "antennas": [-0.08463419417828216, 0.045482530360809265], "body_yaw": 0.018507052100066226, "check_collision": false}, {"head": [[0.9922752025519216, -0.02536801693846949, 0.12143469898325059, -0.009285571606919401], [0.031409270649335484, 0.998348757335209, -0.04809590881271524, 0.004926635111830803], [-0.12001408299787132, 0.05153855298564127, 0.9914335063121109, 0.012780624503937243], [0.0, 0.0, 0.0, 1.0]], "antennas": [-0.08463419417828216, 0.045482530360809265], "body_yaw": 0.018507052100066226, "check_collision": false}, {"head": [[0.9916690840711134, -0.025189042121809696, 0.12632473967732682, -0.009320520200337547], [0.03157460670339895, 0.9983091943427469, -0.04880365459943593, 0.004884053220333515], [-0.12488183178142594, 0.052385729428166466, 0.9907876984718746, 0.012724455380306365], [0.0, 0.0, 0.0, 1.0]], "antennas": [-0.08463419417828216, 0.045482530360809265], "body_yaw": 0.018507052100066226, "check_collision": false}, {"head": [[0.9907871355443012, -0.02463127194846171, 0.13316963798899412, -0.009433869405516184], [0.03161685564479515, 0.9982184967529796, -0.0505984898920717, 0.004961323151425143], [-0.13168609068179904, 0.054342738083600635, 0.989800808414765, 0.01255407805921216], [0.0, 0.0, 0.0, 1.0]], "antennas": [-0.08463419417828216, 0.045482530360809265], "body_yaw": 0.018507052100066226, "check_collision": false}, {"head": [[0.989610015726768, -0.024051848745836792, 0.14175163260144172, -0.009476048168710841], [0.03179733140221276, 0.9981076284364432, -0.052631661314057755, 0.0050425932137002135], [-0.1402174970856511, 0.056592142819363346, 0.9885020904794026, 0.012512507748942026], [0.0, 0.0, 0.0, 1.0]], "antennas": [-0.08463419417828216, 0.045482530360809265], "body_yaw": 0.018507052100066226, "check_collision": false}, {"head": [[0.9882091747261474, -0.02422068559002364, 0.15118196114819996, -0.009606836138705097], [0.0328701748399137, 0.9979463838396802, -0.05497787361566, 0.005149864043865606], [-0.1495398896383842, 0.05929901660951218, 0.98697591056524, 0.01227004099343626], [0.0, 0.0, 0.0, 1.0]], "antennas": [-0.08463419417828216, 0.045482530360809265], "body_yaw": 0.018507052100066226, "check_collision": false}, {"head": [[0.9868386080479143, -0.025306795663610215, 0.1597157717925657, -0.009733159861568731], [0.03490274513273558, 0.9977314790179156, -0.05756469542108089, 0.005167088513138066], [-0.15789667522862522, 0.06238158277859571, 0.9854832205988, 0.012202197348198496], [0.0, 0.0, 0.0, 1.0]], "antennas": [-0.08463419417828216, 0.045482530360809265], "body_yaw": 0.018507052100066226, "check_collision": false}, {"head": [[0.9853651406113346, -0.026641030596827993, 0.16836209536811986, -0.00983948283489547], [0.037159657440871054, 0.9975282247417006, -0.059637242580024445, 0.005288025416373834], [-0.16635714450206857, 0.06502073771044464, 0.9839195110072305, 0.011985338934604017], [0.0, 0.0, 0.0, 1.0]], "antennas": [-0.08463419417828216, 0.045482530360809265], "body_yaw": 0.018507052100066226, "check_collision": false}, {"head": [[0.9840103094657006, -0.02804518852275279, 0.17588967640523825, -0.00984149267656876], [0.039269870443903156, 0.9973854872465677, -0.06066355664849981, 0.005299389197052089], [-0.1737284897204118, 0.06660072995583412, 0.9825389328819569, 0.01183417100934997], [0.0, 0.0, 0.0, 1.0]], "antennas": [-0.08463419417828216, 0.045482530360809265], "body_yaw": 0.018507052100066226, "check_collision": false}, {"head": [[0.982530401573825, -0.029515936214682723, 0.18374661763567035, -0.00990161335128104], [0.04163191618378806, 0.997180458113664, -0.06243330450240128, 0.005423541079531422], [-0.18138575891740927, 0.068992343528788, 0.9809889209345646, 0.011620601526270868], [0.0, 0.0, 0.0, 1.0]], "antennas": [-0.08463419417828216, 0.045482530360809265], "body_yaw": 0.018507052100066226, "check_collision": false}, {"head": [[0.9810755381203896, -0.029954619237987576, 0.19129430019761384, -0.009884542432321649], [0.043087614162267404, 0.9969633013429818, -0.06486627229235607, 0.005413515982321712], [-0.18877035256520341, 0.07188112799344269, 0.9793869804274503, 0.011279111952867349], [0.0, 0.0, 0.0, 1.0]], "antennas": [-0.08463419417828216, 0.045482530360809265], "body_yaw": 0.018507052100066226, "check_collision": false}, {"head": [[0.9794221398746745, -0.03001187753162407, 0.19957845357237416, -0.009896541656904323], [0.04427844447701182, 0.996742487803381, -0.06740795473994851, 0.005536244692136424], [-0.1969052850433672, 0.07485786675128783, 0.977560539561329, 0.01100119543125161], [0.0, 0.0, 0.0, 1.0]], "antennas": [-0.08463419417828216, 0.045482530360809265], "body_yaw": 0.018507052100066226, "check_collision": false}, {"head": [[0.9776535641302454, -0.030139596476481227, 0.20805074685677774, -0.009969013112263577], [0.045728558287680555, 0.9964609678963797, -0.0705296988221301, 0.005669584468393953], [-0.20518871192236268, 0.0784674721349239, 0.9755718570748115, 0.010547552943546645], [0.0, 0.0, 0.0, 1.0]], "antennas": [-0.08463419417828216, 0.045482530360809265], "body_yaw": 0.018507052100066226, "check_collision": false}, {"head": [[0.9759025675766434, -0.030037274222283902, 0.2161294536952573, -0.010039803660487267], [0.04714094144928177, 0.9961120985507526, -0.07442055334443111, 0.005798986390102272], [-0.21305377311042964, 0.08281575501141826, 0.9735243399552466, 0.010263829800289781], [0.0, 0.0, 0.0, 1.0]], "antennas": [-0.08463419417828216, 0.045482530360809265], "body_yaw": 0.018507052100066226, "check_collision": false}, {"head": [[0.9740748582554198, -0.029382583664730486, 0.22430968390122888, -0.010170714555525116], [0.04822770890376647, 0.9957071590677345, -0.07900216120559594, 0.0058692325050114244], [-0.22102547049735619, 0.08777196111769703, 0.9713103645246334, 0.009856262079559586], [0.0, 0.0, 0.0, 1.0]], "antennas": [-0.08463419417828216, 0.045482530360809265], "body_yaw": 0.018507052100066226, "check_collision": false}, {"head": [[0.9722474908245636, -0.028994047673700722, 0.23215116149792292, -0.010338644684403096], [0.049472947201904434, 0.9953305507912408, -0.08288258053874875, 0.005978177168769977], [-0.22866404194909418, 0.09206758311751084, 0.9691420515375455, 0.009590863060247867], [0.0, 0.0, 0.0, 1.0]], "antennas": [-0.08463419417828216, 0.045482530360809265], "body_yaw": 0.018507052100066226, "check_collision": false}, {"head": [[0.9705506544999164, -0.028924748297275565, 0.2391543141691629, -0.01036919998588258], [0.0507539431754289, 0.9950336560135014, -0.0856274526804927, 0.00586822113731728], [-0.2354898390630236, 0.0952438047137132, 0.9671986111247921, 0.009460953947752315], [0.0, 0.0, 0.0, 1.0]], "antennas": [-0.08463419417828216, 0.045482530360809265], "body_yaw": 0.018507052100066226, "check_collision": false}, {"head": [[0.9690962745424494, -0.029051278710118048, 0.24496618924507108, -0.01059941851101266], [0.05180515979895796, 0.9948639529804135, -0.08695941857205207, 0.005954993942989405], [-0.24118174907349305, 0.09696256115373585, 0.9656239566458353, 0.009305360226436854], [0.0, 0.0, 0.0, 1.0]], "antennas": [-0.08463419417828216, 0.045482530360809265], "body_yaw": 0.018507052100066226, "check_collision": false}, {"head": [[0.967511393598972, -0.028539402241033268, 0.2512114762026217, -0.010693561052789837], [0.05226495399033898, 0.9947231692840566, -0.08828471596981301, 0.006137569019568078], [-0.24736628274800027, 0.09854602482701831, 0.9638976103042427, 0.009080695407297945], [0.0, 0.0, 0.0, 1.0]], "antennas": [-0.08463419417828216, 0.045482530360809265], "body_yaw": 0.018507052100066226, "check_collision": false}, {"head": [[0.9659071248484896, -0.028543229720143844, 0.25731053263336784, -0.01088613474654034], [0.053011414012976314, 0.9946501408721236, -0.08866164473666002, 0.006214743178972783], [-0.2534032678385762, 0.09927930952725242, 0.9622527747678999, 0.008892790461720534], [0.0, 0.0, 0.0, 1.0]], "antennas": [-0.08463419417828216, 0.045482530360809265], "body_yaw": 0.018507052100066226, "check_collision": false}, {"head": [[0.9640032523360947, -0.028571331167230728, 0.26435091927353765, -0.011025956752754622], [0.053656946611499855, 0.9946595979481644, -0.08816584537068248, 0.006412366903222522], [-0.2604201635161199, 0.09917642484446024, 0.9603881377804022, 0.008688883914456547], [0.0, 0.0, 0.0, 1.0]], "antennas": [-0.08463419417828216, 0.045482530360809265], "body_yaw": 0.018507052100066226, "check_collision": false}, {"head": [[0.9623870498041781, -0.029423543555074233, 0.27008410070545275, -0.011174616501353823], [0.05478444524027154, 0.9947142165960947, -0.08684636930426755, 0.006473453220726084], [-0.26610116671846096, 0.09837622876630404, 0.9589120328188575, 0.00850243414222751], [0.0, 0.0, 0.0, 1.0]], "antennas": [-0.08463419417828216, 0.045482530360809265], "body_yaw": 0.018507052100066226, "check_collision": false}, {"head": [[0.9610674007028105, -0.029928856791930112, 0.2746883958915472, -0.011342227598198149], [0.05566167654103292, 0.9947072021558828, -0.08636758502966765, 0.006944674745814724], [-0.27064964265815067, 0.09829468709113218, 0.9576465555823148, 0.008214162231032551], [0.0, 0.0, 0.0, 1.0]], "antennas": [-0.08463419417828216, 0.045482530360809265], "body_yaw": 0.018507052100066226, "check_collision": false}, {"head": [[0.9601060798384807, -0.029345702503950986, 0.2780919725589617, -0.011460716156776123], [0.055728304650843295, 0.9946093912008178, -0.08744435371069495, 0.007032702414506639], [-0.27402677153505917, 0.0994534498129046, 0.9565659098056885, 0.008091140255508389], [0.0, 0.0, 0.0, 1.0]], "antennas": [-0.08463419417828216, 0.045482530360809265], "body_yaw": 0.018507052100066226, "check_collision": false}, {"head": [[0.9588470282315646, -0.028464775778522126, 0.2824927131650931, -0.011585649911831706], [0.05586901685420278, 0.9944247835469442, -0.08943155384626802, 0.006852594147801139], [-0.2783721060150279, 0.10153376978863529, 0.9550915475415257, 0.008065877986392134], [0.0, 0.0, 0.0, 1.0]], "antennas": [-0.08463419417828216, 0.045482530360809265], "body_yaw": 0.018507052100066226, "check_collision": false}, {"head": [[0.9567491451385696, -0.02788058005808522, 0.2895751137999281, -0.011809709136820952], [0.057044416517288005, 0.9940526095923868, -0.0927649928947775, 0.006957959572572024], [-0.28526655573484033, 0.105271471055508, 0.9526494158718573, 0.007867361828821862], [0.0, 0.0, 0.0, 1.0]], "antennas": [-0.08463419417828216, 0.045482530360809265], "body_yaw": 0.018507052100066226, "check_collision": false}, {"head": [[0.9544418314813234, -0.027888698936417947, 0.2970909133417088, -0.011880461685539094], [0.05860386851332912, 0.9937520879552181, -0.0949861794153061, 0.007094274209444374], [-0.2925856744850118, 0.10806945986854069, 0.9501129485118454, 0.007725762253218416], [0.0, 0.0, 0.0, 1.0]], "antennas": [-0.08463419417828216, 0.045482530360809265], "body_yaw": 0.018507052100066226, "check_collision": false}, {"head": [[0.952397077327564, -0.027474038408520984, 0.30361980223865737, -0.012027799046865404], [0.05920641046933625, 0.993637610234391, -0.0958065785164313, 0.007181635921939454], [-0.2990558610983085, 0.10922214400576359, 0.9479641951052442, 0.007563184032138293], [0.0, 0.0, 0.0, 1.0]], "antennas": [-0.08463419417828216, 0.045482530360809265], "body_yaw": 0.018507052100066226, "check_collision": false}, {"head": [[0.9506823311997853, -0.026767960781930868, 0.30900903129215906, -0.012168748045755061], [0.05931450948340742, 0.9935722329479558, -0.09641580202205297, 0.007304845683575938], [-0.30444193881475057, 0.1099895185478596, 0.9461592950979901, 0.0073786130594284405], [0.0, 0.0, 0.0, 1.0]], "antennas": [-0.08463419417828216, 0.045482530360809265], "body_yaw": 0.018507052100066226, "check_collision": false}, {"head": [[0.9493190804515959, -0.026769216910165244, 0.3131719855232153, -0.01233779667318011], [0.059523815793071005, 0.9936481639675796, -0.09549995600674735, 0.007368793634297573], [-0.30862630938396846, 0.10930112199732742, 0.9448825672464046, 0.007325921606004093], [0.0, 0.0, 0.0, 1.0]], "antennas": [-0.08463419417828216, 0.045482530360809265], "body_yaw": 0.018507052100066226, "check_collision": false}, {"head": [[0.9479390708136125, -0.026448737014761636, 0.31735151226258396, -0.012387771057507322], [0.05972572919002399, 0.9936272270309097, -0.0955916888415788, 0.007036255147152117], [-0.3128008236845692, 0.10956914717742984, 0.9434777404311486, 0.00740866878813462], [0.0, 0.0, 0.0, 1.0]], "antennas": [-0.08463419417828216, 0.045482530360809265], "body_yaw": 0.018507052100066226, "check_collision": false}, {"head": [[0.946848477065496, -0.026130923759155822, 0.3206168060196534, -0.012538366997165176], [0.059669530295082346, 0.9936652510628697, -0.09523085626270728, 0.007099001426554475], [-0.3160973088039744, 0.10930024544188979, 0.9424096496286674, 0.007357285399218982], [0.0, 0.0, 0.0, 1.0]], "antennas": [-0.08463419417828216, 0.045482530360809265], "body_yaw": 0.018507052100066226, "check_collision": false}, {"head": [[0.9455118385166599, -0.025725941511733467, 0.324569775484