{"description": "Use this movement to say that you don\u2019t agree or that this solution doesn\u2019t suit you.", "time": [0.0, 0.00988316535949707, 0.02015852928161621, 0.030097246170043945, 0.04008364677429199, 0.050078630447387695, 0.06017327308654785, 0.07024765014648438, 0.08030200004577637, 0.09041428565979004, 0.10040116310119629, 0.11052584648132324, 0.12058687210083008, 0.13062334060668945, 0.14063191413879395, 0.1506974697113037, 0.16081523895263672, 0.17081093788146973, 0.18094635009765625, 0.1910724639892578, 0.20108246803283691, 0.2110743522644043, 0.22113990783691406, 0.23120427131652832, 0.24123787879943848, 0.2513010501861572, 0.26136279106140137, 0.27136921882629395, 0.2814052104949951, 0.2915470600128174, 0.3022336959838867, 0.31177353858947754, 0.32171058654785156, 0.33180713653564453, 0.3418607711791992, 0.35191988945007324, 0.36221814155578613, 0.37210774421691895, 0.38209962844848633, 0.39222240447998047, 0.40221667289733887, 0.4122936725616455, 0.4222989082336426, 0.4323766231536865, 0.4423859119415283, 0.45241355895996094, 0.46270012855529785, 0.4727177619934082, 0.4826374053955078, 0.4927520751953125, 0.5027720928192139, 0.5129227638244629, 0.5229232311248779, 0.5331110954284668, 0.5430448055267334, 0.5530886650085449, 0.5632190704345703, 0.5732550621032715, 0.5833795070648193, 0.5934622287750244, 0.603438138961792, 0.6134839057922363, 0.6235790252685547, 0.6335732936859131, 0.6436593532562256, 0.6536540985107422, 0.663926362991333, 0.6738457679748535, 0.6838974952697754, 0.6940872669219971, 0.704103946685791, 0.714069128036499, 0.7241592407226562, 0.7342069149017334, 0.7442431449890137, 0.7542831897735596, 0.764397382736206, 0.7744526863098145, 0.784451961517334, 0.794574499130249, 0.8045516014099121, 0.8146741390228271, 0.8247439861297607, 0.8348636627197266, 0.8448519706726074, 0.8551046848297119, 0.8652787208557129, 0.8750472068786621, 0.8850512504577637, 0.8952186107635498, 0.9051723480224609, 0.9152669906616211, 0.9252939224243164, 0.9354147911071777, 0.9454538822174072, 0.9556102752685547, 0.9656784534454346, 0.9756686687469482, 0.9857192039489746, 0.9958608150482178, 1.006420373916626, 1.016263723373413, 1.0259790420532227, 1.0363051891326904, 1.046341896057129, 1.0561280250549316, 1.0662589073181152, 1.0761995315551758, 1.086225986480713, 1.096423625946045, 1.1062898635864258, 1.1163368225097656, 1.1264121532440186, 1.1365077495574951, 1.146578073501587, 1.1566085815429688, 1.1667406558990479, 1.1767427921295166, 1.1868643760681152, 1.1970174312591553, 1.2069008350372314, 1.2169392108917236, 1.227114200592041, 1.2370967864990234, 1.2471680641174316, 1.2572572231292725, 1.2673158645629883, 1.277369737625122, 1.2874674797058105, 1.297563076019287, 1.307568073272705, 1.3176689147949219, 1.3277218341827393, 1.3377790451049805, 1.3478050231933594, 1.3578495979309082, 1.3680222034454346, 1.3780884742736816, 1.388000249862671, 1.3981728553771973, 1.4082159996032715, 1.4181876182556152, 1.4282917976379395, 1.438317060470581, 1.448404312133789, 1.458557367324829, 1.468634843826294, 1.4786131381988525, 1.4886233806610107, 1.4988527297973633, 1.5087950229644775, 1.5188496112823486, 1.529038906097412, 1.5389420986175537, 1.5490117073059082, 1.559138298034668, 1.5691404342651367, 1.5791800022125244, 1.5892441272735596, 1.5993711948394775, 1.609311819076538, 1.6195731163024902, 1.6296532154083252, 1.6394596099853516, 1.6495325565338135, 1.6596496105194092, 1.6696710586547852, 1.6797380447387695, 1.6897854804992676, 1.6999530792236328, 1.7099049091339111, 1.7202203273773193, 1.7301857471466064, 1.7401447296142578, 1.7502617835998535, 1.760331630706787, 1.770507574081421, 1.780400276184082, 1.7904503345489502, 1.8005495071411133, 1.8105721473693848, 1.8205654621124268, 1.8306562900543213, 1.8407235145568848, 1.8508028984069824, 1.8609552383422852, 1.870926856994629, 1.8810713291168213, 1.8910608291625977, 1.9011499881744385, 1.9111642837524414, 1.9212532043457031, 1.9313414096832275, 1.9414141178131104, 1.951303482055664, 1.9615519046783447, 1.9716012477874756, 1.9815781116485596, 1.991835594177246, 2.0017001628875732, 2.0119307041168213, 2.022434711456299, 2.0319137573242188, 2.0419533252716064, 2.0519986152648926, 2.0620784759521484, 2.0721254348754883, 2.0821659564971924, 2.0923001766204834, 2.1027112007141113, 2.1123814582824707, 2.1224470138549805, 2.1326937675476074, 2.142531633377075, 2.1525368690490723, 2.1626973152160645, 2.172699451446533, 2.182716131210327, 2.192878007888794, 2.202833414077759, 2.2129178047180176, 2.2229983806610107, 2.2330679893493652, 2.243095636367798, 2.2531378269195557, 2.2633442878723145, 2.2733051776885986, 2.283384084701538, 2.293494462966919, 2.303410530090332, 2.313471555709839, 2.3235745429992676, 2.3336074352264404, 2.3436849117279053, 2.3537299633026123, 2.3639278411865234, 2.3738653659820557, 2.383908748626709, 2.394110679626465, 2.404085397720337, 2.414247512817383, 2.4241418838500977, 2.4342780113220215, 2.444314479827881, 2.454331874847412, 2.4645214080810547, 2.4744510650634766, 2.484476089477539, 2.494662046432495, 2.5046603679656982, 2.514636993408203, 2.524773597717285, 2.5348329544067383, 2.544877767562866, 2.554938554763794, 2.5651352405548096, 2.575047254562378, 2.585136890411377, 2.5953383445739746, 2.605245590209961, 2.615269184112549, 2.625445604324341, 2.6353981494903564, 2.6454710960388184, 2.6554946899414062, 2.665623664855957, 2.675631523132324, 2.6856775283813477, 2.695889711380005, 2.705826997756958, 2.7161617279052734, 2.7260193824768066, 2.7361061573028564, 2.7461698055267334, 2.7561752796173096, 2.766263961791992, 2.7762656211853027, 2.786353588104248, 2.796464204788208, 2.806427001953125, 2.8164761066436768, 2.826575994491577, 2.836588144302368, 2.8466997146606445, 2.856743574142456, 2.8668899536132812, 2.876832962036133, 2.8870439529418945, 2.8971927165985107, 2.906970262527466, 2.917132616043091, 2.9271578788757324, 2.937204360961914, 2.947227716445923, 2.957369804382324], "set_target_data": [{"head": [[0.9975282398512043, -0.035577326165870074, -0.06059426179305483, -0.003817825625893159], [0.030798585065456397, 0.9964735725112491, -0.07805040963783567, 0.0016045165813658056], [0.06315740540367229, 0.07599127021938377, 0.9951062601517089, 0.005832357511025456], [0.0, 0.0, 0.0, 1.0]], "antennas": [-0.12634355790666715, 0.12809698316837534], "body_yaw": 0.16185457398755818, "check_collision": false}, {"head": [[0.9975361002449966, -0.03557805085897156, -0.06046429529136004, -0.003778683931808682], [0.030805916132504566, 0.9964692544234341, -0.0781026281250678, 0.0016042379132626492], [0.0630295505238729, 0.07604753306900869, 0.9951100685225112, 0.0058474765703985816], [0.0, 0.0, 0.0, 1.0]], "antennas": [-0.12634355790666715, 0.12809698316837534], "body_yaw": 0.16185457398755818, "check_collision": false}, {"head": [[0.9975363739967947, -0.03554782091747926, -0.06047755766684042, -0.0037807386126361524], [0.03077498575678598, 0.9964705562029157, -0.0780982129905787, 0.0015823674844464468], [0.06304032681543462, 0.07604461222644901, 0.9951096091116458, 0.005848483462265188], [0.0, 0.0, 0.0, 1.0]], "antennas": [-0.12634355790666715, 0.12809698316837534], "body_yaw": 0.16185457398755818, "check_collision": false}, {"head": [[0.9975467978204575, -0.035730196265834055, -0.06019750188301924, -0.00372186150468325], [0.030972255820436726, 0.9964566286752673, -0.07819786786424436, 0.0016867861543815735], [0.06277822494738562, 0.07614158025629213, 0.9951187638812414, 0.005773152547916218], [0.0, 0.0, 0.0, 1.0]], "antennas": [-0.12634355790666715, 0.12809698316837534], "body_yaw": 0.16185457398755818, "check_collision": false}, {"head": [[0.9975382137963609, -0.03569597478655664, -0.060359832670436944, -0.003716461091921426], [0.030929353385696846, 0.9964625367441428, -0.07813954161991529, 0.0016762133281970478], [0.06293557908773317, 0.07608028817943124, 0.9951135124373632, 0.005765041947274842], [0.0, 0.0, 0.0, 1.0]], "antennas": [-0.12634355790666715, 0.12809698316837534], "body_yaw": 0.16185457398755818, "check_collision": false}, {"head": [[0.9975455210185877, -0.03568528156223367, -0.0602452834301382, -0.00368286868719348], [0.03093968100842192, 0.9964774280275825, -0.0779453114089001, 0.0017902510002680656], [0.06281456546733946, 0.07589002642875692, 0.9951356863532687, 0.005713665835704929], [0.0, 0.0, 0.0, 1.0]], "antennas": [-0.12634355790666715, 0.12809698316837534], "body_yaw": 0.16185457398755818, "check_collision": false}, {"head": [[0.9975474437342576, -0.035603502670188185, -0.06026182951803814, -0.0036709364439458797], [0.030855364344607193, 0.9964783511970029, -0.07796692944360022, 0.001789556918897828], [0.06282550429888115, 0.07591631045642099, 0.9951329910199314, 0.005702014080463225], [0.0, 0.0, 0.0, 1.0]], "antennas": [-0.12634355790666715, 0.12809698316837534], "body_yaw": 0.16185457398755818, "check_collision": false}, {"head": [[0.9975478307158303, -0.035552387163514984, -0.06028559696242922, -0.0036822083637744855], [0.030803856647580646, 0.9964816348406058, -0.07794532597294453, 0.0017861974673307043], [0.06284463262503985, 0.07589716195200459, 0.9951332438210748, 0.005713149398443029], [0.0, 0.0, 0.0, 1.0]], "antennas": [-0.12634355790666715, 0.12809698316837534], "body_yaw": 0.16185457398755818, "check_collision": false}, {"head": [[0.997546666107016, -0.035388087037158844, -0.06040142576651176, -0.003680770197263976], [0.030634098446830516, 0.9964908138523839, -0.07789486453010311, 0.0017772161681875462], [0.06294601616565465, 0.07585341919560179, 0.9951301713068542, 0.005710008493609142], [0.0, 0.0, 0.0, 1.0]], "antennas": [-0.12634355790666715, 0.12809698316837534], "body_yaw": 0.16185457398755818, "check_collision": false}, {"head": [[0.9975385676406049, -0.035255905862869, -0.06061210416508257, -0.003701997368319351], [0.030483927249546138, 0.9964928479040318, -0.07792775022773689, 0.0018595769480559228], [0.06314694172305323, 0.0758882413678212, 0.9951147866317356, 0.0056082436524016455], [0.0, 0.0, 0.0, 1.0]], "antennas": [-0.12634355790666715, 0.12809698316837534], "body_yaw": 0.16185457398755818, "check_collision": false}, {"head": [[0.9975398347824266, -0.035105072745199244, -0.060678759791242556, -0.00370473466260929], [0.030333131624261662, 0.9965035509964209, -0.07784968835768633, 0.0018443511883133304], [0.06319951857501972, 0.07581758845464509, 0.9951168344133304, 0.005594894805065143], [0.0, 0.0, 0.0, 1.0]], "antennas": [-0.12634355790666715, 0.12809698316837534], "body_yaw": 0.16185457398755818, "check_collision": false}, {"head": [[0.9975396693975067, -0.03505192011653539, -0.06071219708145109, -0.0036678726836746334], [0.030278205155282248, 0.9965061016506818, -0.07783842024049357, 0.0018654299414494402], [0.06322846092455182, 0.07580865563446605, 0.9951156764215944, 0.00557992460447676], [0.0, 0.0, 0.0, 1.0]], "antennas": [-0.12634355790666715, 0.12809698316837534], "body_yaw": 0.16185457398755818, "check_collision": false}, {"head": [[0.9975314788201964, -0.034980777862224983, -0.060887551625478896, -0.0036582325276720215], [0.030192784868187553, 0.9965074593014697, -0.07785421824431023, 0.0018574411937422094], [0.06339830048743446, 0.07582366871025835, 0.995103726632868, 0.00556632505348803], [0.0, 0.0, 0.0, 1.0]], "antennas": [-0.12634355790666715, 0.12809698316837534], "body_yaw": 0.16185457398755818, "check_collision": false}, {"head": [[0.9975410426481006, -0.03486219838197571, -0.060798810486028386, -0.003635001629609433], [0.030080991964145178, 0.9965107286990101, -0.07785564533301725, 0.001975243619401712], [0.06330088589422156, 0.07583531309187896, 0.9951090408258099, 0.005588603590653662], [0.0, 0.0, 0.0, 1.0]], "antennas": [-0.12634355790666715, 0.12809698316837534], "body_yaw": 0.16185457398755818, "check_collision": false}, {"head": [[0.9975480236143691, -0.03470599499364976, -0.06077363321841942, -0.0036161541202383487], [0.029926800200720104, 0.9965152892071276, -0.07785669532019172, 0.0019802405247620544], [0.0632639487608258, 0.07584703216300386, 0.9951104966280138, 0.0055806650114188505], [0.0, 0.0, 0.0, 1.0]], "antennas": [-0.12634355790666715, 0.12809698316837534], "body_yaw": 0.16185457398755818, "check_collision": false}, {"head": [[0.9975550411938472, -0.034648905984623495, -0.06069096393047658, -0.0036127308506331557], [0.029880969080430215, 0.9965226964923478, -0.07777945141510209, 0.0020336265089344763], [0.0631748959283358, 0.07577577904375893, 0.9951215824384251, 0.005598466420013215], [0.0, 0.0, 0.0, 1.0]], "antennas": [-0.12634355790666715, 0.12809698316837534], "body_yaw": 0.16185457398755818, "check_collision": false}, {"head": [[0.997552911993028, -0.0346170333493908, -0.06074412544697261, -0.0036034318449086333], [0.02984069339286499, 0.9965185056051639, -0.07784857740693904, 0.0020469203803761436], [0.06322753191500838, 0.07584542826392585, 0.9951129333997214, 0.005603025172204068], [0.0, 0.0, 0.0, 1.0]], "antennas": [-0.12634355790666715, 0.12809698316837534], "body_yaw": 0.16185457398755818, "check_collision": false}, {"head": [[0.9975527250074635, -0.03449142655447663, -0.06081860179600251, -0.0035887234239614235], [0.0297095678764936, 0.9965224506296704, -0.07784823034358453, 0.0020483880286572467], [0.06329219862491423, 0.0758508199380397, 0.9951084115351208, 0.005623755109670225], [0.0, 0.0, 0.0, 1.0]], "antennas": [-0.12634355790666715, 0.12809698316837534], "body_yaw": 0.16185457398755818, "check_collision": false}, {"head": [[0.9975560213251999, -0.03439650719731675, -0.060818291742390486, -0.0035774598085815557], [0.029618324956730457, 0.9965295317931119, -0.07779233311168303, 0.0020584363862046267], [0.06328300834027333, 0.07580087438035575, 0.9951128017961476, 0.00562340961990454], [0.0, 0.0, 0.0, 1.0]], "antennas": [-0.12634355790666715, 0.12809698316837534], "body_yaw": 0.16185457398755818, "check_collision": false}, {"head": [[0.9975577994946875, -0.03437744889039578, -0.06079989864387376, -0.0035627432617918176], [0.0296011916908271, 0.9965306619012398, -0.07778437723064809, 0.0020671874737818565], [0.06326299169182568, 0.07579466273072981, 0.9951145476696314, 0.005624915348322268], [0.0, 0.0, 0.0, 1.0]], "antennas": [-0.12634355790666715, 0.12809698316837534], "body_yaw": 0.16185457398755818, "check_collision": false}, {"head": [[0.9975622247306511, -0.03436023105008559, -0.060736992950080775, -0.003552401722539504], [0.02958518458263959, 0.9965267191526166, -0.07784095880789672, 0.00207498855177718], [0.06320066964553914, 0.07585428489614983, 0.9951139647393401, 0.005617463451466909], [0.0, 0.0, 0.0, 1.0]], "antennas": [-0.12634355790666715, 0.12809698316837534], "body_yaw": 0.16185457398755818, "check_collision": false}, {"head": [[0.9975641870323323, -0.0344075469533908, -0.060677948738991044, -0.0035594279440912934], [0.029622434291036958, 0.9965077220089004, -0.07806965712301281, 0.002102657053997907], [0.06315222986716, 0.07608206549037555, 0.995099650875993, 0.0055557243630621755], [0.0, 0.0, 0.0, 1.0]], "antennas": [-0.12634355790666715, 0.12809698316837534], "body_yaw": 0.16185457398755818, "check_collision": false}, {"head": [[0.9975565395246433, -0.03445382072557014, -0.06077733696888577, -0.003556998430252976], [0.029656844510654312, 0.996501490375093, -0.07813610723532242, 0.0021151964742297394], [0.06325679430140362, 0.07614272071333679, 0.9950883699737834, 0.005557651088306914], [0.0, 0.0, 0.0, 1.0]], "antennas": [-0.12634355790666715, 0.12809698316837534], "body_yaw": 0.16185457398755818, "check_collision": false}, {"head": [[0.9975455851741714, -0.034586194221486656, -0.06088185828959047, -0.0035491633078321132], [0.02977702016263028, 0.9964928940571208, -0.07820000744180323, 0.002114745723525516], [0.06337297980807342, 0.07619519186233063, 0.995076960926796, 0.005524640244924828], [0.0, 0.0, 0.0, 1.0]], "antennas": [-0.12634355790666715, 0.12809698316837534], "body_yaw": 0.16185457398755818, "check_collision": false}, {"head": [[0.9975325458356497, -0.0346072776044406, -0.06108319192262995, -0.0035406587835246327], [0.029775562501466055, 0.9964841872768783, -0.07831143201896403, 0.002128223169677948], [0.06357858032678104, 0.07629941575103126, 0.9950558593765891, 0.005523319692034401], [0.0, 0.0, 0.0, 1.0]], "antennas": [-0.12634355790666715, 0.12809698316837534], "body_yaw": 0.16185457398755818, "check_collision": false}, {"head": [[0.9975240048792922, -0.03479397340544104, -0.06111660252532852, -0.0035473253791667887], [0.029946841756008317, 0.9964634739334353, -0.07850943755594043, 0.002127885773881892], [0.06363211734979536, 0.07648479934713155, 0.9950382048496482, 0.005520547359050387], [0.0, 0.0, 0.0, 1.0]], "antennas": [-0.12634355790666715, 0.12809698316837534], "body_yaw": 0.16185457398755818, "check_collision": false}, {"head": [[0.9975269281308276, -0.03479565870068721, -0.06106791129112082, -0.0035444212717396905], [0.02995212330615643, 0.9964631417058728, -0.07851163946265834, 0.0021347096964211155], [0.06358378695333985, 0.07648836092665955, 0.9950410206013747, 0.005509323736147542], [0.0, 0.0, 0.0, 1.0]], "antennas": [-0.12634355790666715, 0.12809698316837534], "body_yaw": 0.16185457398755818, "check_collision": false}, {"head": [[0.9975221670667013, -0.03484783012976811, -0.061115914014264694, -0.003558236084457291], [0.030002012129175026, 0.9964634379415303, -0.07848882795625739, 0.0022040215976901426], [0.0636349391352974, 0.07646074535990977, 0.9950398730403993, 0.005485535543110653], [0.0, 0.0, 0.0, 1.0]], "antennas": [-0.12634355790666715, 0.12809698316837534], "body_yaw": 0.16185457398755818, "check_collision": false}, {"head": [[0.9975196380934351, -0.034836735309841445, -0.061163498026960667, -0.003569729555855241], [0.029989071549403758, 0.9964660363550479, -0.07846077987418129, 0.0022189102441617778], [0.06368066586921589, 0.07643193222607966, 0.9950391613050418, 0.005477980817084505], [0.0, 0.0, 0.0, 1.0]], "antennas": [-0.12634355790666715, 0.12809698316837534], "body_yaw": 0.16185457398755818, "check_collision": false}, {"head": [[0.9975137937312261, -0.03490298267492259, -0.0612210185829235, -0.00360643906897898], [0.030053418941687907, 0.9964672722172527, -0.07842045275196212, 0.002151705786593818], [0.06374184909344885, 0.07638558241122066, 0.9950388029990822, 0.005545904098261889], [0.0, 0.0, 0.0, 1.0]], "antennas": [-0.12634355790666715, 0.12809698316837534], "body_yaw": 0.16185457398755818, "check_collision": false}, {"head": [[0.9975140172686641, -0.03478070751471691, -0.06128692957969945, -0.0036147436283634447], [0.02992749473872413, 0.9964726300293774, -0.07840052717296754, 0.00216264839687514], [0.06379757370931095, 0.0763714605537389, 0.9950363157200313, 0.005537005187298216], [0.0, 0.0, 0.0, 1.0]], "antennas": [-0.12634355790666715, 0.12809698316837534], "body_yaw": 0.16185457398755818, "check_collision": false}, {"head": [[0.9975169603361892, -0.03478128329401818, -0.06123868200795078, -0.0036415168406062626], [0.02993278842680562, 0.9964737225795111, -0.07838461829675292, 0.0021892311194767113], [0.06374905504119849, 0.07635694166840898, 0.9950405395964536, 0.005558639288588352], [0.0, 0.0, 0.0, 1.0]], "antennas": [-0.12634355790666715, 0.12809698316837534], "body_yaw": 0.16185457398755818, "check_collision": false}, {"head": [[0.9975245554225352, -0.03477370611656739, -0.06111915159745206, -0.0036472088361739416], [0.029933080083778908, 0.9964721117793506, -0.07840498174669532, 0.002207835461885731], [0.06362996185580973, 0.07638141010036507, 0.9950462844236484, 0.005556512586981199], [0.0, 0.0, 0.0, 1.0]], "antennas": [-0.12634355790666715, 0.12809698316837534], "body_yaw": 0.16185457398755818, "check_collision": false}, {"head": [[0.9975323696579826, -0.034678566994007586, -0.061045626180517, -0.003624268317561529], [0.02984512792280706, 0.9964765336861391, -0.07838230764737414, 0.002151764754766275], [0.0635487200799558, 0.07636697456426078, 0.995052584224623, 0.005554137231543854], [0.0, 0.0, 0.0, 1.0]], "antennas": [-0.12634355790666715, 0.12809698316837534], "body_yaw": 0.16185457398755818, "check_collision": false}, {"head": [[0.997537664135782, -0.03469271156429636, -0.06095099994950569, -0.0036198157546904006], [0.029863632757549188, 0.9964724267105142, -0.07842745848350338, 0.0021647164098491864], [0.06345685202600536, 0.07641412546104254, 0.9950548273140402, 0.0055549617830071285], [0.0, 0.0, 0.0, 1.0]], "antennas": [-0.12634355790666715, 0.12809698316837534], "body_yaw": 0.16185457398755818, "check_collision": false}, {"head": [[0.9975481419410467, -0.034670378057653994, -0.060792017529481275, -0.0035647316453143695], [0.029849772944890607, 0.9964682048097634, -0.07848635459967518, 0.0021522608359368237], [0.0632984641607037, 0.07647928927851527, 0.9950599091242442, 0.0055711256295234435], [0.0, 0.0, 0.0, 1.0]], "antennas": [-0.12634355790666715, 0.12809698316837534], "body_yaw": 0.16185457398755818, "check_collision": false}, {"head": [[0.99755484333403, -0.034561493768672874, -0.060744034186879715, -0.0035642199211651186], [0.029754599854271712, 0.996483319563115, -0.0783304386556533, 0.002157691790970389], [0.06323763379769201, 0.07633149403066126, 0.99507512514921, 0.0055821239470531525], [0.0, 0.0, 0.0, 1.0]], "antennas": [-0.12634355790666715, 0.12809698316837534], "body_yaw": 0.16185457398755818, "check_collision": false}, {"head": [[0.9975520248129781, -0.03452201524897613, -0.06081273102465421, -0.003558049444895864], [0.0297214315955272, 0.9964985428343595, -0.07814915631605102, 0.0021798886163764694], [0.0632976642178831, 0.07615040769521617, 0.9950851828423597, 0.005556875076511036], [0.0, 0.0, 0.0, 1.0]], "antennas": [-0.12634355790666715, 0.12809698316837534], "body_yaw": 0.16185457398755818, "check_collision": false}, {"head": [[0.9975460774527197, -0.03455566924861162, -0.06089112481695021, -0.0035533929115414524], [0.02974607775937736, 0.9964941375143309, -0.07819593824172245, 0.0021906101478005842], [0.06337976188521008, 0.0761927793321044, 0.9950767137065482, 0.005560023960610894], [0.0, 0.0, 0.0, 1.0]], "antennas": [-0.12634355790666715, 0.12809698316837534], "body_yaw": 0.16185457398755818, "check_collision": false}, {"head": [[0.9975487842924288, -0.03469085286030759, -0.06076979253314696, -0.003555608666319066], [0.029884229607916864, 0.9964823858459412, -0.07829295957825345, 0.002129626081758231], [0.06327207739152034, 0.07628498821265696, 0.9950765019816095, 0.005562157847026905], [0.0, 0.0, 0.0, 1.0]], "antennas": [-0.12634355790666715, 0.12809698316837534], "body_yaw": 0.16185457398755818, "check_collision": false}, {"head": [[0.997550054633673, -0.034603425462719974, -0.06079877833149271, -0.0035589836342060123], [0.029800939493852978, 0.9964926125543314, -0.07819448273329072, 0.0021382485174772725], [0.06329133041451822, 0.07619104980828895, 0.9950824746841194, 0.00556696344426133], [0.0, 0.0, 0.0, 1.0]], "antennas": [-0.12634355790666715, 0.12809698316837534], "body_yaw": 0.16185457398755818, "check_collision": false}, {"head": [[0.9975413095289745, -0.03453085479200076, -0.06098324237487417, -0.003536942288211886], [0.02971378289756272, 0.9964945344128172, -0.07820315844836023, 0.0021937447797988853], [0.06346988962599037, 0.07619883826356269, 0.995070505119184, 0.005513227225529105], [0.0, 0.0, 0.0, 1.0]], "antennas": [-0.12634355790666715, 0.12809698316837534], "body_yaw": 0.16185457398755818, "check_collision": false}, {"head": [[0.9975198872885125, -0.03470669682030645, -0.06123332148215185, -0.003546190651197151], [0.029860506530699847, 0.9964781204334111, -0.07835627382173163, 0.002210889082497807], [0.06373715253792925, 0.07633348343498733, 0.9950431019272669, 0.005516909337079379], [0.0, 0.0, 0.0, 1.0]], "antennas": [-0.12634355790666715, 0.12809698316837534], "body_yaw": 0.16185457398755818, "check_collision": false}, {"head": [[0.9975111633278992, -0.03466933631146329, -0.061396385528333125, -0.0036088866770664866], [0.02980534079529979, 0.9964732200250086, -0.07843955273372481, 0.0022274407943881644], [0.06389930121916121, 0.07641438930406637, 0.9950264923161541, 0.005532646235904659], [0.0, 0.0, 0.0, 1.0]], "antennas": [-0.12634355790666715, 0.12809698316837534], "body_yaw": 0.16185457398755818, "check_collision": false}, {"head": [[0.9975121636352432, -0.03454002841257702, -0.061452988836951924, -0.0036244661167867225], [0.02969010934634082, 0.9964990172173213, -0.07815501322318089, 0.002245365804888079], [0.06393731935840359, 0.07613603038096764, 0.9950453879452386, 0.005540785271417659], [0.0, 0.0, 0.0, 1.0]], "antennas": [-0.12634355790666715, 0.12809698316837534], "body_yaw": 0.16185457398755818, "check_collision": false}, {"head": [[0.9975022310394546, -0.034578509493345476, -0.06159241635566437, -0.0036717136145503586], [0.029721482394997008, 0.9965024501966111, -0.0780992972848966, 0.002179277670298736], [0.06407755110453878, 0.07607360536591777, 0.9950411418685542, 0.00555842861234257], [0.0, 0.0, 0.0, 1.0]], "antennas": [-0.12634355790666715, 0.12809698316837534], "body_yaw": 0.16185457398755818, "check_collision": false}, {"head": [[0.9975106621414297, -0.03460474326896422, -0.0614409526086299, -0.0036708708781450494], [0.029748362364292496, 0.9964883427053796, -0.07826888135733834, 0.002195278555841393], [0.06393366758453307, 0.07624627594561872, 0.9950371809905474, 0.005549138670952969], [0.0, 0.0, 0.0, 1.0]], "antennas": [-0.12634355790666715, 0.12809698316837534], "body_yaw": 0.16185457398755818, "check_collision": false}, {"head": [[0.9975205680707536, -0.03441121072660833, -0.06138880070606908, -0.003673368264398921], [0.029565115637952968, 0.9965012499984636, -0.0781739258884549, 0.0020810165489268248], [0.06386407607657829, 0.07616513196882235, 0.9950478644060579, 0.005610512913454102], [0.0, 0.0, 0.0, 1.0]], "antennas": [-0.12634355790666715, 0.12809698316837534], "body_yaw": 0.16185457398755818, "check_collision": false}, {"head": [[0.9975262688591947, -0.03432268547158766, -0.061345710509147, -0.0036733000613501914], [0.02948199628788227, 0.9965061833250919, -0.0781424243912344, 0.002081856940466864], [0.06381343769720371, 0.0761405270330916, 0.9950529962330591, 0.0056098656381872725], [0.0, 0.0, 0.0, 1.0]], "antennas": [-0.12634355790666715, 0.12809698316837534], "body_yaw": 0.16185457398755818, "check_collision": false}, {"head": [[0.997531344272603, -0.034337124000540134, -0.06125503333657351, -0.003659319804624703], [0.029501453507907893, 0.9965032830224348, -0.07817206129065313, 0.0020705316396972063], [0.06372504558345918, 0.07617196886572128, 0.9950562545527291, 0.005640904423132809], [0.0, 0.0, 0.0, 1.0]], "antennas": [-0.12634355790666715, 0.12809698316837534], "body_yaw": 0.16185457398755818, "check_collision": false}, {"head": [[0.997538825568456, -0.03430228989894265, -0.061152631923687376, -0.003668199752580814], [0.02947326685735811, 0.9965026205526358, -0.07819113615035937, 0.0020749017227448497], [0.06362089298540258, 0.07619632628557611, 0.9950610543259752, 0.005646095044967325], [0.0, 0.0, 0.0, 1.0]], "antennas": [-0.12634355790666715, 0.12809698316837534], "body_yaw": 0.16185457398755818, "check_collision": false}, {"head": [[0.9975401763936558, -0.034153505907977486, -0.06121384250892721, -0.0036967311815605808], [0.029336109370816533, 0.9965264470603399, -0.07793864892515857, 0.0020074142295671525], [0.06366309109285762, 0.07595115761783607, 0.9950770987662279, 0.00567582707422587], [0.0, 0.0, 0.0, 1.0]], "antennas": [-0.12634355790666715, 0.12809698316837534], "body_yaw": 0.16185457398755818, "check_collision": false}, {"head": [[0.9975461754201682, -0.03408871509794333, -0.06115216600878679, -0.003701433287338584], [0.02927218206591683, 0.9965235459062626, -0.07799975520159495, 0.002009914242082491], [0.06359848474370113, 0.07601830014792603, 0.9950761030096769, 0.005673902761729688], [0.0, 0.0, 0.0, 1.0]], "antennas": [-0.12634355790666715, 0.12809698316837534], "body_yaw": 0.16185457398755818, "check_collision": false}, {"head": [[0.9975564331495407, -0.03416204631753688, -0.06094355809570225, -0.0036927463221660874], [0.029357619303301382, 0.9965164379284512, -0.0780584340557343, 0.0020021190624744563], [0.06339789326790123, 0.07607853527631468, 0.9950842997452035, 0.005641475544460206], [0.0, 0.0, 0.0, 1.0]], "antennas": [-0.12634355790666715, 0.12809698316837534], "body_yaw": 0.16185457398755818, "check_collision": false}, {"head": [[0.9975620976879087, -0.03397252401168381, -0.06095677869421015, -0.003703333499375981], [0.029181304868035638, 0.9965388307651983, -0.07783835958786754, 0.0020006217233226598], [0.06339016250727005, 0.07586979892820976, 0.9951007290259086, 0.005638562956178261], [0.0, 0.0, 0.0, 1.0]], "antennas": [-0.12634355790666715, 0.12809698316837534], "body_yaw": 0.16185457398755818, "check_collision": false}, {"head": [[0.9975553239871137, -0.03389423102565163, -0.06111101936757661, -0.003687995017961073], [0.02909308873314602, 0.9965435441099247, -0.07781103315594534, 0.0020206241169145062], [0.0635371369588673, 0.0758429020806172, 0.9950934058826135, 0.00559885568081353], [0.0, 0.0, 0.0, 1.0]], "antennas": [-0.12634355790666715, 0.12809698316837534], "body_yaw": 0.16185457398755818, "check_collision": false}, {"head": [[0.9975593519307532, -0.03390717434449579, -0.06103804472185792, -0.003683693344346168], [0.02910470701293169, 0.9965347908279691, -0.0779187185414848, 0.0020216465192165597], [0.06346853870373073, 0.07595205196324645, 0.9950894584897306, 0.005588482864420097], [0.0, 0.0, 0.0, 1.0]], "antennas": [-0.12634355790666715, 0.12809698316837534], "body_yaw": 0.16185457398755818, "check_collision": false}, {"head": [[0.9975793584767797, -0.0337843875110374, -0.06077860397837885, -0.0036494373390247217], [0.029003766483537443, 0.9965401161470693, -0.07788824326786496, 0.0019405690259303955], [0.06319972366098589, 0.07593689531505578, 0.9951077242485283, 0.005592239763150375], [0.0, 0.0, 0.0, 1.0]], "antennas": [-0.12634355790666715, 0.12809698316837534], "body_yaw": 0.16185457398755818, "check_collision": false}, {"head": [[0.9975839397020418, -0.03360410246980693, -0.06080335143519422, -0.003641711845190356], [0.028827598138155514, 0.9965523794285193, -0.07779668785328607, 0.001937785660458484], [0.06320801242040468, 0.07585591178382427, 0.9951133743515392, 0.005584237470461939], [0.0, 0.0, 0.0, 1.0]], "antennas": [-0.12264815557807321, 0.12330542373510477], "body_yaw": 0.16185457398755818, "check_collision": false}, {"head": [[0.9975866795792366, -0.03376392452666924, -0.0606697134213663, -0.003600536267116379], [0.028982129738825035, 0.9965290279637987, -0.07803802010128272, 0.001938026614280353], [0.0630940003635468, 0.07609135184818097, 0.9951026345518541, 0.005605474734615257], [0.0, 0.0, 0.0, 1.0]], "antennas": [-0.11511993180863721, 0.11632368062135302], "body_yaw": 0.16185457398755818, "check_collision": false}, {"head": [[0.9975992582001959, -0.03377034829729308, -0.060458941557874825, -0.003598256172648617], [0.02900116750704409, 0.996524161031362, -0.0780930775675329, 0.0019378397047648318], [0.06288602644186846, 0.07615221636052268, 0.9951111433512002, 0.005604476498054289], [0.0, 0.0, 0.0, 1.0]], "antennas": [-0.10375888659835919, 0.10414025126645853], "body_yaw": 0.16185457398755818, "check_collision": false}, {"head": [[0.9975954740219921, -0.033598726218569026, -0.060616794762889795, -0.003678826445017108], [0.028842002258104425, 0.9965588226892845, -0.07770876286423976, 0.0019442352693166826], [0.06301911707236274, 0.07577360039378354, 0.9951316256489806, 0.005654826287089465], [0.0, 0.0, 0.0, 1.0]], "antennas": [-0.08801747402711882, 0.0870289086304814], "body_yaw": 0.16185457398755818, "check_collision": false}, {"head": [[0.9975729787982601, -0.03364845929449218, -0.06095845436585, -0.0037042092181330897], [0.028867089724764504, 0.9965598010368546, -0.0776868977898308, 0.001953214048719923], [0.06336278957234213, 0.07573865687013552, 0.9951124623644904, 0.005659197407115346], [0.0, 0.0, 0.0, 1.0]], "antennas": [-0.06953833185527701, 0.06663229047378254], "body_yaw": 0.16185457398755818, "check_collision": false}, {"head": [[0.9975652908079065, -0.033876505763747816, -0.060957960370862346, -0.0036884349303270975], [0.029073320388286347, 0.9965272856582968, -0.07802634798647984, 0.0020400859653617303], [0.06338953081492966, 0.07606412620773312, 0.9950859340214376, 0.0055660941381528994], [0.0, 0.0, 0.0, 1.0]], "antennas": [-0.049690324883134455, 0.0415815319960612], "body_yaw": 0.16185457398755818, "check_collision": false}, {"head": [[0.9975748864071883, -0.033679944231515276, -0.06090982979985719, -0.0036973842954130982], [0.028892064048717723, 0.9965465979213705, -0.07784681628909035, 0.0020401023905429498], [0.06332136009823497, 0.07589821821297657, 0.9951029423267751, 0.00555346445698357], [0.0, 0.0, 0.0, 1.0]], "antennas": [-0.029020999030811474, 0.01132908727719708], "body_yaw": 0.16185457398755818, "check_collision": false}, {"head": [[0.9975698084005153, -0.03361575405102372, -0.06102834134514515, -0.00366562538635499], [0.028826543743344615, 0.9965578429384532, -0.07772706126999718, 0.0021231059593546323], [0.06343112598379055, 0.07577893346727663, 0.9951050424447612, 0.005525409617113175], [0.0, 0.0, 0.0, 1.0]], "antennas": [-0.007804127258368199, -0.02302995184256922], "body_yaw": 0.16185457398755818, "check_collision": false}, {"head": [[0.9975666188355227, -0.03387050289191107, -0.06093956037675546, -0.00362527110195349], [0.0290620160915874, 0.9965193568240528, -0.07813175216049283, 0.0021198029673882126], [0.06337381324928693, 0.07617060134215435, 0.9950787904911949, 0.00553193685485609], [0.0, 0.0, 0.0, 1.0]], "antennas": [0.014234063394255512, -0.05738899096233552], "body_yaw": 0.16185457398755818, "check_collision": false}, {"head": [[0.9975684278367499, -0.033922827366234476, -0.060880814439327725, -0.003614944183527787], [0.02911367938535953, 0.9965115638961447, -0.07821187054345734, 0.0021277315169349505], [0.06332160339064144, 0.076249228223902, 0.9950760924368035, 0.00551762974575376], [0.0, 0.0, 0.0, 1.0]], "antennas": [0.036819799966999515, -0.09174803008210182], "body_yaw": 0.16185457398755818, "check_collision": false}, {"head": [[0.9975684007972241, -0.03362704152947974, -0.06104512928025836, -0.003620487120770779], [0.02882741240987106, 0.9965466393141381, -0.07787025083719755, 0.0021332028799122523], [0.06345286458955202, 0.07592112847996595, 0.9950928178947471, 0.0055112661331318535], [0.0, 0.0, 0.0, 1.0]], "antennas": [0.05995308245986381, -0.12610706920186812], "body_yaw": 0.16185457398755818, "check_collision": false}, {"head": [[0.9975505503173941, -0.03377669773219234, -0.06125385091381443, -0.003695494340460648], [0.028957864497758404, 0.9965390152342111, -0.07791940194686976, 0.002073094506524688], [0.06367371235598845, 0.07595476157777405, 0.9950761440957521, 0.005591336534306379], [0.0, 0.0, 0.0, 1.0]], "antennas": [0.0830863649527281, -0.1604661083216344], "body_yaw": 0.16185457398755818, "check_collision": false}, {"head": [[0.9975472350801255, -0.03385955885615731, -0.061262093157703854, -0.0036900528553187265], [0.02902804576874618, 0.9965223364469068, -0.07810637311542185, 0.00208801945894188], [0.06369369154668571, 0.0761364776993547, 0.9950609782423846, 0.005572652077071916], [0.0, 0.0, 0.0, 1.0]], "antennas": [0.1062196474455924, -0.19482514744140073], "body_yaw": 0.16185457398755818, "check_collision": false}, {"head": [[0.9975562239191977, -0.03374275932496481, -0.061180113707060065, -0.003677039340729051], [0.028928897638048172, 0.9965390175056867, -0.0779301319788942, 0.0019706699102819527], [0.06359794809204641, 0.07596981493947474, 0.9950798401216574, 0.005608380034721194], [0.0, 0.0, 0.0, 1.0]], "antennas": [0.1293529299384567, -0.229184186561167], "body_yaw": 0.16185457398755818, "check_collision": false}, {"head": [[0.9975458768306936, -0.03386420976939326, -0.06128163603215018, -0.0036435037182263163], [0.02904344337948272, 0.9965368595189125, -0.07791512059187108, 0.0019982499498772286], [0.06370794310559066, 0.07594407756288546, 0.9950747685819277, 0.005613763663426585], [0.0, 0.0, 0.0, 1.0]], "antennas": [0.152486212431321, -0.2635432256809333], "body_yaw": 0.16185457398755818, "check_collision": false}, {"head": [[0.9975409977461115, -0.033963223957331395, -0.061306257707647305, -0.003639979390186423], [0.02913400583664621, 0.9965263082685979, -0.07801619468078129, 0.0020056961887999067], [0.06374298015940719, 0.0760382558123439, 0.9950653325955106, 0.005611456221722266], [0.0, 0.0, 0.0, 1.0]], "antennas": [0.17561949492418527, -0.2979022648006996], "body_yaw": 0.16185457398755818, "check_collision": false}, {"head": [[0.9975411565168958, -0.03389097113043608, -0.061343647843682216, -0.0036423122138973234], [0.029066585118940357, 0.9965375696391194, -0.07789740642203938, 0.0020102068377698358], [0.06377126848712628, 0.07592281853035315, 0.9950723345274702, 0.005621335887631973], [0.0, 0.0, 0.0, 1.0]], "antennas": [0.19875277741704958, -0.33226130392046593], "body_yaw": 0.16185457398755818, "check_collision": false}, {"head": [[0.9975268357070022, -0.03395074965104407, -0.061543144561416595, -0.0037040640237811506], [0.029120949270464432, 0.996547947804868, -0.0777441833161369, 0.002022859880182761], [0.06397016771872907, 0.0757597143872533, 0.9950719990623791, 0.005620659870916089], [0.0, 0.0, 0.0, 1.0]], "antennas": [0.22188605990991386, -0.3666203430402322], "body_yaw": 0.16185457398755818, "check_collision": false}, {"head": [[0.9975163305906635, -0.034018053282651756, -0.0616761076576386, -0.003752227185353091], [0.029169226966002163, 0.9965358133189541, -0.0778815059621757, 0.0019395256048020306], [0.0641118273265067, 0.07588902966561915, 0.9950530281212489, 0.005701275220109103], [0.0, 0.0, 0.0, 1.0]], "antennas": [0.24501934240277817, -0.4009793821599985], "body_yaw": 0.16185457398755818, "check_collision": false}, {"head": [[0.9975114148806162, -0.034105130232655156, -0.06170751392403197, -0.003760066815150882], [0.029254160260873744, 0.9965337292766759, -0.07787631553528783, 0.0019480917418022532], [0.06414960085847833, 0.07587731219366055, 0.9950514872125781, 0.005703269899288432], [0.0, 0.0, 0.0, 1.0]], "antennas": [0.26815262489564246, -0.4353384212797648], "body_yaw": 0.16185457398755818, "check_collision": false}, {"head": [[0.9975033933741964, -0.03422358312030562, -0.061771567613028815, -0.0037284661555548656], [0.029365504834828533, 0.9965278952853249, -0.07790905623864468, 0.0020986676744624297], [0.06422341732389457, 0.07590059470523382, 0.9950449499347419, 0.0056054588960672835], [0.0, 0.0, 0.0, 1.0]], "antennas": [0.29128590738850674, -0.46969746039953114], "body_yaw": 0.16185457398755818, "check_collision": false}, {"head": [[0.9974853514691264, -0.03453755798020845, -0.06188804968066836, -0.0037354208859484827], [0.029662926347389155, 0.9965101692375976, -0.07802303125721047, 0.0021188924515558203], [0.06436679582690522, 0.075991050096824, 0.9950287814431095, 0.0055971949857019365], [0.0, 0.0, 0.0, 1.0]], "antennas": [0.3144191898813711, -0.5040564995192974], "body_yaw": 0.16185457398755818, "check_collision": false}, {"head": [[0.9974605234198916, -0.034769040828130135, -0.06215800848489178, -0.0037165261091516265], [0.029880640243587272, 0.996512153300246, -0.07791454077090074, 0.0021622303538565172], [0.06465022472930293, 0.07585935752956824, 0.9950204552257466, 0.005606084473078088], [0.0, 0.0, 0.0, 1.0]], "antennas": [0.33755247237423536, -0.5384155386390637], "body_yaw": 0.16185457398755818, "check_collision": false}, {"head": [[0.9973964308845281, -0.03534789055211715, -0.06285607601752191, -0.003680656107663778], [0.03041565802426473, 0.996507681576967, -0.07776456972843886, 0.001974024639758782], [0.06538537608483969, 0.07565029538351979, 0.9949883343047949, 0.005675930090922654], [0.0, 0.0, 0.0, 1.0]], "antennas": [0.36068575486709964, -0.57277457775883], "body_yaw": 0.16185457398755818, "check_collision": false}, {"head": [[0.9973125189137708, -0.03606559681230065, -0.06377313183811993, -0.0035951783906067476], [0.031066291236335804, 0.996491