{"description": "A longer movement that shows discouragement or sadness. You can also use it as a sad no", "time": [0.0, 0.010082483291625977, 0.02022409439086914, 0.030224084854125977, 0.040250539779663086, 0.05042290687561035, 0.06038212776184082, 0.07042169570922852, 0.08057880401611328, 0.09051680564880371, 0.10059905052185059, 0.1106569766998291, 0.12082481384277344, 0.13091301918029785, 0.14088034629821777, 0.1509411334991455, 0.1610429286956787, 0.1710352897644043, 0.18120455741882324, 0.19150900840759277, 0.20154452323913574, 0.21165895462036133, 0.2216649055480957, 0.23164105415344238, 0.2417159080505371, 0.25182247161865234, 0.2617983818054199, 0.27179431915283203, 0.2819645404815674, 0.29199957847595215, 0.3020336627960205, 0.3122398853302002, 0.3221931457519531, 0.33223533630371094, 0.34230732917785645, 0.3524177074432373, 0.3624422550201416, 0.372495174407959, 0.3827831745147705, 0.39262986183166504, 0.40268588066101074, 0.41270899772644043, 0.4227759838104248, 0.4328038692474365, 0.4428865909576416, 0.45297837257385254, 0.46297574043273926, 0.473008394241333, 0.4831538200378418, 0.49312543869018555, 0.5032215118408203, 0.5133905410766602, 0.5234158039093018, 0.5334975719451904, 0.5434970855712891, 0.5536766052246094, 0.5637176036834717, 0.5739431381225586, 0.5838353633880615, 0.5938060283660889, 0.6038565635681152, 0.6140110492706299, 0.6239829063415527, 0.6340584754943848, 0.6440858840942383, 0.6541516780853271, 0.6642348766326904, 0.6742877960205078, 0.6843423843383789, 0.6943709850311279, 0.7044837474822998, 0.7146220207214355, 0.724653959274292, 0.7346785068511963, 0.7447264194488525, 0.7547276020050049, 0.7647800445556641, 0.7748532295227051, 0.7849373817443848, 0.794992208480835, 0.8050229549407959, 0.8151109218597412, 0.8251962661743164, 0.8352348804473877, 0.8453164100646973, 0.8553791046142578, 0.8654055595397949, 0.8754782676696777, 0.8855752944946289, 0.8956146240234375, 0.9055655002593994, 0.9157261848449707, 0.92580246925354, 0.9357736110687256, 0.9458611011505127, 0.9558591842651367, 0.9659321308135986, 0.9759891033172607, 0.9861116409301758, 0.9962887763977051, 1.006279706954956, 1.016449213027954, 1.026536464691162, 1.0364198684692383, 1.0466382503509521, 1.0565154552459717, 1.0666284561157227, 1.0766208171844482, 1.0867516994476318, 1.0967607498168945, 1.1067845821380615, 1.1170270442962646, 1.1269266605377197, 1.1370668411254883, 1.1471035480499268, 1.1570971012115479, 1.1679723262786865, 1.1774075031280518, 1.1874778270721436, 1.1973841190338135, 1.2075049877166748, 1.2175345420837402, 1.227569818496704, 1.2376554012298584, 1.2482407093048096, 1.2577464580535889, 1.2678263187408447, 1.2778961658477783, 1.2879502773284912, 1.2979719638824463, 1.308072566986084, 1.3181993961334229, 1.328192949295044, 1.3382792472839355, 1.3484454154968262, 1.3583838939666748, 1.368420124053955, 1.3786134719848633, 1.3885853290557861, 1.3985908031463623, 1.408675193786621, 1.4187383651733398, 1.4287827014923096, 1.438828945159912, 1.4491093158721924, 1.4591829776763916, 1.4698119163513184, 1.4792523384094238, 1.4892807006835938, 1.4992718696594238, 1.5092787742614746, 1.5198841094970703, 1.529658555984497, 1.5394761562347412, 1.5495805740356445, 1.5596048831939697, 1.5696742534637451, 1.5797617435455322, 1.5897526741027832, 1.599836826324463, 1.6098732948303223, 1.619985818862915, 1.629988193511963, 1.6400716304779053, 1.6502470970153809, 1.6601793766021729, 1.67024827003479, 1.6804440021514893, 1.6905066967010498, 1.700422763824463, 1.7106833457946777, 1.7205731868743896, 1.7306108474731445, 1.7406976222991943, 1.7509217262268066, 1.7607996463775635, 1.7708330154418945, 1.7809836864471436, 1.790978193283081, 1.8010988235473633, 1.8110878467559814, 1.8213856220245361, 1.8314602375030518, 1.8413922786712646, 1.8513662815093994, 1.8614232540130615, 1.8714179992675781, 1.8815743923187256, 1.891547679901123, 1.9015746116638184, 1.9116287231445312, 1.9217555522918701, 1.931856393814087, 1.941908836364746, 1.9519686698913574, 1.962071418762207, 1.9720954895019531, 1.9821574687957764, 1.9923079013824463, 2.002243995666504, 2.0124146938323975, 2.0223119258880615, 2.032453775405884, 2.04262638092041, 2.0528767108917236, 2.0626251697540283, 2.0726964473724365, 2.0828309059143066, 2.092787981033325, 2.1031365394592285, 2.113358736038208, 2.123138427734375, 2.133192777633667, 2.143153667449951, 2.1532628536224365, 2.1633546352386475, 2.173311948776245, 2.1839897632598877, 2.193855047225952, 2.203970432281494, 2.2140347957611084, 2.2239830493927, 2.2341349124908447, 2.2441182136535645, 2.2543556690216064, 2.264277219772339, 2.2744574546813965, 2.2844040393829346, 2.294414758682251, 2.3044419288635254, 2.3145980834960938, 2.324613094329834, 2.33467698097229, 2.3447916507720947, 2.3547050952911377, 2.3648746013641357, 2.374882221221924, 2.3850295543670654, 2.3950257301330566, 2.4051921367645264, 2.4153811931610107, 2.425306558609009, 2.4351792335510254, 2.4453301429748535, 2.455324649810791, 2.4654078483581543, 2.4754602909088135, 2.4855830669403076, 2.4955968856811523, 2.505606174468994, 2.5157675743103027, 2.525756359100342, 2.535810708999634, 2.5459163188934326, 2.5559322834014893, 2.566044330596924, 2.5760133266448975, 2.5860936641693115, 2.5961461067199707, 2.6062240600585938, 2.616386651992798, 2.626351833343506, 2.636497735977173, 2.646491289138794, 2.6565444469451904, 2.666656255722046, 2.6767327785491943, 2.686772584915161, 2.6967945098876953, 2.70693302154541, 2.716984987258911, 2.7269999980926514, 2.737143039703369, 2.747166633605957, 2.7571322917938232, 2.7672219276428223, 2.777297019958496, 2.787328004837036, 2.7973883152008057, 2.807400703430176, 2.817563533782959, 2.8275320529937744, 2.837639808654785, 2.847734212875366, 2.8578546047210693, 2.86775541305542, 2.8778610229492188, 2.8880035877227783, 2.8981645107269287, 2.908170461654663, 2.9183528423309326, 2.928330421447754, 2.9384093284606934, 2.948310136795044, 2.9583325386047363, 2.9684507846832275, 2.978559970855713, 2.988593816757202, 2.9987874031066895, 3.00870418548584, 3.0188560485839844, 3.0287973880767822, 3.0388641357421875, 3.0489578247070312, 3.059009313583374, 3.068984031677246, 3.0790858268737793, 3.089116334915161, 3.0991969108581543, 3.109282970428467, 3.1194822788238525, 3.1294586658477783, 3.13948130607605, 3.1497280597686768, 3.1596274375915527, 3.1697351932525635, 3.179763078689575, 3.18984055519104, 3.2001953125, 3.2098424434661865, 3.219996213912964, 3.230032444000244, 3.240063428878784, 3.2507026195526123, 3.260533094406128, 3.270695924758911, 3.2807867527008057, 3.2907004356384277, 3.3007805347442627, 3.3107807636260986, 3.3209421634674072, 3.3309412002563477, 3.3409974575042725, 3.3510611057281494, 3.361098527908325, 3.371137857437134, 3.381307363510132, 3.391282320022583, 3.4013185501098633, 3.411428451538086, 3.421466112136841, 3.431614875793457, 3.4415366649627686, 3.4516983032226562, 3.4616987705230713, 3.4716696739196777, 3.481783866882324, 3.491819381713867, 3.5018675327301025, 3.5119411945343018, 3.522076368331909, 3.5322952270507812, 3.5423686504364014, 3.5523295402526855, 3.5623466968536377, 3.5723373889923096, 3.5825612545013428, 3.5924649238586426, 3.60251522064209, 3.6126441955566406, 3.6226089000701904, 3.6327083110809326, 3.6427526473999023, 3.6528255939483643, 3.6628787517547607, 3.6729140281677246, 3.6830482482910156, 3.6930782794952393, 3.703131914138794, 3.713244676589966, 3.7232444286346436, 3.733368158340454, 3.7434680461883545, 3.7534713745117188, 3.7634661197662354, 3.7735180854797363, 3.7836380004882812, 3.7936434745788574, 3.803683280944824, 3.8137636184692383, 3.8238072395324707, 3.833970546722412, 3.8440017700195312, 3.85408878326416, 3.8640635013580322, 3.874105453491211, 3.8842520713806152, 3.8942337036132812, 3.904265880584717, 3.914391279220581, 3.924401044845581, 3.9345340728759766, 3.9445621967315674, 3.954580068588257, 3.9647367000579834, 3.974637508392334, 3.984816074371338, 3.994809865951538, 4.004935264587402, 4.015053749084473, 4.0250303745269775, 4.035120487213135, 4.04518461227417, 4.055193662643433, 4.065243482589722, 4.075254440307617, 4.085418462753296, 4.09545111656189, 4.105450630187988, 4.115683317184448, 4.125665664672852, 4.1356658935546875, 4.14574670791626, 4.155929803848267, 4.165850400924683, 4.175893068313599, 4.186003684997559, 4.196053504943848, 4.206141710281372, 4.216262102127075, 4.2262067794799805, 4.2362518310546875, 4.246314525604248, 4.256338119506836, 4.266386032104492, 4.276493072509766, 4.286587715148926, 4.296628713607788, 4.306641340255737, 4.316796779632568, 4.326772928237915, 4.336926460266113, 4.346953392028809, 4.356997728347778, 4.367006540298462, 4.377178907394409, 4.387196779251099, 4.397239923477173, 4.407265901565552, 4.417361259460449, 4.427400350570679, 4.437480449676514, 4.447585344314575, 4.457634687423706, 4.467732906341553, 4.477716684341431, 4.48773980140686, 4.497817277908325, 4.507934808731079, 4.518309593200684, 4.528022289276123, 4.538010120391846, 4.548114776611328, 4.5581583976745605, 4.568262815475464, 4.578296184539795, 4.5883588790893555, 4.598416805267334, 4.6084794998168945, 4.6185948848724365, 4.628602981567383, 4.638756036758423, 4.648785591125488, 4.6588215827941895, 4.668815612792969, 4.678906679153442, 4.688985824584961, 4.698977947235107, 4.709025621414185, 4.7191081047058105, 4.729250192642212, 4.7393128871917725, 4.749368190765381, 4.759390592575073, 4.769466400146484, 4.779588222503662, 4.7896294593811035, 4.799738645553589, 4.809697866439819, 4.819815158843994, 4.82988715171814, 4.839825391769409, 4.84998631477356, 4.859956741333008, 4.870039939880371, 4.880143642425537, 4.890192985534668, 4.9001970291137695, 4.910279989242554, 4.9204301834106445, 4.930441617965698, 4.940513372421265, 4.950690507888794, 4.960511684417725, 4.9706151485443115, 4.980754613876343, 4.990731954574585, 5.000906944274902, 5.010934352874756, 5.020986318588257, 5.030993223190308, 5.041031837463379, 5.051121234893799, 5.061146974563599, 5.071212530136108, 5.081355333328247, 5.091338157653809, 5.101618051528931, 5.111539840698242, 5.121696472167969, 5.131869792938232, 5.141716480255127, 5.151809930801392, 5.161762237548828, 5.171746730804443, 5.181884765625, 5.191896677017212, 5.202019214630127, 5.212092876434326, 5.222099304199219, 5.232155084609985, 5.2423317432403564, 5.252849817276001, 5.262403964996338, 5.272466659545898, 5.282631158828735, 5.292553663253784, 5.302599906921387, 5.312790870666504, 5.3227009773254395, 5.332760334014893, 5.342885732650757, 5.3529345989227295, 5.362973928451538, 5.372982501983643, 5.383183479309082, 5.393147230148315, 5.403263092041016, 5.413290500640869, 5.423376798629761, 5.433398723602295, 5.4434990882873535, 5.453554153442383, 5.46369194984436, 5.473566055297852, 5.48371148109436, 5.493911027908325, 5.503924369812012, 5.513913154602051, 5.523900747299194, 5.534031391143799, 5.5440452098846436, 5.554134845733643, 5.564221620559692, 5.574225664138794, 5.584381341934204, 5.594331979751587, 5.604364633560181, 5.614526271820068, 5.624485492706299, 5.634594202041626, 5.644708156585693, 5.654709339141846, 5.664744138717651, 5.674762010574341, 5.684876203536987, 5.694958925247192, 5.704949617385864, 5.715057373046875, 5.725080728530884, 5.7352135181427, 5.745818138122559, 5.7553253173828125, 5.765360593795776, 5.775396823883057, 5.785520076751709, 5.795607566833496, 5.805599927902222, 5.815803289413452, 5.825758934020996, 5.835953235626221, 5.8459577560424805, 5.855927467346191, 5.865938663482666, 5.875998497009277, 5.886133193969727, 5.896173477172852], "set_target_data": [{"head": [[0.9950234529877836, -0.0814404255448601, 0.057408928672640865, -0.007453229490705725], [0.08534177617987641, 0.9939497697084462, -0.06914214731255411, -0.004455332175066125], [-0.05143062553316018, 0.07369743810743459, 0.9959536025205536, -0.0010913103536166462], [0.0, 0.0, 0.0, 1.0]], "antennas": [-0.05632905284848398, 0.2732935910639314], "body_yaw": 0.16185457398755818, "check_collision": false}, {"head": [[0.9950046860043668, -0.08147989320933388, 0.057677567840083106, -0.007424995333438276], [0.08540344428077001, 0.9939412792440512, -0.06918804173902313, -0.004675916379082381], [-0.0516906813103992, 0.07376828869707458, 0.995934893980712, -0.0009798110273813703], [0.0, 0.0, 0.0, 1.0]], "antennas": [-0.05632905284848398, 0.2732935910639314], "body_yaw": 0.16185457398755818, "check_collision": false}, {"head": [[0.9949975333293163, -0.08148117309414862, 0.05779902334622139, -0.007415054642226534], [0.08542164210752778, 0.9939290888205053, -0.06934053256280144, -0.004679828818626971], [-0.051798182673034876, 0.07393094634617416, 0.9959172472872079, -0.0009754027237310319], [0.0, 0.0, 0.0, 1.0]], "antennas": [-0.05632905284848398, 0.2732935910639314], "body_yaw": 0.16185457398755818, "check_collision": false}, {"head": [[0.9949861903559211, -0.08132087676560058, 0.058218519416805434, -0.00734762980604195], [0.08530832688100244, 0.9939178895074791, -0.0696399187374797, -0.00458401259027841], [-0.05220124869938442, 0.07425728192623766, 0.9958719223450134, -0.0010260129366556608], [0.0, 0.0, 0.0, 1.0]], "antennas": [-0.05632905284848398, 0.2732935910639314], "body_yaw": 0.16185457398755818, "check_collision": false}, {"head": [[0.9949470947086636, -0.08135718223467486, 0.058832708841452544, -0.007306204907441445], [0.08542590410562412, 0.9938605756412952, -0.07031053330540081, -0.004569040354562645], [-0.05275124300455808, 0.07498109818338931, 0.9957887031276699, -0.0010328922061398332], [0.0, 0.0, 0.0, 1.0]], "antennas": [-0.05632905284848398, 0.2732935910639314], "body_yaw": 0.16185457398755818, "check_collision": false}, {"head": [[0.9949140936700561, -0.08127815633573979, 0.059496281559051095, -0.0073235504843887815], [0.08540916490528205, 0.993845802168756, -0.07053932280454815, -0.004529428442556975], [-0.053396823565388024, 0.07526209413911462, 0.9957330949701942, -0.0011635044098490237], [0.0, 0.0, 0.0, 1.0]], "antennas": [-0.05632905284848398, 0.2732935910639314], "body_yaw": 0.16185457398755818, "check_collision": false}, {"head": [[0.9948894651415116, -0.08102845241118284, 0.06024402086751452, -0.007285714965726576], [0.08521312579938212, 0.993866642424026, -0.07048276575370531, -0.004527107588206001], [-0.05416341331503697, 0.07525614245124244, 0.9956921400118727, -0.001186605996833288], [0.0, 0.0, 0.0, 1.0]], "antennas": [-0.05632905284848398, 0.2732935910639314], "body_yaw": 0.16185457398755818, "check_collision": false}, {"head": [[0.9948948837115964, -0.08082586683109276, 0.060426398332946926, -0.007343200630833565], [0.0850184682031954, 0.9938911646877018, -0.07037196046797568, -0.0042714054501208805], [-0.054369388711588085, 0.07515006325164698, 0.9956889261031289, -0.0012969304135517761], [0.0, 0.0, 0.0, 1.0]], "antennas": [-0.05632905284848398, 0.2732935910639314], "body_yaw": 0.16185457398755818, "check_collision": false}, {"head": [[0.9949162583231975, -0.08090259355464036, 0.05997006987073307, -0.007360759859363526], [0.0850700434460818, 0.9938745402765746, -0.07054421236436487, -0.004262749688776269], [-0.053895515882582457, 0.07528724026127878, 0.995704326003252, -0.0012961212911597447], [0.0, 0.0, 0.0, 1.0]], "antennas": [-0.05632905284848398, 0.2732935910639314], "body_yaw": 0.16185457398755818, "check_collision": false}, {"head": [[0.9949273370714862, -0.08098010141269685, 0.05968096114365398, -0.007363306588378766], [0.08513249833055453, 0.9938601348643579, -0.07067170618711752, -0.004303436894181968], [-0.053591526157025365, 0.07539400176797534, 0.9957126557504284, -0.0012472397014834363], [0.0, 0.0, 0.0, 1.0]], "antennas": [-0.05632905284848398, 0.2732935910639314], "body_yaw": 0.16185457398755818, "check_collision": false}, {"head": [[0.9949259931707256, -0.08108449422459497, 0.05956150526629707, -0.0073627892092023], [0.08522151279162467, 0.993860750312333, -0.07055567125407763, -0.004301961009552175], [-0.05347487139538029, 0.07527359287923055, 0.9957280373396641, -0.00125832854298291], [0.0, 0.0, 0.0, 1.0]], "antennas": [-0.05632905284848398, 0.2732935910639314], "body_yaw": 0.16185457398755818, "check_collision": false}, {"head": [[0.9949010351654248, -0.08116901236179724, 0.059862522992073064, -0.007211780113717648], [0.08531244146631559, 0.9938742440468082, -0.07025506637561407, -0.00434939749221821], [-0.05379328543436018, 0.07500385625150127, 0.995731240842418, -0.0012149130942712399], [0.0, 0.0, 0.0, 1.0]], "antennas": [-0.05632905284848398, 0.2732935910639314], "body_yaw": 0.16185457398755818, "check_collision": false}, {"head": [[0.9948894124375689, -0.08114029719715105, 0.06009416935432769, -0.007168332049888598], [0.08529818856345603, 0.9938793746336236, -0.0701997699830273, -0.004336629498318044], [-0.05403032525741181, 0.07496693170081623, 0.9957211874334818, -0.0012416550014484034], [0.0, 0.0, 0.0, 1.0]], "antennas": [-0.05632905284848398, 0.2732935910639314], "body_yaw": 0.16185457398755818, "check_collision": false}, {"head": [[0.994874988158093, -0.08117861300941837, 0.06028093170565307, -0.007188979753099557], [0.08536020766964575, 0.9938614573796936, -0.07037782663386824, -0.004479522482862483], [-0.05419772028443139, 0.07516273228787626, 0.9956973289062253, -0.0011245788647853954], [0.0, 0.0, 0.0, 1.0]], "antennas": [-0.05632905284848398, 0.2732935910639314], "body_yaw": 0.16185457398755818, "check_collision": false}, {"head": [[0.9948640111790823, -0.08124211572564236, 0.06037646804085513, -0.007169643555616588], [0.08543755775210407, 0.9938460917693263, -0.07050084822320941, -0.0044678599591785936], [-0.054277278727133574, 0.07529717462997841, 0.9956828373064988, -0.001121210497873169], [0.0, 0.0, 0.0, 1.0]], "antennas": [-0.05632905284848398, 0.2732935910639314], "body_yaw": 0.16185457398755818, "check_collision": false}, {"head": [[0.994871425082165, -0.08117055413495228, 0.060350548435014764, -0.007194072004922702], [0.08535984052012996, 0.9938583260841293, -0.07042247723298761, -0.004392317641521719], [-0.054263663545325275, 0.07521282347231395, 0.9956899547569827, -0.0011427915430983187], [0.0, 0.0, 0.0, 1.0]], "antennas": [-0.05632905284848398, 0.2732935910639314], "body_yaw": 0.16185457398755818, "check_collision": false}, {"head": [[0.9948710180794628, -0.08126760875592658, 0.06022651536181634, -0.007196745954120325], [0.085450715776402, 0.9938462410348031, -0.07048279473951535, -0.00437983935337041], [-0.05412792771605079, 0.0752676886059731, 0.9956931969703722, -0.001132953974226079], [0.0, 0.0, 0.0, 1.0]], "antennas": [-0.05632905284848398, 0.2732935910639314], "body_yaw": 0.16185457398755818, "check_collision": false}, {"head": [[0.9948825887474179, -0.08121345882605174, 0.06010830818402388, -0.007179234944298768], [0.08539593411321014, 0.9938401671553871, -0.07063466985471535, -0.004355271453961883], [-0.054001565201100124, 0.07540620832571783, 0.9956895774797333, -0.0011267849516334843], [0.0, 0.0, 0.0, 1.0]], "antennas": [-0.05632905284848398, 0.2732935910639314], "body_yaw": 0.16185457398755818, "check_collision": false}, {"head": [[0.9949021086607516, -0.08120217094857486, 0.05979967905957851, -0.007196537194041076], [0.08535176816168531, 0.9938565242465796, -0.07045768151296206, -0.004342547302995823], [-0.05371098448235787, 0.07520250425182992, 0.9957207005481956, -0.0011121887472941832], [0.0, 0.0, 0.0, 1.0]], "antennas": [-0.05632905284848398, 0.2732935910639314], "body_yaw": 0.16185457398755818, "check_collision": false}, {"head": [[0.9949156320487262, -0.08110540137799102, 0.05970593749702413, -0.0072335429089084675], [0.08524350637263939, 0.9938717648095621, -0.0703737148061989, -0.0043695945714203824], [-0.05363235708395975, 0.07510545240953818, 0.9957322638601087, -0.001093653856686248], [0.0, 0.0, 0.0, 1.0]], "antennas": [-0.05632905284848398, 0.2732935910639314], "body_yaw": 0.16185457398755818, "check_collision": false}, {"head": [[0.9949178643134758, -0.08109337147888177, 0.059685076628081146, -0.007255683666271858], [0.08523645094797835, 0.9938637693220672, -0.07049507400326167, -0.004376850883996617], [-0.05360215200628339, 0.07522415257828131, 0.9957249299727181, -0.0010782142845853753], [0.0, 0.0, 0.0, 1.0]], "antennas": [-0.05632905284848398, 0.2732935910639314], "body_yaw": 0.16185457398755818, "check_collision": false}, {"head": [[0.9949065313094494, -0.08109919945357336, 0.0598657982974311, -0.007252836507857092], [0.08525484899325292, 0.9938635881850361, -0.07047537728243873, -0.004365346177012406], [-0.05378294042665218, 0.07522026274850392, 0.9957154751188256, -0.0010788441625364503], [0.0, 0.0, 0.0, 1.0]], "antennas": [-0.05632905284848398, 0.2732935910639314], "body_yaw": 0.16185457398755818, "check_collision": false}, {"head": [[0.9949000541568677, -0.08096162249059927, 0.06015893883996824, -0.0072453145131040776], [0.0851369914820081, 0.9938770166629117, -0.07042846321355041, -0.004350370524463897], [-0.05408858400858568, 0.0751910329289313, 0.9957011266675488, -0.0010812373884017106], [0.0, 0.0, 0.0, 1.0]], "antennas": [-0.05632905284848398, 0.2732935910639314], "body_yaw": 0.16185457398755818, "check_collision": false}, {"head": [[0.9949054343909792, -0.08066661720622892, 0.06046547351836685, -0.007264082792235571], [0.08487579591735928, 0.9938858741921979, -0.07061847030773985, -0.004414746293458367], [-0.054399226894243334, 0.0753907550679398, 0.9956691007375865, -0.0010464815400047494], [0.0, 0.0, 0.0, 1.0]], "antennas": [-0.05632905284848398, 0.2732935910639314], "body_yaw": 0.16185457398755818, "check_collision": false}, {"head": [[0.9949015088053611, -0.0806652121768799, 0.0605319033343136, -0.007241580866851196], [0.08490606756693948, 0.9938485398983715, -0.07110583261725548, -0.0044772306671131724], [-0.054423776670992324, 0.07588282603022761, 0.9956303778242868, -0.0011375030469916707], [0.0, 0.0, 0.0, 1.0]], "antennas": [-0.05632905284848398, 0.2732935910639314], "body_yaw": 0.16185457398755818, "check_collision": false}, {"head": [[0.9949054332346489, -0.08064396879911392, 0.06049569585105117, -0.007248894132199996], [0.08489768864347588, 0.9938287807953856, -0.07139143454051432, -0.004467955306251518], [-0.054365075031409436, 0.07616367086140645, 0.9956121402723775, -0.0011346288099935969], [0.0, 0.0, 0.0, 1.0]], "antennas": [-0.05632905284848398, 0.2732935910639314], "body_yaw": 0.16185457398755818, "check_collision": false}, {"head": [[0.994922947696283, -0.08057855898835381, 0.06029447718240356, -0.0072612337620630825], [0.08482721607380925, 0.993821258490532, -0.07157967299074643, -0.00446129472460118], [-0.05415414629099304, 0.07633087189109856, 0.9956108308148511, -0.0011267313763710356], [0.0, 0.0, 0.0, 1.0]], "antennas": [-0.05632905284848398, 0.2732935910639314], "body_yaw": 0.16185457398755818, "check_collision": false}, {"head": [[0.9949259512286603, -0.08060425141702142, 0.060210515902515103, -0.00723373890656396], [0.08485104423106236, 0.9938131276241136, -0.07166427042031313, -0.00425083745934305], [-0.05406155625436363, 0.07640956756505739, 0.9956098262471484, -0.001218548530927453], [0.0, 0.0, 0.0, 1.0]], "antennas": [-0.05632905284848398, 0.2732935910639314], "body_yaw": 0.16185457398755818, "check_collision": false}, {"head": [[0.9949295353634036, -0.08064266742595412, 0.0600997491840721, -0.007253264763027066], [0.08487899669656514, 0.9938133076860685, -0.07162866315840268, -0.004220672506134278], [-0.05395160406647703, 0.0763666789673506, 0.9956190811561173, -0.0012235429606183828], [0.0, 0.0, 0.0, 1.0]], "antennas": [-0.05632905284848398, 0.2732935910639314], "body_yaw": 0.16185457398755818, "check_collision": false}, {"head": [[0.994930309941817, -0.08066111348809499, 0.06006216055005349, -0.007240422436530364], [0.0848832023666635, 0.9938280174245169, -0.0714192812763753, -0.004212845511377304], [-0.05393069918942081, 0.07615547618467512, 0.9956363910243665, -0.00123497456652971], [0.0, 0.0, 0.0, 1.0]], "antennas": [-0.05632905284848398, 0.2732935910639314], "body_yaw": 0.16185457398755818, "check_collision": false}, {"head": [[0.9949203944927999, -0.08060168342412181, 0.06030569833347931, -0.00722027484055184], [0.08484019451660242, 0.9938346642380192, -0.07137787859896252, -0.00420137935403267], [-0.05418071628057373, 0.07613165431081093, 0.9956246387043778, -0.0012518219425729487], [0.0, 0.0, 0.0, 1.0]], "antennas": [-0.05632905284848398, 0.2732935910639314], "body_yaw": 0.16185457398755818, "check_collision": false}, {"head": [[0.9949099039331681, -0.08050323638788273, 0.060609504096061716, -0.007347888913172949], [0.08476665834142005, 0.9938388452425647, -0.0714070257086387, -0.003962156047009745], [-0.05448758289117631, 0.07618122221388877, 0.9956041003796012, -0.0013412905512788491], [0.0, 0.0, 0.0, 1.0]], "antennas": [-0.05632905284848398, 0.2732935910639314], "body_yaw": 0.16185457398755818, "check_collision": false}, {"head": [[0.9949017327034714, -0.08041952935629108, 0.060854264942917326, -0.007358604757132638], [0.08469714593486762, 0.9938507863859424, -0.07132326317921366, -0.003941255663084897], [-0.054744275811429634, 0.07611382067769475, 0.995595174037985, -0.0013487358204431477], [0.0, 0.0, 0.0, 1.0]], "antennas": [-0.05632905284848398, 0.2732935910639314], "body_yaw": 0.16185457398755818, "check_collision": false}, {"head": [[0.9948646344564365, -0.08067919501607854, 0.06111650022226742, -0.0072614162289126715], [0.08499889601542751, 0.9937959235377931, -0.07172760999659251, -0.004202931858442025], [-0.054950402946833676, 0.07655409754691321, 0.9955500607025034, -0.0012079772628428836], [0.0, 0.0, 0.0, 1.0]], "antennas": [-0.05632905284848398, 0.2732935910639314], "body_yaw": 0.16185457398755818, "check_collision": false}, {"head": [[0.9948094687005485, -0.08106262487559171, 0.06150586827296329, -0.007266154712898573], [0.08541852902330749, 0.9937512420954602, -0.0718480600519191, -0.004182965726060998], [-0.05529734065238933, 0.07672887124159261, 0.9955173953451363, -0.0011981522790191473], [0.0, 0.0, 0.0, 1.0]], "antennas": [-0.05632905284848398, 0.2732935910639314], "body_yaw": 0.16185457398755818, "check_collision": false}, {"head": [[0.9948188971271161, -0.0809489425132694, 0.06150309443248756, -0.007285730534590559], [0.08531200213472914, 0.9937509502719473, -0.07197854628544241, -0.004237607996495965], [-0.05529217133150085, 0.07685257015601372, 0.9955081407250584, -0.0011165359854874417], [0.0, 0.0, 0.0, 1.0]], "antennas": [-0.05632905284848398, 0.2732935910639314], "body_yaw": 0.16185457398755818, "check_collision": false}, {"head": [[0.9947992130627875, -0.08122060072430486, 0.06146332001805291, -0.007261065399963761], [0.08558925865418661, 0.9937153996966168, -0.07214002501260859, -0.004426858325897565], [-0.05521779145063006, 0.07702544010764302, 0.9954989086300088, -0.0010499605384313698], [0.0, 0.0, 0.0, 1.0]], "antennas": [-0.05632905284848398, 0.2732935910639314], "body_yaw": 0.16185457398755818, "check_collision": false}, {"head": [[0.9947319994689564, -0.081715421774513, 0.06189377251958164, -0.007293613887029299], [0.08614372662612181, 0.9936324006716513, -0.07262169578339071, -0.004258585168491318], [-0.05556534527433683, 0.07757088487122472, 0.9954372156117326, -0.0010939707163215], [0.0, 0.0, 0.0, 1.0]], "antennas": [-0.05632905284848398, 0.2732935910639314], "body_yaw": 0.16185457398755818, "check_collision": false}, {"head": [[0.9946905198369899, -0.08206145450346598, 0.06210223370535535, -0.007294461536590904], [0.0865113589080549, 0.9935929501720996, -0.07272437107452671, -0.004470680441461774], [-0.055736473931355765, 0.07771079109801503, 0.9954167360561205, -0.0010789643086789296], [0.0, 0.0, 0.0, 1.0]], "antennas": [-0.05632905284848398, 0.2732935910639314], "body_yaw": 0.16185457398755818, "check_collision": false}, {"head": [[0.9946515515649237, -0.0822899756812396, 0.06242315973956383, -0.007333816617669526], [0.08675353212143215, 0.9935862853439311, -0.07252667261707402, -0.004371230424950685], [-0.05605457727916381, 0.07755419704200148, 0.9954110863795043, -0.0010968019488734587], [0.0, 0.0, 0.0, 1.0]], "antennas": [-0.05632905284848398, 0.2732935910639314], "body_yaw": 0.16185457398755818, "check_collision": false}, {"head": [[0.9945840709063347, -0.08290587571273271, 0.06268286585413838, -0.007344969302785083], [0.08740993875991125, 0.9935016306568082, -0.07289727353098754, -0.0043749416363557895], [-0.0562319171411713, 0.07798157253202817, 0.9953676937896169, -0.0010854064369377175], [0.0, 0.0, 0.0, 1.0]], "antennas": [-0.05632905284848398, 0.2732935910639314], "body_yaw": 0.16185457398755818, "check_collision": false}, {"head": [[0.9945468839868078, -0.08327680536780707, 0.06278112168369891, -0.007338819001813772], [0.08780264174499924, 0.99344817365238, -0.07315341666217515, -0.004594902494981368], [-0.05627780783515247, 0.07826685092989794, 0.9953427090157373, -0.0010626891277233357], [0.0, 0.0, 0.0, 1.0]], "antennas": [-0.05632905284848398, 0.2732935910639314], "body_yaw": 0.16185457398755818, "check_collision": false}, {"head": [[0.9944817490738473, -0.08377133194998121, 0.06315389696881175, -0.007354108814919774], [0.08831662119111669, 0.993414636295649, -0.07298996379618357, -0.004611301485469194], [-0.05662353910173782, 0.07816472565620279, 0.9953311260493588, -0.0010680313376381628], [0.0, 0.0, 0.0, 1.0]], "antennas": [-0.06029929340157411, 0.2732935910639314], "body_yaw": 0.16185457398755818, "check_collision": false}, {"head": [[0.9944606410947091, -0.08406090417100996, 0.06310148733154282, -0.0073114970185869325], [0.08862158242886715, 0.9933617867452251, -0.07333877393396918, -0.004665907666427387], [-0.056517682554259804, 0.07852467780441136, 0.9953088096336784, -0.0009790782559568317], [0.0, 0.0, 0.0, 1.0]], "antennas": [-0.06509085283484467, 0.2732935910639314], "body_yaw": 0.16185457398755818, "check_collision": false}, {"head": [[0.9944080272546981, -0.08437053788444464, 0.06351604260743506, -0.007254781860075966], [0.08897210965680465, 0.9933193991429843, -0.07348833233540349, -0.004894277626137853], [-0.05689146715138874, 0.0787285438917212, 0.9952714088840552, -0.0009031544415080122], [0.0, 0.0, 0.0, 1.0]], "antennas": [-0.07070373114829567, 0.2732935910639314], "body_yaw": 0.16185457398755818, "check_collision": false}, {"head": [[0.9944116005384666, -0.0843522302260834, 0.06348440730140625, -0.007240799437264115], [0.08896095970037476, 0.9933079020161568, -0.07365703932041535, -0.004897722564103949], [-0.056846427888771686, 0.07889304816108157, 0.9952609560251722, -0.0009092349701493845], [0.0, 0.0, 0.0, 1.0]], "antennas": [-0.07659038242180682, 0.2732935910639314], "body_yaw": 0.16185457398755818, "check_collision": false}, {"head": [[0.9944315151196722, -0.08422102333822999, 0.06334651501585857, -0.007275936189690693], [0.08883785770612636, 0.9932942973614256, -0.0739883360230369, -0.00475222360211119], [-0.05669035874801924, 0.07920390177972983, 0.9952451683720387, -0.0008802075493298794], [0.0, 0.0, 0.0, 1.0]], "antennas": [-0.08357212553555855, 0.2732935910639314], "body_yaw": 0.16185457398755818, "check_collision": false}, {"head": [[0.9944265043694651, -0.08431102412919801, 0.06330543908553711, -0.007285315960183306], [0.08893863609526427, 0.9932667297716434, -0.07423693513514583, -0.004744109715824067], [-0.05662019442779241, 0.07945347531122528, 0.995229269487151, -0.000875706665279195], [0.0, 0.0, 0.0, 1.0]], "antennas": [-0.09110141456943058, 0.2732935910639314], "body_yaw": 0.16185457398755818, "check_collision": false}, {"head": [[0.9944264949030561, -0.08437749013728231, 0.0632169707669881, -0.007303834849628496], [0.08900200205440194, 0.9932557452711909, -0.07430792767988299, -0.004738761140955494], [-0.05652070297802066, 0.07952020902829239, 0.9952295948628972, -0.0008658572434157002], [0.0, 0.0, 0.0, 1.0]], "antennas": [-0.09972579544354318, 0.27698899339252536], "body_yaw": 0.16185457398755818, "check_collision": false}, {"head": [[0.9944338750169263, -0.08436473785329533, 0.06311782019180812, -0.007397265556952115], [0.08897121350919714, 0.9932718648768563, -0.07412911446087461, -0.0047839293098906185], [-0.056439271660090724, 0.07933217160142125, 0.9952492226389738, -0.0008487950256355608], [0.0, 0.0, 0.0, 1.0]], "antennas": [-0.10944526815789637, 0.2817794875613599], "body_yaw": 0.16185457398755818, "check_collision": false}, {"head": [[0.9944074265529391, -0.0844008469922282, 0.06348517183843122, -0.007500944858228272], [0.08905998173116651, 0.993233155469842, -0.0745400464815039, -0.004521608000278724], [-0.056764334492751214, 0.07977716404093942, 0.9951951639890438, -0.0010395308667667785], [0.0, 0.0, 0.0, 1.0]], "antennas": [-0.12025983271249015, 0.2873913006103749], "body_yaw": 0.16185457398755818, "check_collision": false}, {"head": [[0.9943341178627817, -0.08475038050460071, 0.06416412594564558, -0.007522958712460043], [0.08946512329045028, 0.9931946334877211, -0.07456816831474034, -0.004505077943705928], [-0.0574077849134401, 0.07988612530043193, 0.9951495129958188, -0.0010665943945050143], [0.0, 0.0, 0.0, 1.0]], "antennas": [-0.13162194318720422, 0.2938244325395703], "body_yaw": 0.16185457398755818, "check_collision": false}, {"head": [[0.9942878066385434, -0.08496023049568634, 0.06460276158210475, -0.007503759539382905], [0.08969815631663659, 0.9931887896321945, -0.07436577776324692, -0.0046356391787001116], [-0.0578446049628714, 0.07973573466806617, 0.9951362792570839, -0.0009872993311502692], [0.0, 0.0, 0.0, 1.0]], "antennas": [-0.14353159958203857, 0.30080511038888597], "body_yaw": 0.16185457398755818, "check_collision": false}, {"head": [[0.9942209201623982, -0.08549587314384316, 0.0649247070598431, -0.007544534712650809], [0.09027294921501111, 0.9931187807000776, -0.0746048393927317, -0.0046197571203214416], [-0.05809954002794331, 0.08003463685282232, 0.9950974325925972, -0.0009947439110853367], [0.0, 0.0, 0.0, 1.0]], "antennas": [-0.15544125597687292, 0.3088808800784423], "body_yaw": 0.16185457398755818, "check_collision": false}, {"head": [[0.9941582883224496, -0.08600243090978667, 0.0652141061227091, -0.007612896451283706], [0.09081096642920462, 0.9930584943638391, -0.07475423163954172, -0.0046229424520603385], [-0.05833237639570726, 0.08023969497344664, 0.9950672968270021, -0.0009543278956706241], [0.0, 0.0, 0.0, 1.0]], "antennas": [-0.16762468533176741, 0.317777968648179], "body_yaw": 0.16185457398755818, "check_collision": false}, {"head": [[0.9940958457241695, -0.08647818771856605, 0.06553604018294779, -0.007683237630390548], [0.0913044185768761, 0.9930231071960844, -0.07462313128630234, -0.004604554616418588], [-0.058625529100274194, 0.08016627485137727, 0.9950559862209597, -0.0009414952589293351], [0.0, 0.0, 0.0, 1.0]], "antennas": [-0.1798081146866619, 0.3285914679383367], "body_yaw": 0.16185457398755818, "check_collision": false}, {"head": [[0.994050249129441, -0.0868653406907223, 0.06571540757220236, -0.007707799207862262], [0.09171657283555965, 0.9929711371269246, -0.07480903087302548, -0.004834724179638852], [-0.05875519103020098, 0.08039112774147741, 0.9950301975857103, -0.0008135384435478104], [0.0, 0.0, 0.0, 1.0]], "antennas": [-0.1919915440415564, 0.3407738320287952], "body_yaw": 0.16185457398755818, "check_collision": false}, {"head": [[0.9939868508240469, -0.08734783849070937, 0.06603404803504397, -0.007740780970090131], [0.09223272821312123, 0.992912582229049, -0.07495150363806002, -0.004833192692645896], [-0.05901918531509949, 0.0805913094709508, 0.9949983802009423, -0.0008145577646631579], [0.0, 0.0, 0.0, 1.0]], "antennas": [-0.2041749733964509, 0.35459883387961455], "body_yaw": 0.16185457398755818, "check_collision": false}, {"head": [[0.9939052793565273, -0.08777003124972084, 0.06669870524714909, -0.007767174246097007], [0.09269819008083736, 0.9928819254852349, -0.07478320399975479, -0.004764969196846529], [-0.05966021474114881, 0.08051027051969843, 0.994966710557637, -0.0007995853359035725], [0.0, 0.0, 0.0, 1.0]], "antennas": [-0.2163584027513454, 0.368697608690494], "body_yaw": 0.16185457398755818, "check_collision": false}, {"head": [[0.9937653884708417, -0.08837748215196335, 0.06796891440854683, -0.007791614701201245], [0.09339970442886254, 0.9928261631099661, -0.07465055295806064, -0.004767550770135065], [-0.06088388859130203, 0.08053341227603922, 0.9948907083781512, -0.0008032859195004054], [0.0, 0.0, 0.0, 1.0]], "antennas": [-0.2285418321062399, 0.38361770238155396], "body_yaw": 0.16185457398755818, "check_collision": false}, {"head": [[0.9935443689845956, -0.08938569852037412, 0.06985544902887751, -0.007839812126261142], [0.09457141689520368, 0.9927013944367037, -0.07483440779385808, -0.004757594928961163], [-0.06265647584595625, 0.08095763326239627, 0.9947462126849823, -0.0008812140939751783], [0.0, 0.0, 0.0, 1.0]], "antennas": [-0.2407252614611344, 0.398811569032674], "body_yaw": 0.16185457398755818, "check_collision": false}, {"head": [[0.9932786145464891, -0.09037413305281541, 0.07231949916557052, -0.007878042583354155], [0.09581150501178543, 0.9925225609632656, -0.07562487346301616, -0.004748399460174233], [-0.06494420214294387, 0.08204560959535012, 0.9945103159616514, -0.000901072176157534], [0.0, 0.0, 0.0, 1.0]], "antennas": [-0.2529086908160289, 0.41427920864385426], "body_yaw": 0.16185457398755818, "check_collision": false}, {"head": [[0.9930461182086041, -0.09095361311281269, 0.07474521638571915, -0.007968999759009852], [0.09667031776008003, 0.9923491266615445, -0.07679883122961743, -0.004718833773174874], [-0.06718821901932173, 0.08349042505458272, 0.9942409628199881, -0.0010024055007565296], [0.0, 0.0, 0.0, 1.0]], "antennas": [-0.26509212017092343, 0.42974684825503445], "body_yaw": 0.16185457398755818, "check_collision": false}, {"head": [[0.9927022993541956, -0.09203210603314743, 0.07792455528263578, -0.008037898632364116], [0.09810025050588342, 0.9921153199471721, -0.07799700492200684, -0.004726194897374227], [-0.07013191646872324, 0.08507222452260282, 0.9939035319925169, -0.0010495429005212258], [0.0, 0.0, 0.0, 1.0]], "antennas": [-0.2772755495258179, 0.44521448786621465], "body_yaw": 0.16185457398755818, "check_collision": false}, {"head": [[0.9923480006885899, -0.0931458628731161, 0.08105117987408392, -0.008100359427513006], [0.09949026233519614, 0.991967638285009, -0.07811461000181376, -0.004835982176802115], [-0.0731240947282926, 0.08558068020811858, 0.9936442089325955, -0.0010474634092699758], [0.0, 0.0, 0.0, 1.0]], "antennas": [-0.2894589788807124, 0.4606821274773949], "body_yaw": 0.16185457398755818, "check_collision": false}, {"head": [[0.9920242755920965, -0.09378720302593661, 0.08421280891021318, -0.008218578109833242], [0.10038330021872126, 0.991899161739292, -0.07784115863788231, -0.004864192734666426], [-0.07623011001680643, 0.08567387868809039, 0.9934027163428556, -0.0010794144994692428], [0.0, 0.0, 0.0, 1.0]], "antennas": [-0.3016424082356069, 0.4761497670885751], "body_yaw": 0.16185457398755818, "check_collision": false}, {"head": [[0.9917020040511624, -0.09431383635618962, 0.08736152146503379, -0.008325186148118916], [0.10118076802765191, 0.9918194315978472, -0.07782459306836866, -0.004888289033447149], [-0.07930691862783579, 0.08601811074826375, 0.9931320643706237, -0.0011202285937739736], [0.0, 0.0, 0.0, 1.0]], "antennas": [-0.3138258375905014, 0.49134363373969514], "body_yaw": 0.16185457398755818, "check_collision": false}, {"head": [[0.991359720717381, -0.09515517011051836, 0.0902850914625158, -0.008388828184335837], [0.10231276003838669, 0.9916684589063895, -0.07826727760407877, -0.004700549071147623], [-0.0820853413983522, 0.08682834336473742, 0.9928357545516032, -0.0011401839016771925], [0.0, 0.0, 0.0, 1.0]], "antennas": [-0.3260092669453959, 0.5065375003908152], "body_yaw": 0.16185457398755818, "check_collision": false}, {"head": [[0.9909555529253395, -0.09600216757334866, 0.09375860465927181, -0.008442541824256088], [0.10351255980927614, 0.99150003632314, -0.07882149410499283, -0.004741656323107282], [-0.08539462563982568, 0.08781379044564168, 0.9924698968328477, -0.0012346899277754213], [0.0, 0.0, 0.0, 1.0]], "antennas": [-0.33819