{"description": "When you\u2019re about to shut down due to low battery, you simulate a funny death.", "time": [0.0, 0.01002049446105957, 0.02100539207458496, 0.030307531356811523, 0.04040646553039551, 0.050519704818725586, 0.060510873794555664, 0.07056665420532227, 0.08064103126525879, 0.09065675735473633, 0.10065078735351562, 0.11069822311401367, 0.1208336353302002, 0.13094115257263184, 0.14093327522277832, 0.1511385440826416, 0.16106438636779785, 0.1711595058441162, 0.18123507499694824, 0.19124174118041992, 0.20131754875183105, 0.2113635540008545, 0.22150826454162598, 0.23143911361694336, 0.24147415161132812, 0.2515909671783447, 0.2616126537322998, 0.2716217041015625, 0.2817113399505615, 0.2918086051940918, 0.30203914642333984, 0.312161922454834, 0.322049617767334, 0.33210325241088867, 0.34211015701293945, 0.3521721363067627, 0.3622586727142334, 0.3723723888397217, 0.3824582099914551, 0.3924844264984131, 0.4024481773376465, 0.41254377365112305, 0.42261552810668945, 0.432675838470459, 0.44268012046813965, 0.45276618003845215, 0.4628772735595703, 0.4728419780731201, 0.4829986095428467, 0.4932551383972168, 0.5030703544616699, 0.5131869316101074, 0.5232319831848145, 0.5333907604217529, 0.5434784889221191, 0.5534329414367676, 0.5635194778442383, 0.5735280513763428, 0.5836355686187744, 0.5937044620513916, 0.6037483215332031, 0.6138131618499756, 0.6238481998443604, 0.6338810920715332, 0.6439063549041748, 0.6540188789367676, 0.664099931716919, 0.6740777492523193, 0.6842103004455566, 0.6942687034606934, 0.7043046951293945, 0.7143666744232178, 0.7244384288787842, 0.7344367504119873, 0.7445180416107178, 0.7545664310455322, 0.7646489143371582, 0.7747015953063965, 0.7848284244537354, 0.7948393821716309, 0.8051571846008301, 0.8149607181549072, 0.8250312805175781, 0.8350412845611572, 0.8451452255249023, 0.855201005935669, 0.8653273582458496, 0.8752422332763672, 0.8853762149810791, 0.8954553604125977, 0.9054396152496338, 0.9156994819641113, 0.9259514808654785, 0.9357101917266846, 0.9457657337188721, 0.9559144973754883, 0.9661917686462402, 0.9760463237762451, 0.9861409664154053, 0.9961833953857422, 1.0062596797943115, 1.0163533687591553, 1.0263781547546387, 1.0363330841064453, 1.046431064605713, 1.0564923286437988, 1.0665225982666016, 1.076587438583374, 1.0866782665252686, 1.0966997146606445, 1.1067445278167725, 1.1168429851531982, 1.1269266605377197, 1.1369414329528809, 1.1471264362335205, 1.1571383476257324, 1.167196273803711, 1.1772050857543945, 1.1873230934143066, 1.1973466873168945, 1.2073841094970703, 1.2174303531646729, 1.2274911403656006, 1.2375926971435547, 1.2476847171783447, 1.2584574222564697, 1.2678263187408447, 1.2778940200805664, 1.2878973484039307, 1.2980003356933594, 1.3079698085784912, 1.3182563781738281, 1.3281776905059814, 1.338151454925537, 1.3483221530914307, 1.3583002090454102, 1.3683345317840576, 1.378380537033081, 1.3884470462799072, 1.3984708786010742, 1.4084856510162354, 1.4186382293701172, 1.428666114807129, 1.4386658668518066, 1.4488582611083984, 1.4588515758514404, 1.4689419269561768, 1.4790172576904297, 1.4893255233764648, 1.499166488647461, 1.5091373920440674, 1.5192503929138184, 1.5292956829071045, 1.5396995544433594, 1.5497004985809326, 1.559497356414795, 1.5694763660430908, 1.5795331001281738, 1.589601755142212, 1.599703073501587, 1.609724760055542, 1.6198089122772217, 1.6299400329589844, 1.6399126052856445, 1.6501002311706543, 1.6601135730743408, 1.6713414192199707, 1.6805946826934814, 1.6903154850006104, 1.7003273963928223, 1.7103664875030518, 1.7204773426055908, 1.730478048324585, 1.7404859066009521, 1.7506258487701416, 1.7606616020202637, 1.7706542015075684, 1.7808005809783936, 1.7908403873443604, 1.8008947372436523, 1.8109657764434814, 1.8210217952728271, 1.8311536312103271, 1.8411269187927246, 1.851428508758545, 1.861274003982544, 1.871272325515747, 1.8814096450805664, 1.8914694786071777, 1.9014463424682617, 1.9116520881652832, 1.9216983318328857, 1.9317724704742432, 1.9417273998260498, 1.9518187046051025, 1.961916446685791, 1.9719045162200928, 1.9819583892822266, 1.9920551776885986, 2.0021278858184814, 2.0121521949768066, 2.022322654724121, 2.032471179962158, 2.042820692062378, 2.053353786468506, 2.0634219646453857, 2.0730793476104736, 2.0831668376922607, 2.0931625366210938, 2.103187322616577, 2.1131956577301025, 2.1233179569244385, 2.133373975753784, 2.1434295177459717, 2.153489828109741, 2.1635544300079346, 2.1735713481903076, 2.18369722366333, 2.193732261657715, 2.203824043273926, 2.2139644622802734, 2.2240233421325684, 2.2339704036712646, 2.244093179702759, 2.2541146278381348, 2.2641727924346924, 2.2741944789886475, 2.284295082092285, 2.294358730316162, 2.304373025894165, 2.3144471645355225, 2.3245434761047363, 2.334582805633545, 2.344681978225708, 2.3546907901763916, 2.364859104156494, 2.3748207092285156, 2.3849470615386963, 2.3949806690216064, 2.404958963394165, 2.4150538444519043, 2.425116539001465, 2.4351816177368164, 2.4452836513519287, 2.4552969932556152, 2.4653518199920654, 2.4754321575164795, 2.485464334487915, 2.495502233505249, 2.505547523498535, 2.515629529953003, 2.5257298946380615, 2.535738945007324, 2.5459625720977783, 2.5559773445129395, 2.5661025047302246, 2.576040744781494, 2.586193323135376, 2.596174478530884, 2.606156349182129, 2.6165215969085693, 2.626347541809082, 2.6363348960876465, 2.6464195251464844, 2.65657114982605, 2.6666061878204346, 2.6766293048858643, 2.686699628829956, 2.6967525482177734, 2.7067606449127197, 2.7169721126556396, 2.7270491123199463, 2.7369868755340576, 2.747105598449707, 2.7571916580200195, 2.767185926437378, 2.777595281600952, 2.787400007247925, 2.797366142272949, 2.8073699474334717, 2.8174707889556885, 2.8275187015533447, 2.837557077407837, 2.847602128982544, 2.8576648235321045, 2.8677122592926025, 2.877811908721924, 2.8878650665283203, 2.8980820178985596, 2.9086248874664307, 2.9192006587982178, 2.928616523742676, 2.9384605884552, 2.9483892917633057, 2.958554983139038, 2.968538284301758, 2.978517532348633, 2.988957643508911, 2.9989988803863525, 3.009035587310791, 3.0191521644592285, 3.0291757583618164, 3.0391409397125244, 3.0493030548095703, 3.0593812465667725, 3.0694291591644287, 3.079474449157715, 3.089596748352051, 3.0995874404907227, 3.10965895652771, 3.1196656227111816, 3.129711389541626, 3.1397454738616943, 3.1498820781707764, 3.1599180698394775, 3.1699438095092773, 3.180046319961548, 3.1900482177734375, 3.200122594833374, 3.2101688385009766, 3.2205450534820557, 3.230433702468872, 3.2403714656829834, 3.250552177429199, 3.260577440261841, 3.2706027030944824, 3.2806336879730225, 3.2907626628875732, 3.300734281539917, 3.3107876777648926, 3.3209941387176514, 3.3310017585754395, 3.3409535884857178, 3.3510544300079346, 3.36112904548645, 3.3711905479431152, 3.381305694580078, 3.391343355178833, 3.401413917541504, 3.411461114883423, 3.4215688705444336, 3.431591749191284, 3.441633939743042, 3.451748847961426, 3.46177339553833, 3.4717495441436768, 3.481900691986084, 3.4920084476470947, 3.5019843578338623, 3.5120749473571777, 3.5221359729766846, 3.5321457386016846, 3.542313814163208, 3.5524048805236816, 3.562544584274292, 3.5724618434906006, 3.5825603008270264, 3.5926380157470703, 3.6026651859283447, 3.6127302646636963, 3.622760772705078, 3.632812261581421, 3.6428139209747314, 3.652959108352661, 3.663020372390747, 3.673007011413574, 3.683159112930298, 3.6931982040405273, 3.7032010555267334, 3.7133424282073975, 3.7233593463897705, 3.7334022521972656, 3.7433834075927734, 3.7535150051116943, 3.763577938079834, 3.7735495567321777, 3.7838103771209717, 3.7937684059143066, 3.803757429122925, 3.8138864040374756, 3.823983669281006, 3.83393931388855, 3.844015598297119, 3.8541159629821777, 3.864199161529541, 3.87418794631958, 3.8842852115631104, 3.894369125366211, 3.9043686389923096, 3.9144954681396484, 3.924670934677124, 3.9345431327819824, 3.944619655609131, 3.9546773433685303, 3.9647955894470215, 3.9747703075408936, 3.9850127696990967, 3.9950404167175293, 4.004978656768799, 4.01509428024292, 4.025203466415405, 4.035177946090698, 4.0453667640686035, 4.055798292160034, 4.065857410430908, 4.075470685958862, 4.085538625717163, 4.096009731292725, 4.105616331100464, 4.1156535148620605, 4.125776290893555, 4.135769605636597, 4.145984172821045, 4.155959129333496, 4.166093826293945, 4.176050901412964, 4.186192035675049, 4.19618558883667, 4.206308841705322, 4.216333866119385, 4.226367235183716, 4.2363481521606445, 4.246477127075195, 4.256520748138428, 4.266668319702148, 4.276667594909668, 4.286711931228638, 4.2967376708984375, 4.306797027587891, 4.3169105052948, 4.327284097671509, 4.337005615234375, 4.347120761871338, 4.357177734375, 4.36725926399231, 4.377338886260986, 4.387399673461914, 4.397444486618042, 4.407444953918457, 4.417542934417725, 4.427574157714844, 4.437607765197754, 4.447688341140747, 4.457760572433472, 4.467825651168823, 4.477895021438599, 4.487993478775024, 4.498021364212036, 4.508119106292725, 4.5181825160980225, 4.528208494186401, 4.53827691078186, 4.548400163650513, 4.558518886566162, 4.568822145462036, 4.578685283660889, 4.588608980178833, 4.598767995834351, 4.608833074569702, 4.618875503540039, 4.62963604927063, 4.639812469482422, 4.649202823638916, 4.659291505813599, 4.669314861297607, 4.6796181201934814, 4.689373731613159, 4.699488401412964, 4.709614992141724, 4.7196667194366455, 4.729723691940308, 4.73974609375, 4.749864101409912, 4.760194540023804, 4.770910263061523, 4.7801525592803955, 4.7900390625, 4.800019025802612, 4.810058116912842, 4.820141553878784, 4.830204248428345, 4.84022331237793, 4.850351572036743, 4.860460519790649, 4.87037467956543, 4.880451679229736, 4.890501022338867, 4.900597810745239, 4.910653352737427, 4.920872449874878, 4.930934429168701, 4.94084358215332, 4.950907468795776, 4.961026430130005, 4.971465110778809, 4.981123685836792, 4.991177797317505, 5.0013041496276855, 5.011361360549927, 5.021414756774902, 5.031392335891724, 5.041431427001953, 5.051491975784302, 5.061507225036621, 5.071517705917358, 5.081592559814453, 5.0916688442230225, 5.10173487663269, 5.1117939949035645, 5.121887445449829, 5.131975889205933, 5.141981601715088, 5.152015447616577, 5.162150144577026, 5.172173738479614, 5.182258605957031, 5.192375421524048, 5.202367782592773, 5.212420701980591, 5.222499370574951, 5.232504367828369, 5.2425758838653564, 5.25269079208374, 5.262705564498901, 5.272735357284546, 5.282833099365234, 5.292891263961792, 5.302913188934326, 5.3131420612335205, 5.323176860809326, 5.333157777786255, 5.343165397644043, 5.353278636932373, 5.363384485244751, 5.3734259605407715, 5.383544683456421, 5.393503427505493, 5.403472423553467, 5.413539409637451, 5.423600673675537, 5.433678388595581, 5.44380259513855, 5.453814506530762, 5.463887691497803, 5.473906993865967, 5.48404335975647, 5.494117736816406, 5.50413703918457, 5.514218807220459, 5.524245738983154, 5.534315586090088, 5.544452428817749, 5.5544891357421875, 5.5645904541015625, 5.574467182159424, 5.584592580795288, 5.594643831253052, 5.6045966148376465, 5.614759206771851, 5.624770641326904, 5.634819030761719, 5.644870758056641, 5.654948472976685, 5.665035724639893, 5.675106048583984, 5.685198068618774, 5.695227861404419], "set_target_data": [{"head": [[0.996500298372245, 0.07762668944333447, -0.031004071185809754, -0.011109904738170452], [-0.08036748303600523, 0.9917337753163346, -0.10002592947464906, -0.0010358151944964214], [0.022983102803670035, 0.1021675877315216, 0.9945016646555388, 0.0020424935134409896], [0.0, 0.0, 0.0, 1.0]], "antennas": [-0.1025258430136525, 0.3120772060187554], "body_yaw": 0.020149689860427006, "check_collision": false}, {"head": [[0.9965305061483043, 0.07755976408743308, -0.030189953800993652, -0.011086463043258232], [-0.08023782658226213, 0.9916525718264323, -0.1009310060158779, -0.0010811483021785813], [0.02210976031437776, 0.10300320278867098, 0.9944352662260709, 0.0020758397391732455], [0.0, 0.0, 0.0, 1.0]], "antennas": [-0.1025258430136525, 0.3120772060187554], "body_yaw": 0.020149689860427006, "check_collision": false}, {"head": [[0.9965751745240055, 0.07726536689121355, -0.029461578396525342, -0.01106951712848433], [-0.07987898839867907, 0.9916380988088564, -0.10135693465748001, -0.00110511637301558], [0.021383842845759518, 0.10336316592443916, 0.9944137907306119, 0.0020969520711331393], [0.0, 0.0, 0.0, 1.0]], "antennas": [-0.1025258430136525, 0.3120772060187554], "body_yaw": 0.020149689860427006, "check_collision": false}, {"head": [[0.996575602383503, 0.07745803604104431, -0.028936506123281535, -0.011042477369169273], [-0.08002532745882449, 0.9915826618065473, -0.10178296404482709, -0.000930178365341091], [0.020809029267756424, 0.10375007208338186, 0.994385693201399, 0.001950782803048722], [0.0, 0.0, 0.0, 1.0]], "antennas": [-0.1025258430136525, 0.3120772060187554], "body_yaw": 0.020149689860427006, "check_collision": false}, {"head": [[0.9966022716449647, 0.07722254904855481, -0.028645943352233427, -0.011040389959259071], [-0.0797557549527028, 0.9916297042105285, -0.10153595067395661, -0.0009328515342470894], [0.020565303402095534, 0.10347563793368598, 0.9944193585455768, 0.0019632626060686045], [0.0, 0.0, 0.0, 1.0]], "antennas": [-0.1025258430136525, 0.3120772060187554], "body_yaw": 0.020149689860427006, "check_collision": false}, {"head": [[0.9966605325077208, 0.07665661268213551, -0.028134439278709206, -0.011057983429687564], [-0.07913728966293822, 0.991691437648285, -0.10141687177132622, -0.000965030708259533], [0.020126408676923155, 0.1033046766955808, 0.9944461128922929, 0.001936932043207328], [0.0, 0.0, 0.0, 1.0]], "antennas": [-0.1025258430136525, 0.3120772060187554], "body_yaw": 0.020149689860427006, "check_collision": false}, {"head": [[0.9967304857715477, 0.07594479536277865, -0.027581276093036698, -0.011064461407069476], [-0.07836518027517247, 0.9917872566950455, -0.10107886019220674, -0.0009697584381401433], [0.019678344799661455, 0.1029097930938627, 0.9944960217272485, 0.001953583199167052], [0.0, 0.0, 0.0, 1.0]], "antennas": [-0.1025258430136525, 0.3120772060187554], "body_yaw": 0.020149689860427006, "check_collision": false}, {"head": [[0.9967758995394428, 0.07558551305396352, -0.02691906970352798, -0.011076432628044405], [-0.07793472201293247, 0.991846632930515, -0.10082874515318974, -0.0010650701597638979], [0.019078396214074884, 0.10260159336369515, 0.9945395556925473, 0.00198009809141153], [0.0, 0.0, 0.0, 1.0]], "antennas": [-0.1025258430136525, 0.3120772060187554], "body_yaw": 0.020149689860427006, "check_collision": false}, {"head": [[0.9968211519712155, 0.07521842487327822, -0.02626365439845276, -0.011076544674075942], [-0.07749605208796086, 0.9919145284407693, -0.10049840883768052, -0.0010649408247595457], [0.018491968352731543, 0.10221426919813362, 0.9945905138692669, 0.0019933800661325876], [0.0, 0.0, 0.0, 1.0]], "antennas": [-0.1025258430136525, 0.3120772060187554], "body_yaw": 0.020149689860427006, "check_collision": false}, {"head": [[0.9968773187694251, 0.07467685702884007, -0.025670573569287956, -0.011158879811084207], [-0.07689349354742546, 0.9919783747577879, -0.1003309257555694, -0.0011443461342961168], [0.017972255650142672, 0.10199152433997502, 0.9946229069298848, 0.0020823113418272357], [0.0, 0.0, 0.0, 1.0]], "antennas": [-0.1025258430136525, 0.3120772060187554], "body_yaw": 0.020149689860427006, "check_collision": false}, {"head": [[0.9969634288601847, 0.07380004385809724, -0.02484904509003649, -0.011175342313472909], [-0.075930758602609, 0.9920900024060717, -0.09995972701019856, -0.0011572352426063963], [0.017275456965766798, 0.10154299903225247, 0.9946811438517171, 0.0021045285496606994], [0.0, 0.0, 0.0, 1.0]], "antennas": [-0.1025258430136525, 0.3120772060187554], "body_yaw": 0.020149689860427006, "check_collision": false}, {"head": [[0.9970693728273697, 0.07279392763334122, -0.023531040549603765, -0.011247940760469291], [-0.07479535991333017, 0.9921787342691596, -0.09993504590224361, -0.0012489367125031875], [0.01607233352909958, 0.10140218618826724, 0.9947156763272453, 0.002021538583374837], [0.0, 0.0, 0.0, 1.0]], "antennas": [-0.1025258430136525, 0.3120772060187554], "body_yaw": 0.020149689860427006, "check_collision": false}, {"head": [[0.9971904053319912, 0.07151951308179448, -0.022276776300941464, -0.01129135239967834], [-0.07339255285055506, 0.9923334973898165, -0.09943723218278777, -0.001320954256030158], [0.014994288909369496, 0.1007928033474523, 0.994794442130365, 0.0020549825682748537], [0.0, 0.0, 0.0, 1.0]], "antennas": [-0.1025258430136525, 0.3120772060187554], "body_yaw": 0.020149689860427006, "check_collision": false}, {"head": [[0.9972807243659864, 0.0705962797736715, -0.021149990311366527, -0.011349463112266577], [-0.07235749702291364, 0.992429256043439, -0.09923993336175307, -0.0014348583858481041], [0.013983899049708589, 0.1005004329900307, 0.99483873745255, 0.0020819550520282384], [0.0, 0.0, 0.0, 1.0]], "antennas": [-0.1025258430136525, 0.3120772060187554], "body_yaw": 0.020149689860427006, "check_collision": false}, {"head": [[0.9973638574482941, 0.06962541545394356, -0.02043617818293451, -0.011505233096664968], [-0.07131115506233378, 0.9925676753890904, -0.09861099804977663, -0.0013515834790772153], [0.013418458165328837, 0.09980837287303615, 0.9949161943022651, 0.0020936334690780925], [0.0, 0.0, 0.0, 1.0]], "antennas": [-0.1025258430136525, 0.3120772060187554], "body_yaw": 0.020149689860427006, "check_collision": false}, {"head": [[0.9974408549511015, 0.06866614104604785, -0.01991737804681975, -0.011511576257891357], [-0.07029658710740933, 0.9927015408895514, -0.09799000232962851, -0.001447396158016135], [0.013043416556488862, 0.09913935540114455, 0.9949880690215233, 0.0021765353060420036], [0.0, 0.0, 0.0, 1.0]], "antennas": [-0.1025258430136525, 0.3120772060187554], "body_yaw": 0.020149689860427006, "check_collision": false}, {"head": [[0.9974869654490205, 0.06802546449743627, -0.019806310590630843, -0.011577308179216449], [-0.06963879560215894, 0.9928166390446406, -0.09729110639305333, -0.0015058673966563026], [0.013045762008607444, 0.09842589809603838, 0.995058867945813, 0.0022185087414590124], [0.0, 0.0, 0.0, 1.0]], "antennas": [-0.1025258430136525, 0.3120772060187554], "body_yaw": 0.020149689860427006, "check_collision": false}, {"head": [[0.9975204348362497, 0.06756134708577688, -0.01970904523447103, -0.011707236990689455], [-0.06915713403837237, 0.9929259469623684, -0.09651608498319149, -0.001516874284196553], [0.013048865686251564, 0.09763978814417427, 0.9951362715103208, 0.002348954410566705], [0.0, 0.0, 0.0, 1.0]], "antennas": [-0.1025258430136525, 0.3120772060187554], "body_yaw": 0.020149689860427006, "check_collision": false}, {"head": [[0.9975480182970281, 0.06711634822818766, -0.01983297739080585, -0.011756574655868516], [-0.06871526816673426, 0.9930367641188068, -0.09568801925644776, -0.0015668517479183117], [0.01327264526932603, 0.09681622234399137, 0.9952137740096813, 0.0024011489421817958], [0.0, 0.0, 0.0, 1.0]], "antennas": [-0.1025258430136525, 0.3120772060187554], "body_yaw": 0.020149689860427006, "check_collision": false}, {"head": [[0.9975812262845359, 0.06663229341782807, -0.01979480837295782, -0.011847688187851037], [-0.06822391846762864, 0.9931122879641803, -0.09525481847903276, -0.0016120876999965797], [0.013311420418723791, 0.09637489802034337, 0.9952560902189971, 0.002394403302464764], [0.0, 0.0, 0.0, 1.0]], "antennas": [-0.1025258430136525, 0.3120772060187554], "body_yaw": 0.020149689860427006, "check_collision": false}, {"head": [[0.9976123943983524, 0.06619457936292317, -0.0196923387577971, -0.01186493285695602], [-0.06777056198588385, 0.9931987287933542, -0.09467542474888938, -0.0016715080883994773], [0.013291405903953363, 0.09578393803885288, 0.9953134057887825, 0.0024214658182365447], [0.0, 0.0, 0.0, 1.0]], "antennas": [-0.1025258430136525, 0.3120772060187554], "body_yaw": 0.020149689860427006, "check_collision": false}, {"head": [[0.9976436767622382, 0.0658848553141719, -0.019138444465357125, -0.011856649624124136], [-0.06740579535867372, 0.9932484437482852, -0.09441391710798877, -0.0015476376671936416], [0.012788782912674887, 0.0954814894722543, 0.9953490504339533, 0.0023152702452958742], [0.0, 0.0, 0.0, 1.0]], "antennas": [-0.1025258430136525, 0.3120772060187554], "body_yaw": 0.020149689860427006, "check_collision": false}, {"head": [[0.997681782850136, 0.06549441209634693, -0.018480859101457643, -0.011846924215896565], [-0.06695032205341267, 0.9933099916268036, -0.0940899299144362, -0.0016107687360665639], [0.012194857355392547, 0.09510910849394537, 0.9953921553516325, 0.0023142303363276042], [0.0, 0.0, 0.0, 1.0]], "antennas": [-0.1025258430136525, 0.3120772060187554], "body_yaw": 0.020149689860427006, "check_collision": false}, {"head": [[0.99772489555442, 0.06497420225090407, -0.017982931707064786, -0.011782352507574218], [-0.06638380616606342, 0.9933578657878517, -0.09398585402235655, -0.0016005921892424772], [0.01175683077316602, 0.09496580184078797, 0.9954111077393641, 0.0022884244544126844], [0.0, 0.0, 0.0, 1.0]], "antennas": [-0.1025258430136525, 0.3120772060187554], "body_yaw": 0.020149689860427006, "check_collision": false}, {"head": [[0.9977606572924811, 0.06455647934318255, -0.017496620647695558, -0.011770591169928988], [-0.0659185341403082, 0.9934153848634492, -0.0937049623733889, -0.0016599596797785311], [0.011332149666728875, 0.09464847643474486, 0.9954462558533799, 0.0022872670098482697], [0.0, 0.0, 0.0, 1.0]], "antennas": [-0.1025258430136525, 0.3120772060187554], "body_yaw": 0.020149689860427006, "check_collision": false}, {"head": [[0.9977908617111064, 0.0642201363297964, -0.017005010308427902, -0.011709258622701491], [-0.06553323995287774, 0.9934743305712155, -0.09334960609104655, -0.001618810117793152], [0.010899116803022232, 0.09425777732292105, 0.9954881619924248, 0.0021998477238414074], [0.0, 0.0, 0.0, 1.0]], "antennas": [-0.1025258430136525, 0.3120772060187554], "body_yaw": 0.020149689860427006, "check_collision": false}, {"head": [[0.9978109413873184, 0.06403618292488128, -0.01651340437840153, -0.011686494137943539], [-0.06529933079697639, 0.9935291869935052, -0.0929287468412845, -0.0016893361905596718], [0.010455746994859785, 0.09380363462273537, 0.995535813261554, 0.0021955414094428907], [0.0, 0.0, 0.0, 1.0]], "antennas": [-0.1025258430136525, 0.3120772060187554], "body_yaw": 0.020149689860427006, "check_collision": false}, {"head": [[0.9978280150100991, 0.06391210658511581, -0.01595290233336387, -0.011697540938650514], [-0.06511823313303639, 0.9935876497494363, -0.09242942160926271, -0.0016505098120185094], [0.009943247690597503, 0.09326749110619473, 0.9955914357446628, 0.0021393903579810516], [0.0, 0.0, 0.0, 1.0]], "antennas": [-0.1025258430136525, 0.3120772060187554], "body_yaw": 0.020149689860427006, "check_collision": false}, {"head": [[0.9978245489044747, 0.06400795117455191, -0.015784542756062236, -0.011697299652282157], [-0.06519240787099412, 0.9936352325516958, -0.09186389164366816, -0.0017171189194730915], [0.009804058321109844, 0.09269307858936308, 0.9956464601564466, 0.002146247095785369], [0.0, 0.0, 0.0, 1.0]], "antennas": [-0.1025258430136525, 0.3120772060187554], "body_yaw": 0.020149689860427006, "check_collision": false}, {"head": [[0.9978254219098569, 0.06399559961532793, -0.015779436627791295, -0.011648851855135438], [-0.06517430650536242, 0.9936862299568077, -0.09132352471171513, -0.0015596857634874832], [0.009835505170600868, 0.09215334841502403, 0.9956962504769906, 0.00198697072646059], [0.0, 0.0, 0.0, 1.0]], "antennas": [-0.1025258430136525, 0.3120772060187554], "body_yaw": 0.020149689860427006, "check_collision": false}, {"head": [[0.9978446078110584, 0.06370930537189604, -0.015724600835161806, -0.011645444502440334], [-0.06487860458662478, 0.9937570282687379, -0.0907619712951342, -0.0016142331666967186], [0.009844050451265546, 0.09158653381101871, 0.9957484629640136, 0.001988471810632996], [0.0, 0.0, 0.0, 1.0]], "antennas": [-0.1025258430136525, 0.3120772060187554], "body_yaw": 0.020149689860427006, "check_collision": false}, {"head": [[0.9978813279893644, 0.06309390814134572, -0.015874948996282136, -0.01164856669011394], [-0.06427387903917714, 0.9938469394249303, -0.0902060389827452, -0.0015899219726687938], [0.010085817936109893, 0.09103526652430227, 0.9957965939515003, 0.001966210821585767], [0.0, 0.0, 0.0, 1.0]], "antennas": [-0.1025258430136525, 0.3120772060187554], "body_yaw": 0.020149689860427006, "check_collision": false}, {"head": [[0.9979130816835299, 0.06254501250842581, -0.016050009819359477, -0.011614539114829665], [-0.06373569712683153, 0.99394645565109, -0.08948857027795629, -0.0016417999694901299], [0.010355786625721626, 0.09032477350625787, 0.995858520561232, 0.0019554944748083605], [0.0, 0.0, 0.0, 1.0]], "antennas": [-0.1025258430136525, 0.3120772060187554], "body_yaw": 0.020149689860427006, "check_collision": false}, {"head": [[0.9979486348945624, 0.0620619063348267, -0.015711202823667246, -0.011631565952790426], [-0.06321667051480366, 0.99404369147905, -0.08877382496955954, -0.0015444519132760855], [0.010108149242169162, 0.08958492737503579, 0.9959278920213589, 0.0019545270761436298], [0.0, 0.0, 0.0, 1.0]], "antennas": [-0.1025258430136525, 0.3120772060187554], "body_yaw": 0.020149689860427006, "check_collision": false}, {"head": [[0.9979843213200376, 0.06158386771102852, -0.01532062783095985, -0.011581609738218339], [-0.0626993933482385, 0.9941319040512852, -0.08815068588008503, -0.001569376487989469], [0.009802064738977639, 0.08893359649264777, 0.995989324712738, 0.00195263621633912], [0.0, 0.0, 0.0, 1.0]], "antennas": [-0.1025258430136525, 0.3120772060187554], "body_yaw": 0.020149689860427006, "check_collision": false}, {"head": [[0.9979976578878335, 0.06146787642698853, -0.01491224389403528, -0.011598501559630334], [-0.06254057330121447, 0.994206802011877, -0.08741573956943574, -0.0014174756594396778], [0.009452594435082071, 0.08817332363517019, 0.9960602960953584, 0.0019431712408168869], [0.0, 0.0, 0.0, 1.0]], "antennas": [-0.1025258430136525, 0.3120772060187554], "body_yaw": 0.020149689860427006, "check_collision": false}, {"head": [[0.9979986789763668, 0.06152271661575329, -0.014614790509760807, -0.011559397593906633], [-0.06256203482833014, 0.9942714242438488, -0.08666214127430125, -0.0014240801052587439], [0.009199378216232153, 0.08740303354189632, 0.9961305542789604, 0.0019512208725781513], [0.0, 0.0, 0.0, 1.0]], "antennas": [-0.1025258430136525, 0.3120772060187554], "body_yaw": 0.020149689860427006, "check_collision": false}, {"head": [[0.9980153827013933, 0.061361088374789215, -0.01414612048769964, -0.011503136852396229], [-0.06235509094098462, 0.9943333788418052, -0.08609863154998765, -0.0013227616898590956], [0.008782854042550463, 0.08680984134589984, 0.9961861838634216, 0.0019699147233285244], [0.0, 0.0, 0.0, 1.0]], "antennas": [-0.1025258430136525, 0.3120772060187554], "body_yaw": 0.020149689860427006, "check_collision": false}, {"head": [[0.9980221069876494, 0.061341572898431576, -0.013750832639495648, -0.011466865849965547], [-0.06229733810488604, 0.9943778826281903, -0.08562516105049164, -0.0013374406622234034], [0.008421141785917616, 0.08631244391293483, 0.996232526269243, 0.0019878889331405017], [0.0, 0.0, 0.0, 1.0]], "antennas": [-0.1025258430136525, 0.3120772060187554], "body_yaw": 0.020149689860427006, "check_collision": false}, {"head": [[0.9980196224069235, 0.06142017757889841, -0.013579214885954389, -0.011492033152027327], [-0.062356493105264504, 0.9944192031453797, -0.08510062387151973, -0.0013136218304423061], [0.008276536615966855, 0.08577884472225863, 0.9962798245170681, 0.0019736724683895304], [0.0, 0.0, 0.0, 1.0]], "antennas": [-0.1025258430136525, 0.3120772060187554], "body_yaw": 0.020149689860427006, "check_collision": false}, {"head": [[0.9980200233714852, 0.06147598651022714, -0.013294210475807335, -0.011474841429761615], [-0.062383669758033035, 0.9944598067662558, -0.0846047898995226, -0.0013308467753988147], [0.008019395058317641, 0.08526661602887765, 0.9963258972313643, 0.00197783121465711], [0.0, 0.0, 0.0, 1.0]], "antennas": [-0.1025258430136525, 0.3120772060187554], "body_yaw": 0.020149689860427006, "check_collision": false}, {"head": [[0.998022731628425, 0.061512461596434226, -0.012916819317649358, -0.01153566521947436], [-0.0623828785245642, 0.9945145068431903, -0.0839599436960051, -0.0013729743553365578], [0.007681381381435349, 0.08459972072527239, 0.9963854091832536, 0.0019269517924547222], [0.0, 0.0, 0.0, 1.0]], "antennas": [-0.1025258430136525, 0.3120772060187554], "body_yaw": 0.020149689860427006, "check_collision": false}, {"head": [[0.998021770686046, 0.061603843953947836, -0.01255036440855077, -0.011543404237631264], [-0.06243713634373261, 0.9945773405883138, -0.08317161531118591, -0.0014015516247675719], [0.007358616845842573, 0.08379069159742861, 0.996456206142418, 0.0019171681942040655], [0.0, 0.0, 0.0, 1.0]], "antennas": [-0.1025258430136525, 0.3120772060187554], "body_yaw": 0.020149689860427006, "check_collision": false}, {"head": [[0.998029056139079, 0.061547106428237845, -0.012245684646030125, -0.011531126279859428], [-0.06235059587970954, 0.9946351819948567, -0.08254246138505554, -0.0013415092532743506], [0.007099739120841068, 0.08314330056215836, 0.9965123106495205, 0.001762292943243481], [0.0, 0.0, 0.0, 1.0]], "antennas": [-0.1025258430136525, 0.3120772060187554], "body_yaw": 0.020149689860427006, "check_collision": false}, {"head": [[0.9980328824612943, 0.06157929205195589, -0.011762496179835333, -0.011523097948888084], [-0.06233672215398006, 0.9947076205800481, -0.08167547141631248, -0.0013750960299692416], [0.006670726879299626, 0.08224804162020702, 0.9965895649928023, 0.001715918213918254], [0.0, 0.0, 0.0, 1.0]], "antennas": [-0.1025258430136525, 0.3120772060187554], "body_yaw": 0.020149689860427006, "check_collision": false}, {"head": [[0.9980227465643648, 0.06181768712987815, -0.011365337567965999, -0.011505561746831932], [-0.06253573910868788, 0.994771760305362, -0.0807367712575964, -0.0013805383897966365], [0.006314956393471566, 0.08128787398427773, 0.996670659179282, 0.0015773834801926503], [0.0, 0.0, 0.0, 1.0]], "antennas": [-0.1025258430136525, 0.3120772060187554], "body_yaw": 0.020149689860427006, "check_collision": false}, {"head": [[0.9979745242149052, 0.06266563457327343, -0.010948390820682533, -0.011466244522536185], [-0.0633416539326716, 0.9947945931342127, -0.07982200415931417, -0.0014398748942931958], [0.005889303448381336, 0.08035381580525505, 0.9967490057132877, 0.00147289532181094], [0.0, 0.0, 0.0, 1.0]], "antennas": [-0.1025258430136525, 0.3120772060187554], "body_yaw": 0.020149689860427006, "check_collision": false}, {"head": [[0.9978941577773118, 0.06400577600500366, -0.01051239800935512, -0.011441545564739038], [-0.06463711085149172, 0.9947907528382804, -0.07882513538345101, -0.0013857652447545714], [0.005412372370944767, 0.07933863312059711, 0.9968330289069849, 0.001254381431166295], [0.0, 0.0, 0.0, 1.0]], "antennas": [-0.1025258430136525, 0.3120772060187554], "body_yaw": 0.020149689860427006, "check_collision": false}, {"head": [[0.9977607150548679, 0.06605672279369428, -0.010491180436722076, -0.01139904035924524], [-0.06667384893264079, 0.9947478043952458, -0.07766211122127142, -0.001496712763341717], [0.00530597415242706, 0.07818769100436954, 0.9969245365691924, 0.001123262399109092], [0.0, 0.0, 0.0, 1.0]], "antennas": [-0.1025258430136525, 0.3120772060187554], "body_yaw": 0.020149689860427006, "check_collision": false}, {"head": [[0.9975763532265437, 0.06876083757143366, -0.010647379945561593, -0.011427443082441228], [-0.06937650119749066, 0.9946435856625417, -0.07662270278420637, -0.0014808736980363377], [0.005321706946535769, 0.0771756743853733, 0.9970033072755267, 0.0010020898432127048], [0.0, 0.0, 0.0, 1.0]], "antennas": [-0.1025258430136525, 0.3120772060187554], "body_yaw": 0.009417789826069294, "check_collision": false}, {"head": [[0.9973082502329425, 0.07259158145158807, -0.010330359125601561, -0.0113853050667777], [-0.07316834320268316, 0.9944229527947277, -0.07595646455693437, -0.0015836612255327835], [0.004758946341451302, 0.07650786402306571, 0.9970576207884613, 0.0008509771437119609], [0.0, 0.0, 0.0, 1.0]], "antennas": [-0.1025258430136525, 0.3120772060187554], "body_yaw": -0.012593556162766422, "check_collision": false}, {"head": [[0.9970697793019997, 0.07590266547040372, -0.009520534499126676, -0.011378356047004013], [-0.07640866246824152, 0.9941633836197855, -0.0761635278166194, -0.001495862534691559], [0.0036839520186100257, 0.07666780317803946, 0.997049886642277, 0.0007124663198329042], [0.0, 0.0, 0.0, 1.0]], "antennas": [-0.1025258430136525, 0.3120772060187554], "body_yaw": -0.04051839808890128, "check_collision": false}, {"head": [[0.9969679495115026, 0.07713894392194692, -0.010222082832593567, -0.01134910244184855], [-0.07771601068191908, 0.9936591390942664, -0.08125107370446776, -0.001300711275959203], [0.003889644009098291, 0.08179913584536051, 0.9966412454060058, 0.0005564865823012291], [0.0, 0.0, 0.0, 1.0]], "antennas": [-0.1025258430136525, 0.3120772060187554], "body_yaw": -0.06844324001503614, "check_collision": false}, {"head": [[0.9971608265627647, 0.07395805630795821, -0.014159515380572649, -0.01130876536529196], [-0.07498064364359225, 0.9925374614622243, -0.09616283415600867, -0.0006527748480077943], [0.006941833148125963, 0.09695150076854035, 0.9952648981307797, 0.0004675082864492577], [0.0, 0.0, 0.0, 1.0]], "antennas": [-0.1025258430136525, 0.3120772060187554], "body_yaw": -0.096368081941171, "check_collision": false}, {"head": [[0.997355004308403, 0.06531103705629389, -0.03189770868913516, -0.011124918318132632], [-0.06909436429522837, 0.9881342197107568, -0.13717409616706872, 0.0007152221378346132], [0.02256023500816855, 0.13901522317805826, 0.9900332335437689, 0.0003920302625943775], [0.0, 0.0, 0.0, 1.0]], "antennas": [-0.1025258430136525, 0.3120772060187554], "body_yaw": -0.12429292386730587, "check_collision": false}, {"head": [[0.9971443486335412, 0.05444015891178063, -0.05233944101584116, -0.01099334103356735], [-0.06374007296314715, 0.978393551285247, -0.1966806088614103, 0.00264611090728974], [0.04050124796649261, 0.19945507740115936, 0.9790696201047472, 6.406071513198521e-05], [0.0, 0.0, 0.0, 1.0]], "antennas": [-0.1025258430136525, 0.3120772060187554], "body_yaw": -0.15221776579344073, "check_collision": false}, {"head": [[0.9960823325499444, 0.03785477434343414, -0.07991872647427352, -0.010955444560603303], [-0.059708374393806836, 0.9545356684150551, -0.2920557613721619, 0.005442259470706739], [0.06522957005155759, 0.29568340126363507, 0.9530563621360791, -0.0003979546223257255], [0.0, 0.0, 0.0, 1.0]], "antennas": [-0.1025258430136525, 0.3120772060187554], "body_yaw": -0.18014260771957558, "check_collision": false}, {"head": [[0.9935561211978678, 0.020201927578788286, -0.11152630251357491, -0.010846083134353044], [-0.059917494296071336, 0.9288681440567642, -0.3655323034067206, 0.008035830896688332], [0.09620877250816733, 0.36985923414002253, 0.9240930791937726, -0.0007857156204802455], [0.0, 0.0, 0.0, 1.0]], "antennas": [-0.1025258430136525, 0.3120772060187554], "body_yaw": -0.20806744964571044, "check_collision": false}, {"head": [[0.9881856543709826, 0.004947825627861696, -0.1531816944577563, -0.01049036672538438], [-0.06934501377725234, 0.9057534291269548, -0.41809328467340307, 0.010455613098058453], [0.13667619236584627, 0.4237761728156963, 0.8953956520969126, -0.0013690585429710937], [0.0, 0.0, 0.0, 1.0]], "antennas": [-0.1025258430136525, 0.3120772060187554], "body_yaw": -0.23599229157184531, "check_collision": false}, {"head": [[0.9809993233937107, -0.003935901589663747, -0.1939712251334164, -0.010112477827267168], [-0.08768935762243749, 0.8828488672316263, -0.46139836821081054, 0.0122324315046005], [0.1730632949554766, 0.46964069915895373, 0.8657290047310664, -0.0021266545859943723], [0.0, 0.0, 0.0, 1.0]], "antennas": [-0.1025258430136525, 0.3120772060187554], "body_yaw": -0.2639171334979802, "check_collision": false}, {"head": [[0.9715331252160909, -0.002430851374108388, -0.23689127795141132, -0.009357231997472851], [-0.11380139120647309, 0.8722311897962771, -0.4756700483591988, 0.01393016382769807], [0.2077802444105962, 0.4890877656496513, 0.8471248594655366, -0.0027608054341921066], [0.0, 0.0, 0.0, 1.0]], "antennas": [-0.1025258430136525, 0.3120772060187554], "body_yaw": -0.29184197542411505, "check_collision": false}, {"head": [[0.9625496208083247, 0.008628592420821216, -0.27096821746209593, -0.008812213876463125], [-0.1390309007491502, 0.8737663912182094, -0.466050106978195, 0.014719470552797532], [0.23274156508589156, 0.48626930909768756, 0.8422431495186098, -0.0029025938307460945], [0.0, 0.0, 0.0, 1.0]], "antennas": [-0.1025258430136525, 0.3120772060187554], "body_yaw": -0.3197668173502499, "check_collision": false}, {"head": [[0.956430893940746, 0.016997195499716247, -0.2914636177310135, -0.008213585304529656], [-0.1554754605704215, 0.8746301657924767, -0.45918346469166393, 0.015462255864074962], [0.24711804117895, 0.4844926918241076, 0.8391659581351649, -0.003242372059461987], [0.0, 0.0, 0.0, 1.0]], "antennas": [-0.1025258430136525, 0.3120772060187554], "body_yaw": -0.3476916592763848, "check_collision": false}, {"head": [[0.9526622129301783, 0.024884957634508126, -0.3030106383256278, -0.007878857122427438], [-0.167389810492464, 0.8749197555965329, -0.45441838938383655, 0.015228006602878057], [0.2538018112588495, 0.4836281217531005, 0.837668478845477, -0.0031430919055750487], [0.0, 0.0, 0.0, 1.0]], "antennas": [-0.1025258430136525, 0.3120772060187554], "body_yaw": -0.37561650120251966, "check_collision": false}, {"head": [[0.9527406646970613, 0.03578472105902694, -0.3016698187942067, -0.0074593318404086156], [-0.17616903083174396, 0.8740891707033265, -0.4526948135719857, 0.015093942925251659], [0.2474867641075092, 0.48444563719564915, 0.8390844571279434, -0.0032342117066163105], [0.0, 0.0, 0.0, 1.0]], "antennas": [-0.1025258430136525, 0.3120772060187554], "body_yaw": -0.4035413431286545, "check_collision": false}, {"head": [[0.9537237052783161, 0.047920254454265565, -0.29684127611105315, -0.007058957611825579], [-0.18448978709789166, 0.8728100035659149, -0.45184755851043673, 0.014733713393022485], [0.23743338528264024, 0.48570191155512904, 0.8412603881468087, -0.0033124551829084607], [0.0, 0.0, 0.0, 1.0]], "antennas": [-0.1025258430136525, 0.3120772060187554], "body_yaw": -0.43146618505478934, "check_collision": false}, {"head": [[0.9565390802308952, 0.05740710577393898, -0.2858975554244793, -0.006643437794947268], [-0.18781009181096375, 0.8712889954302808, -0.45341245666175733, 0.014064840623176074], [0.22307029700296452, 0.4874011803932694, 0.8442036081101865, -0.0032423823961174074], [0.0, 0.0, 0.0, 1.0]], "antennas": [-0.1025258430136525, 0.3120772060187554], "body_yaw": -0.4593910269809242, "check_collision": false}, {"head": [[0.9597629509170801, 0.06286452280828692, -0.27368436166325827, -0.006217130063031014], [-0.1870415208559608, 0.8700664851910994, -0.4560699297510151, 0.013276359762511443], [0.20945297210311425, 0.48890936084236825, 0.8468158532750076, -0.00310154437685384], [0.0, 0.0, 0.0, 1.0]], "antennas": [-0.1025258430136525, 0.3120772060187554], "body_yaw": -0.4873158689070591, "check_collision": false}, {"head": [[0.9619254604879024, 0.06788112716946579, -0.2647481086605523, -0.005830076126496404], [-0.1873372107188465, 0.8690760594220206, -0.4578335641033484, 0.012363717168289474], [0.1990079846267966, 0.489998934196489, 0.848703049682918, -0.0029732075938466744], [0.0, 0.0, 0.0, 1.0]], "antennas": [-0.1025258430136525, 0.3120772060187554], "body_yaw": -0.5058229210071249, "check_collision": false}, {"head": [[0.9618855712462174, 0.07323736262553707, -0.2634624006267176, -0.005456332354696751], [-0.19139852730982723, 0.8684307552180812, -0.4573779915288687, 0.011603536925578486], [0.19530169372528952, 0.49037160613865904, 0.8493485364213119, -0.0028932728093916697], [0.0, 0.0, 0.0, 1.0]], "antennas": [-0