{"description": "When plugged in, you show a jolt of electricity rising from bottom to top.", "time": [0.0, 0.009877681732177734, 0.019964933395385742, 0.030100345611572266, 0.0401153564453125, 0.05008411407470703, 0.06020045280456543, 0.07028627395629883, 0.08037424087524414, 0.09042763710021973, 0.1004948616027832, 0.1105809211730957, 0.12057137489318848, 0.13069462776184082, 0.14075946807861328, 0.15073227882385254, 0.16086077690124512, 0.1709890365600586, 0.18098855018615723, 0.1910839080810547, 0.20118141174316406, 0.21120381355285645, 0.22123003005981445, 0.23134279251098633, 0.24141216278076172, 0.2514176368713379, 0.2615494728088379, 0.27158617973327637, 0.28161001205444336, 0.2916712760925293, 0.3019373416900635, 0.31184959411621094, 0.3218402862548828, 0.33200883865356445, 0.3419840335845947, 0.3520534038543701, 0.3621394634246826, 0.37224626541137695, 0.38222384452819824, 0.3923020362854004, 0.4026010036468506, 0.41249704360961914, 0.4225428104400635, 0.4326162338256836, 0.4426720142364502, 0.4526810646057129, 0.46282291412353516, 0.47284746170043945, 0.4828341007232666, 0.49289464950561523, 0.5030226707458496, 0.5131304264068604, 0.5231282711029053, 0.5336558818817139, 0.5436728000640869, 0.5537030696868896, 0.5638728141784668, 0.5738089084625244, 0.5838115215301514, 0.5939087867736816, 0.6040091514587402, 0.6140053272247314, 0.6241061687469482, 0.634199857711792, 0.6442477703094482, 0.6543257236480713, 0.6643612384796143, 0.6744279861450195, 0.6844871044158936, 0.6945676803588867, 0.7046761512756348, 0.7146883010864258, 0.724808931350708, 0.734858512878418, 0.7448241710662842, 0.7549047470092773, 0.7649445533752441, 0.7750184535980225, 0.7850594520568848, 0.7951641082763672, 0.8053123950958252, 0.8152985572814941, 0.8254339694976807, 0.8354613780975342, 0.8454916477203369, 0.8555655479431152, 0.8656699657440186, 0.8756396770477295, 0.8856914043426514, 0.8957228660583496, 0.9058563709259033, 0.9158337116241455, 0.9258906841278076, 0.935997724533081, 0.9460759162902832, 0.9560863971710205, 0.9662110805511475, 0.9762451648712158, 0.9862761497497559, 0.9963994026184082, 1.0064351558685303, 1.016465663909912, 1.02681303024292, 1.036658763885498, 1.04671049118042, 1.0567405223846436, 1.0667855739593506, 1.0768566131591797, 1.0869147777557373, 1.0970656871795654, 1.1070945262908936, 1.1170353889465332, 1.1271240711212158, 1.1373014450073242, 1.147261142730713, 1.1573224067687988, 1.1673929691314697, 1.177438497543335, 1.1875009536743164, 1.1976475715637207, 1.207695484161377, 1.2176992893218994, 1.227712869644165, 1.237983226776123, 1.2479817867279053, 1.2580490112304688, 1.268061876296997, 1.2780811786651611, 1.2881369590759277, 1.298241138458252, 1.3084022998809814, 1.318415880203247, 1.328728199005127, 1.3386828899383545, 1.348587989807129, 1.358614206314087, 1.3687362670898438, 1.3787775039672852, 1.3887505531311035, 1.399036169052124, 1.4089620113372803, 1.4190466403961182, 1.4290263652801514, 1.4391462802886963, 1.449089765548706, 1.459299087524414, 1.4695124626159668, 1.479903221130371, 1.4896032810211182, 1.4998815059661865, 1.5097177028656006, 1.5197372436523438, 1.5297644138336182, 1.5398547649383545, 1.54982328414917, 1.5599324703216553, 1.5699715614318848, 1.5800936222076416, 1.590099573135376, 1.6003227233886719, 1.6102521419525146, 1.6202707290649414, 1.630331039428711, 1.6404764652252197, 1.6504793167114258, 1.660555124282837, 1.670663595199585, 1.680668830871582, 1.690716028213501, 1.7007877826690674, 1.7108128070831299, 1.720867395401001, 1.730926275253296, 1.7409603595733643, 1.7510180473327637, 1.7611057758331299, 1.7711176872253418, 1.7811229228973389, 1.7912023067474365, 1.8014094829559326, 1.8113820552825928, 1.821380853652954, 1.8314487934112549, 1.8415226936340332, 1.8516309261322021, 1.8616814613342285, 1.8717851638793945, 1.881690263748169, 1.8919143676757812, 1.901918888092041, 1.9119269847869873, 1.9219605922698975, 1.9320406913757324, 1.9421043395996094, 1.9521563053131104, 1.9622328281402588, 1.9722847938537598, 1.98228120803833, 1.9923512935638428, 2.002472162246704, 2.0125110149383545, 2.0226128101348877, 2.032679557800293, 2.0430002212524414, 2.0529496669769287, 2.06284499168396, 2.072841167449951, 2.0828959941864014, 2.093045473098755, 2.103081703186035, 2.1131114959716797, 2.1232173442840576, 2.133336305618286, 2.143448829650879, 2.153394937515259, 2.1634321212768555, 2.1735591888427734, 2.1835548877716064, 2.1936042308807373, 2.2038724422454834, 2.2139081954956055, 2.2239677906036377, 2.2340564727783203, 2.243950605392456, 2.2539703845977783, 2.2640278339385986, 2.2741012573242188, 2.2841830253601074, 2.294274091720581, 2.304311752319336, 2.3146190643310547, 2.32468581199646, 2.334836483001709, 2.3447771072387695, 2.3547801971435547, 2.3648529052734375, 2.374933958053589, 2.3849234580993652, 2.395057201385498, 2.4053022861480713, 2.415323257446289, 2.4251186847686768, 2.435403347015381, 2.4457600116729736, 2.455648422241211, 2.465773582458496, 2.4757473468780518, 2.485745668411255, 2.4958839416503906, 2.5059878826141357, 2.5159237384796143, 2.5259838104248047, 2.536289691925049, 2.546375274658203, 2.556302070617676, 2.566373825073242, 2.5767226219177246, 2.5864899158477783, 2.596586227416992, 2.606637954711914, 2.6166436672210693, 2.626699209213257, 2.6367242336273193, 2.646857976913452, 2.6570374965667725, 2.667144298553467, 2.677020788192749, 2.686997890472412, 2.6970810890197754, 2.707185745239258, 2.717149257659912, 2.727231979370117, 2.7373316287994385, 2.7473809719085693, 2.757436752319336, 2.7675487995147705, 2.7775516510009766, 2.7875723838806152, 2.7977182865142822, 2.807802438735962, 2.8177268505096436, 2.827874183654785, 2.8379476070404053, 2.848048686981201, 2.8581762313842773, 2.8681795597076416, 2.8783421516418457, 2.888270378112793, 2.8983781337738037, 2.90836763381958, 2.9183967113494873, 2.9284582138061523, 2.9386022090911865, 2.948672294616699, 2.958627700805664, 2.9695839881896973, 2.978854179382324, 2.9888510704040527, 2.998922348022461, 3.008974075317383, 3.0191001892089844, 3.0292069911956787, 3.0392072200775146, 3.0492453575134277, 3.059283971786499, 3.0695180892944336, 3.0796210765838623, 3.089646339416504, 3.099867820739746, 3.109605312347412, 3.1196787357330322, 3.1297342777252197, 3.139744520187378, 3.1497650146484375, 3.159838914871216, 3.169938564300537, 3.1799230575561523, 3.190185785293579, 3.2001771926879883, 3.21016001701355, 3.2201786041259766, 3.230297565460205, 3.2403862476348877, 3.2503373622894287, 3.2603869438171387, 3.27059268951416, 3.2805018424987793, 3.290571451187134, 3.300739288330078, 3.310731887817383, 3.320777654647827, 3.3309473991394043, 3.340909719467163, 3.35090708732605, 3.3609702587127686, 3.371065616607666, 3.3810818195343018, 3.3912649154663086, 3.401557683944702, 3.4115335941314697, 3.4215500354766846, 3.4320104122161865, 3.442260265350342, 3.452352523803711, 3.462388277053833, 3.4722466468811035, 3.481858015060425, 3.4920191764831543, 3.502049207687378], "set_target_data": [{"head": [[0.9633201885886289, 0.25768935060940645, -0.07490268913777759, -0.013961117579380209], [-0.2647624977054668, 0.9581687000147638, -0.10869021170638998, 0.005580810841070078], [0.04376110220653579, 0.12453489829971176, 0.99124972889739, 0.0013255580690133858], [0.0, 0.0, 0.0, 1.0]], "antennas": [-0.31288346895586183, 0.31291605033380443], "body_yaw": -0.1995257332918339, "check_collision": false}, {"head": [[0.9640541071119403, 0.25439674179435257, -0.07669404360846199, -0.014035736786379878], [-0.26167754231728213, 0.959098406546872, -0.10795883662784542, 0.0057896437193130645], [0.04609275873047953, 0.12414726869193815, 0.9911926721222999, 0.001063584211837307], [0.0, 0.0, 0.0, 1.0]], "antennas": [-0.31288346895586183, 0.31291605033380443], "body_yaw": -0.1995257332918339, "check_collision": false}, {"head": [[0.9647761706899899, 0.2513179136269067, -0.07775761544040659, -0.014075261251538764], [-0.25872108215806877, 0.9599607809848306, -0.10741834395461489, 0.005702003246247119], [0.047648107157759564, 0.12375219295516651, 0.9911685288703783, 0.0010489159723135774], [0.0, 0.0, 0.0, 1.0]], "antennas": [-0.31288346895586183, 0.31291605033380443], "body_yaw": -0.1995257332918339, "check_collision": false}, {"head": [[0.9655171225324923, 0.24818938865102222, -0.07860479284120162, -0.014116088887790586], [-0.25568996369331687, 0.960825412114237, -0.10694470488068636, 0.0056264175512464555], [0.048982941552000225, 0.12335540035417442, 0.9911529229338806, 0.0010291713504382602], [0.0, 0.0, 0.0, 1.0]], "antennas": [-0.31288346895586183, 0.31291605033380443], "body_yaw": -0.1995257332918339, "check_collision": false}, {"head": [[0.9661362641763698, 0.24554638982360524, -0.07929495247442978, -0.014267104404712416], [-0.2531114433161778, 0.9615820412788976, -0.10627593872702332, 0.005920099032117292], [0.0501529291839401, 0.12274749828205372, 0.9911698821896113, 0.0007724180065504546], [0.0, 0.0, 0.0, 1.0]], "antennas": [-0.31288346895586183, 0.31291605033380443], "body_yaw": -0.1995257332918339, "check_collision": false}, {"head": [[0.9667633011640383, 0.24299938305329774, -0.07949854940895427, -0.014340071085561335], [-0.2505812649519977, 0.9622880490935858, -0.10588078308511692, 0.005904955938807295], [0.05077153904962918, 0.12228250245794572, 0.9911958638004674, 0.0007476995387958071], [0.0, 0.0, 0.0, 1.0]], "antennas": [-0.31288346895586183, 0.31291605033380443], "body_yaw": -0.1995257332918339, "check_collision": false}, {"head": [[0.9671686560784118, 0.2412321443829708, -0.07994900384540372, -0.014385706811877404], [-0.2488617962500173, 0.9627673612660855, -0.10557847530606725, 0.006137705023376292], [0.05150336946932434, 0.12200844477794355, 0.9911918796762683, 0.0006065773966015015], [0.0, 0.0, 0.0, 1.0]], "antennas": [-0.31288346895586183, 0.31291605033380443], "body_yaw": -0.1995257332918339, "check_collision": false}, {"head": [[0.9676592754125893, 0.23910114858430714, -0.08041248319538273, -0.014419031609293195], [-0.2467916269010746, 0.9633117762019675, -0.10547186696997113, 0.006158481203100439], [0.05224384747990366, 0.12190595791951911, 0.991165736809047, 0.000575671680549425], [0.0, 0.0, 0.0, 1.0]], "antennas": [-0.31288346895586183, 0.31291605033380443], "body_yaw": -0.1995257332918339, "check_collision": false}, {"head": [[0.9681291346113245, 0.2369246069274969, -0.08119550079270854, -0.014454127960655924], [-0.24471662670755734, 0.9638492897805238, -0.105396011321367, 0.006167553473621295], [0.0532893172183852, 0.12190683828986285, 0.9911099694022694, 0.0005474837515083459], [0.0, 0.0, 0.0, 1.0]], "antennas": [-0.31288346895586183, 0.31291605033380443], "body_yaw": -0.1995257332918339, "check_collision": false}, {"head": [[0.9686009290848032, 0.23460976132016886, -0.082283048493292, -0.014490299316392508], [-0.2425422828475297, 0.9644044869411703, -0.10534337472687573, 0.006218356314702168], [0.05463955716479528, 0.12199280905459743, 0.9910258691536783, 0.0005492009548798444], [0.0, 0.0, 0.0, 1.0]], "antennas": [-0.31288346895586183, 0.31291605033380443], "body_yaw": -0.1995257332918339, "check_collision": false}, {"head": [[0.9691686038332086, 0.23169549940604456, -0.08384159408654357, -0.014542787182023651], [-0.23983777639224357, 0.9650689677211677, -0.10545012355053872, 0.0063772947616728025], [0.05648060161872659, 0.12230733051041266, 0.990883877426716, 0.0004845885111718657], [0.0, 0.0, 0.0, 1.0]], "antennas": [-0.31288346895586183, 0.31291605033380443], "body_yaw": -0.1995257332918339, "check_collision": false}, {"head": [[0.9698485792712649, 0.22820066081911689, -0.08554643000866614, -0.014546321007708727], [-0.2365809558364847, 0.9658471349127281, -0.1056823699411114, 0.0063807693931532015], [0.058507987668390424, 0.12273455252125627, 0.9907134020474351, 0.00047629098250626394], [0.0, 0.0, 0.0, 1.0]], "antennas": [-0.31288346895586183, 0.31291605033380443], "body_yaw": -0.1995257332918339, "check_collision": false}, {"head": [[0.9701567792322449, 0.22659519178935827, -0.0863159473542469, -0.014482039651801507], [-0.2350912919039797, 0.9661847866810481, -0.10591998138696586, 0.006342385125573887], [0.05939619668493083, 0.12305111557414393, 0.9906212771666695, 0.0005234440648973799], [0.0, 0.0, 0.0, 1.0]], "antennas": [-0.31288346895586183, 0.31291605033380443], "body_yaw": -0.1995257332918339, "check_collision": false}, {"head": [[0.9704651447547219, 0.22501053172762503, -0.08699231821171519, -0.014435069211126191], [-0.23359658041705078, 0.9665476011129017, -0.10591681830736593, 0.0063697161798266675], [0.06024981687654485, 0.12310968846742604, 0.9905624483957568, 0.0005136553508724745], [0.0, 0.0, 0.0, 1.0]], "antennas": [-0.31288346895586183, 0.31291605033380443], "body_yaw": -0.1995257332918339, "check_collision": false}, {"head": [[0.9707513173666101, 0.22358917023285566, -0.08746292234755405, -0.014409492129240257], [-0.23224281454173254, 0.9668673075575098, -0.10597586833909987, 0.00648892089641833], [0.060869983774645434, 0.12318884905329257, 0.990514690726089, 0.00039581999664526084], [0.0, 0.0, 0.0, 1.0]], "antennas": [-0.31288346895586183, 0.31291605033380443], "body_yaw": -0.1995257332918339, "check_collision": false}, {"head": [[0.9710086099335951, 0.22252158476507752, -0.08732939796234526, -0.014341435385950552], [-0.23116378004707103, 0.9671244049179935, -0.10598911362194796, 0.006529057275947689], [0.06087352650517808, 0.12310373562835228, 0.9905250547286363, 0.00036567488680836206], [0.0, 0.0, 0.0, 1.0]], "antennas": [-0.31288346895586183, 0.31291605033380443], "body_yaw": -0.1995257332918339, "check_collision": false}, {"head": [[0.9711889295078971, 0.22172162904159787, -0.08735892865898022, -0.014345844139799072], [-0.23037491363475077, 0.9673050768802322, -0.10605794364171481, 0.0066498456753433695], [0.0609873951656066, 0.12312760639624282, 0.9905150832642813, 0.0003846455040703884], [0.0, 0.0, 0.0, 1.0]], "antennas": [-0.31288346895586183, 0.31291605033380443], "body_yaw": -0.1995257332918339, "check_collision": false}, {"head": [[0.9713798280998297, 0.22087587482022136, -0.0873789304303185, -0.014301900067034051], [-0.2295366433545558, 0.9675014405610173, -0.10608436204209863, 0.006694245081260545], [0.061107764795220454, 0.12310487575542046, 0.9905104899227336, 0.0003649080723262283], [0.0, 0.0, 0.0, 1.0]], "antennas": [-0.31288346895586183, 0.31291605033380443], "body_yaw": -0.1995257332918339, "check_collision": false}, {"head": [[0.9715539670330708, 0.2199472271525442, -0.08778443147967391, -0.014414482234672787], [-0.2286625452324855, 0.9677072501975931, -0.10609485530794671, 0.006718844985122846], [0.06161436155722102, 0.12314988909016425, 0.9904735106336645, 0.00040002332580749427], [0.0, 0.0, 0.0, 1.0]], "antennas": [-0.31288346895586183, 0.31291605033380443], "body_yaw": -0.1995257332918339, "check_collision": false}, {"head": [[0.9717568485024686, 0.21900320800670114, -0.08789893213983896, -0.014429404717721535], [-0.22773526295600227, 0.9679279473150253, -0.106076099159435, 0.006753968432698324], [0.06184882694854382, 0.12309786224502592, 0.9904653648239266, 0.00039603014470743496], [0.0, 0.0, 0.0, 1.0]], "antennas": [-0.31288346895586183, 0.31291605033380443], "body_yaw": -0.1995257332918339, "check_collision": false}, {"head": [[0.9719627891584012, 0.21817895373635887, -0.08767143570130781, -0.014405245291204953], [-0.22689070325418875, 0.9681181864585418, -0.10614982724923892, 0.0068508287622586], [0.06171665308683261, 0.12306551586342689, 0.9904776289937233, 0.00036325293113673445], [0.0, 0.0, 0.0, 1.0]], "antennas": [-0.31288346895586183, 0.31291605033380443], "body_yaw": -0.1995257332918339, "check_collision": false}, {"head": [[0.9720927851180672, 0.21764576160343246, -0.08755535150669767, -0.014416608836207934], [-0.2263538003075104, 0.9682288050839403, -0.1062870551481844, 0.0068847103648256676], [0.06164068630172163, 0.12313936601179709, 0.9904731810253449, 0.0003732876126566226], [0.0, 0.0, 0.0, 1.0]], "antennas": [-0.31288346895586183, 0.31291605033380443], "body_yaw": -0.1995257332918339, "check_collision": false}, {"head": [[0.9721819840500641, 0.21738933252175968, -0.08720130729653795, -0.014395451507092465], [-0.22606626838318555, 0.9682752159828817, -0.10647604619164791, 0.006891424133199552], [0.06128810804538652, 0.12322736797906628, 0.9904841157702476, 0.000311761134598218], [0.0, 0.0, 0.0, 1.0]], "antennas": [-0.31288346895586183, 0.31291605033380443], "body_yaw": -0.1995257332918339, "check_collision": false}, {"head": [[0.9721707040354279, 0.21765085848497095, -0.08667309857167566, -0.014364576468376754], [-0.22625804593568571, 0.9682362864199092, -0.10642269640047984, 0.006924043786434259], [0.0607570478596961, 0.1230715136030215, 0.9905362101785254, 0.00030950004330873864], [0.0, 0.0, 0.0, 1.0]], "antennas": [-0.31288346895586183, 0.31291605033380443], "body_yaw": -0.1995257332918339, "check_collision": false}, {"head": [[0.9721392132582506, 0.21800417407129866, -0.0861366944636306, -0.01438626423064476], [-0.22655312805222785, 0.9681499906217399, -0.10657990349440179, 0.007017260642221052], [0.06015837610325587, 0.12312504110300253, 0.9905660977632958, 0.0002351319953667636], [0.0, 0.0, 0.0, 1.0]], "antennas": [-0.31288346895586183, 0.31291605033380443], "body_yaw": -0.1995257332918339, "check_collision": false}, {"head": [[0.9721124854130285, 0.21837693239404, -0.08549170194979913, -0.014334581731973856], [-0.22686884025201937, 0.9680314076988726, -0.1069846859659961, 0.007062898273797156], [0.05939566505064258, 0.12339655224805905, 0.9905783390860533, 0.00022088869928080517], [0.0, 0.0, 0.0, 1.0]], "antennas": [-0.31288346895586183, 0.31291605033380443], "body_yaw": -0.1995257332918339, "check_collision": false}, {"head": [[0.9720809552635993, 0.21862322999773776, -0.08522030109759376, -0.014392548858399308], [-0.22710896715132284, 0.9679220906499988, -0.10746321915518312, 0.007112172745372812], [0.05899265592654445, 0.1238172432946712, 0.9905499264598633, 0.00023496596903602456], [0.0, 0.0, 0.0, 1.0]], "antennas": [-0.31288346895586183, 0.31291605033380443], "body_yaw": -0.1995257332918339, "check_collision": false}, {"head": [[0.9720208126141904, 0.21908652329827386, -0.08471502318906415, -0.01437118502673931], [-0.2275384119413024, 0.9677626726727532, -0.10798926091292403, 0.007144699027032235], [0.05832504553002029, 0.12424373099019652, 0.9905360590980807, 0.00022388002286125312], [0.0, 0.0, 0.0, 1.0]], "antennas": [-0.31288346895586183, 0.31291605033380443], "body_yaw": -0.1995257332918339, "check_collision": false}, {"head": [[0.9719757055428849, 0.21957163187408757, -0.08397336667396794, -0.01434655523173391], [-0.22795655080537913, 0.9676108296213145, -0.10846701500670854, 0.007098331397606341], [0.057437259503958844, 0.12456958246578935, 0.9905470106688391, 0.00023362714631339492], [0.0, 0.0, 0.0, 1.0]], "antennas": [-0.31288346895586183, 0.31291605033380443], "body_yaw": -0.1995257332918339, "check_collision": false}, {"head": [[0.9718350605188248, 0.22043121064258808, -0.08334684469741506, -0.014343170280810478], [-0.2287417721702572, 0.9674099727913359, -0.1086054612267591, 0.007119761483514448], [0.056690535460358835, 0.12461149994486823, 0.9905847552182034, 0.00023940978145506613], [0.0, 0.0, 0.0, 1.0]], "antennas": [-0.31288346895586183, 0.31291605033380443], "body_yaw": -0.1995257332918339, "check_collision": false}, {"head": [[0.971686133033512, 0.2212789626413452, -0.08283525555432544, -0.01435214965701842], [-0.22951983778167442, 0.9672291756616398, -0.10857424102234789, 0.007229236324880027], [0.056095480522534935, 0.12451241882348604, 0.9906310890657889, 0.0003175917893098207], [0.0, 0.0, 0.0, 1.0]], "antennas": [-0.31288346895586183, 0.31291605033380443], "body_yaw": -0.1995257332918339, "check_collision": false}, {"head": [[0.9715514533544136, 0.22198827464176654, -0.08251654019951463, -0.014347419117602667], [-0.23019119359551712, 0.9670592779264559, -0.10866631201726082, 0.007258256009028222], [0.05567573866593639, 0.1245694942509327, 0.9906475928533158, 0.00034783158935650376], [0.0, 0.0, 0.0, 1.0]], "antennas": [-0.31288346895586183, 0.31291605033380443], "body_yaw": -0.1995257332918339, "check_collision": false}, {"head": [[0.9715038675072819, 0.22222985279228516, -0.08242650026728429, -0.014330809091132473], [-0.2304279208128592, 0.9669877841187011, -0.10880072920282592, 0.007329670901734501], [0.05552664881168348, 0.12469369628462877, 0.990640335025089, 0.0004237432588684337], [0.0, 0.0, 0.0, 1.0]], "antennas": [-0.31288346895586183, 0.31291605033380443], "body_yaw": -0.1995257332918339, "check_collision": false}, {"head": [[0.9714631763434991, 0.22247432733907793, -0.08224640225337845, -0.014300306170921078], [-0.23066017072332626, 0.9669092585598472, -0.1090062904291894, 0.0073702940763640135], [0.055273706683067025, 0.12486656632690592, 0.9906327058820756, 0.00045189458785619145], [0.0, 0.0, 0.0, 1.0]], "antennas": [-0.31288346895586183, 0.31291605033380443], "body_yaw": -0.1995257332918339, "check_collision": false}, {"head": [[0.9714435578930725, 0.22273423806972623, -0.08177330260878184, -0.014314491391841547], [-0.23087644876209265, 0.9668230758891518, -0.10931242077295814, 0.007188872789796179], [0.05471269720141471, 0.12507037666745058, 0.9906381385981505, 0.000542884853984546], [0.0, 0.0, 0.0, 1.0]], "antennas": [-0.31288346895586183, 0.31291605033380443], "body_yaw": -0.1995257332918339, "check_collision": false}, {"head": [[0.971344657419204, 0.22346621755699184, -0.08094693393786022, -0.014270318044591647], [-0.231500853139519, 0.9666743976888469, -0.10930674200880708, 0.007220466818251215], [0.05382296441895385, 0.12491380413579695, 0.9907066316712934, 0.0005505156712949683], [0.0, 0.0, 0.0, 1.0]], "antennas": [-0.31288346895586183, 0.31291605033380443], "body_yaw": -0.22022296907238093, "check_collision": false}, {"head": [[0.9712907031708022, 0.22411374796986525, -0.07979597674612503, -0.014227652826241916], [-0.23200854789448042, 0.9665365299424943, -0.10944939465623464, 0.007186343245990604], [0.052596612418129976, 0.12482052818996299, 0.9907842510377904, 0.00045647448240374315], [0.0, 0.0, 0.0, 1.0]], "antennas": [-0.31288346895586183, 0.31291605033380443], "body_yaw": -0.2481478109985158, "check_collision": false}, {"head": [[0.9711656874889486, 0.2250654803134934, -0.07863038226648773, -0.014190241472865697], [-0.23280129928279372, 0.966364025155055, -0.10928918491032277, 0.007204566255224766], [0.051388349811611764, 0.12444316155328156, 0.9908951190949842, 0.00044813874361513133], [0.0, 0.0, 0.0, 1.0]], "antennas": [-0.31288346895586183, 0.31291605033380443], "body_yaw": -0.27607265292465066, "check_collision": false}, {"head": [[0.9710929524255859, 0.22574494663374525, -0.0775738152902534, -0.014152170865571242], [-0.23334983327365535, 0.9662219899366683, -0.10937514102382848, 0.007065130566725885], [0.050262640803245655, 0.12431526548317637, 0.9909689105654785, 0.00044219011158861126], [0.0, 0.0, 0.0, 1.0]], "antennas": [-0.31288346895586183, 0.31291605033380443], "body_yaw": -0.30399749485078553, "check_collision": false}, {"head": [[0.9709850567602843, 0.22650929421959537, -0.07669132402278697, -0.014131476196132108], [-0.23399690261684752, 0.9660731158628456, -0.10930775074428338, 0.0070814238037328215], [0.04933020488452183, 0.1240817248396942, 0.9910450325019835, 0.00044273105664374983], [0.0, 0.0, 0.0, 1.0]], "antennas": [-0.31288346895586183, 0.31291605033380443], "body_yaw": -0.33192233677692035, "check_collision": false}, {"head": [[0.9709253761794703, 0.22690216407991887, -0.07628447959187937, -0.014207945443389686], [-0.23435465530186755, 0.9659460600845253, -0.10966359717575141, 0.00695076851408988], [0.04880378498740778, 0.12435279226069756, 0.9910371202068421, 0.0005905518774015656], [0.0, 0.0, 0.0, 1.0]], "antennas": [-0.31288346895586183, 0.31291605033380443], "body_yaw": -0.3598471787030552, "check_collision": false}, {"head": [[0.9708476184461924, 0.22734878463471261, -0.07594360988572929, -0.01421487920432385], [-0.23476887889411927, 0.965816506959938, -0.10991837146948057, 0.0069648802351795595], [0.04835778386314999, 0.12454318531667412, 0.9910350749247081, 0.0006010087838494744], [0.0, 0.0, 0.0, 1.0]], "antennas": [-0.31288346895586183, 0.31291605033380443], "body_yaw": -0.3877720206291901, "check_collision": false}, {"head": [[0.9707936026762459, 0.22771998108463973, -0.07552079990099536, -0.014215349336688526], [-0.23509881716822054, 0.9657043700105151, -0.11019807579398769, 0.006970195745885478], [0.04783646275571033, 0.1247344377363572, 0.991036322681271, 0.0006049459918241768], [0.0, 0.0, 0.0, 1.0]], "antennas": [-0.31288346895586183, 0.31291605033380443], "body_yaw": -0.41569686255532495, "check_collision": false}, {"head": [[0.9707656895586437, 0.2280300065271272, -0.07494192484163499, -0.014203021595014891], [-0.2353488642109813, 0.9656096561794895, -0.11049390936847686, 0.006959212298867994], [0.04716871940525872, 0.12490119301338323, 0.991047326767749, 0.0006053051423931283], [0.0, 0.0, 0.0, 1.0]], "antennas": [-0.31288346895586183, 0.31291605033380443], "body_yaw": -0.4436217044814598, "check_collision": false}, {"head": [[0.9707324112900723, 0.22837365118087052, -0.07432402785963935, -0.01418395543848949], [-0.23562352132437173, 0.9655176251008034, -0.11071256395914733, 0.006940649952164228], [0.04647732640401878, 0.12498476333546835, 0.9910694562261071, 0.000603467641069197], [0.0, 0.0, 0.0, 1.0]], "antennas": [-0.31288346895586183, 0.31291605033380443], "body_yaw": -0.4705609637513781, "check_collision": false}, {"head": [[0.9706676946918285, 0.2288303951951099, -0.07376229874740443, -0.014149212323642892], [-0.23601623026264001, 0.965399746035804, -0.11090387462400844, 0.006919241761222116], [0.04583192701888057, 0.1250599079995469, 0.9910900331841104, 0.0005954160599734055], [0.0, 0.0, 0.0, 1.0]], "antennas": [-0.31288346895586183, 0.31291605033380443], "body_yaw": -0.47943120765732683, "check_collision": false}, {"head": [[0.970613366740543, 0.2293015880359514, -0.07301009538946335, -0.014064435984632667], [-0.23640776942160235, 0.9652602148458261, -0.11128380022667973, 0.006741390340401799], [0.04495618824689443, 0.1252736977979811, 0.9911031438646178, 0.00065967211831994], [0.0, 0.0, 0.0, 1.0]], "antennas": [-0.31288346895586183, 0.31291605033380443], "body_yaw": -0.45150636573119196, "check_collision": false}, {"head": [[0.97046384763717, 0.23007053008703807, -0.07257734918504843, -0.01401388497966841], [-0.23712536097298123, 0.9650654357575744, -0.1114462556099387, 0.006721719540719908], [0.044401392013004276, 0.1253644921479434, 0.9911166735030721, 0.000656215113908984], [0.0, 0.0, 0.0, 1.0]], "antennas": [-0.31288346895586183, 0.31291605033380443], "body_yaw": -0.43737968099208846, "check_collision": false}, {"head": [[0.9703481943409503, 0.23059202395528103, -0.07246861546534608, -0.014037005733148887], [-0.23764278339490572, 0.9649057137665095, -0.11172676958126213, 0.006663871425050171], [0.04416207920353192, 0.1256355126106851, 0.9910930474639962, 0.0007543915535670215], [0.0, 0.0, 0.0, 1.0]], "antennas": [-0.31288346895586183, 0.31291605033380443], "body_yaw": -0.43737968099208846, "check_collision": false}, {"head": [[0.970204576412599, 0.23124488789559178, -0.07231100697822263, -0.014018091841030634], [-0.23828688868875397, 0.9647081549326726, -0.11206040552055935, 0.006654475310101745], [0.043845622211148454, 0.1259522831414898, 0.9910668916800538, 0.0007757313457484622], [0.0, 0.0, 0.0, 1.0]], "antennas": [-0.31288346895586183, 0.31291605033380443], "body_yaw": -0.43737968099208846, "check_collision": false}, {"head": [[0.9700535295607134, 0.2319458907632543, -0.07209197975393894, -0.014108479434331064], [-0.2389714541095639, 0.9644984731179456, -0.11240702590991342, 0.006591615665234768], [0.04346025664400088, 0.1262687574627701, 0.9910435948944151, 0.0009291898352334655], [0.0, 0.0, 0.0, 1.0]], "antennas": [-0.31288346895586183, 0.31291605033380443], "body_yaw": -0.45687231574837084, "check_collision": false}, {"head": [[0.9698919191541664, 0.2326599963667237, -0.07196520860863553, -0.014123206322579844], [-0.23968231933422535, 0.9642767593205365, -0.11279502308546673, 0.006569933549858994], [0.04315148847971224, 0.12664776952209092, 0.9910087242386239, 0.0009646182641188967], [0.0, 0.0, 0.0, 1.0]], "antennas": [-0.31288346895586183, 0.31291605033380443], "body_yaw": -0.4847971576745057, "check_collision": false}, {"head": [[0.9697187534868968, 0.2334667674247432, -0.07168547721860853, -0.014122630012660696], [-0.2404616939729628, 0.9640478813862615, -0.11309224609279585, 0.006537146257275511], [0.04270495132267408, 0.12690528319538621, 0.990995124220915, 0.0009882879333819345], [0.0, 0.0, 0.0, 1.0]], "antennas": [-0.31288346895586183, 0.31291605033380443], "body_yaw": -0.5127219996006406, "check_collision": false}, {"head": [[0.969531032019386, 0.23432882422127713, -0.07141134427034931, -0.014218148569656655], [-0.24129514036961383, 0.9638084155619245, -0.11335781104988357, 0.006487346995470174], [0.04226385199473557, 0.12713512587434891, 0.9909845743418415, 0.0011370201560649581], [0.0, 0.0, 0.0, 1.0]], "antennas": [-0.31288346895586183, 0.31291605033380443], "body_yaw": -0.5406468415267754, "check_collision": false}, {"head": [[0.9693745895843123, 0.23508471055962005, -0.0710498693126581, -0.014203789623420612], [-0.24201316008857515, 0.9635929073738694, -0.11365887208095747, 0.006436015688484221], [0.0417436870938329, 0.12737302587233065, 0.9909760728029405, 0.0011705122894333539], [0.0, 0.0, 0.0, 1.0]], "antennas": [-0.31288346895586183, 0.31291605033380443], "body_yaw": -0.5685716834529103, "check_collision": false}, {"head": [[0.9692541890554753, 0.23565839796636798, -0.07079149995824575, -0.014194755336546773], [-0.242559166034761, 0.9634308742976833, -0.11386835127691748, 0.00638213162587081], [0.0413686834566271, 0.12753850366821454, 0.9909705152582183, 0.001201323516375061], [0.0, 0.0, 0.0, 1.0]], "antennas": [-0.31288346895586183, 0.31291605033380443], "body_yaw": -0.5964965253790452, "check_collision": false}, {"head": [[0.9691797391848254, 0.23600751752455906, -0.07064761018978982, -0.014173435332912147], [-0.24289369369707053, 0.9633297546766784, -0.1140106894846442, 0.006560232900327238], [0.04114956519608961, 0.12765670928887846, 0.9909644180583413, 0.001022276052769586], [0.0, 0.0, 0.0, 1.0]], "antennas": [-0.31288346895586183, 0.31291605033380443], "body_yaw": -0.62442136730518, "check_collision": false}, {"head": [[0.9691330215644497, 0.23622466701603112, -0.07056268990426424, -0.014161090506344075], [-0.2431014238066207, 0.9632694482008103, -0.11407746449715879, 0.0065053690352518964], [0.04102297230277105, 0.1277101282438944, 0.9909627838054134, 0.0010346068883136136], [0.0, 0.0, 0.0, 1.0]], "antennas": [-0.31288346895586183, 0.31291605033380443], "body_yaw": -0.6523462092313149, "check_collision": false}, {"head": [[0.9690994502545504, 0.23639812836519497, -0.07044274570004379, -0.0141911033356822], [-0.24326202957928528, 0.9632186836589743, -0.11416370883621298, 0.006565232514672281], [0.040863681690410235, 0.12777203276032467, 0.9909613853036854, 0.0009993239515881688], [0.0, 0.0, 0.0, 1.0]], "antennas": [-0.31288346895586183, 0.31291605033380443], "body_yaw": -0.6802710511574497, "check_collision": false}, {"head": [[0.9690405148994359, 0.23666952943703884, -0.07034212336492623, -0.014191286515620422], [-0.24352124554308652, 0.9631463806058751, -0.1142210685247963, 0.006512180729380701], [0.040717114983501355, 0.12781464455160466, 0.9909619231764493, 0.0010140891971950092], [0.0, 0.0, 0.0, 1.0]], "antennas": [-0.31288346895586183, 0.31291605033380443], "body_yaw": -0.7081958930835845, "check_collision": false}, {"head": [[0.9689868372036308, 0.23693008076460287, -0.07020431721043462, -0.0141905683372005], [-0.2437593850063462, 0.9630952963563507, -0.11414382312504273, 0.0064586877679237795], [0.040569342457481866, 0.12771682334427178, 0.9909805959187171, 0.0010330532814877588], [0.0, 0.0, 0.0, 1.0]], "antennas": [-0.31288346895586183, 0.31291605033380443], "body_yaw": -0.7187087747498943, "check_collision": false}, {"head": [[0.968923249732428, 0.23724651475895256, -0.0700130513738762, -0.014184990510959915], [-0.24404465648411947, 0.9630368377795169, -0.11402742968767023, 0.006403668947452881], [0.04037253731807132, 0.127570138803556, 0.9910075266697738, 0.0010511620362431448], [0.0, 0.0, 0.0, 1.0]], "antennas": [-0.31288346895586183, 0.31291605033380443], "body_yaw": -0.7229796329268324, "check_collision": false}, {"head": [[0.9688885767316054, 0.23746771665279734, -0.06974245067898602, -0.014144266125133819], [-0.2442308478481067, 0.9629868578995799, -0.11405088545070252, 0.00631645130966681], [0.0400776600913651, 0.12753585793964403, 0.9910239079362314, 0.0010467288844710795], [0.0, 0.0, 0.0, 1.0]], "antennas": [-0.31288346895586183, 0.31291605033380443], "body_yaw": -0.6950547910006976, "check_collision": false}, {"head": [[0.9688173583817504, 0.2378506478172722, -0.069426186926199, -0.014123721157718299], [-0.24456515311730528, 0.9629192739100406, -0.11390503857718426, 0.006256337115847231], [0.039759426290083624, 0.1273324046166755, 0.9910628873868799, 0.001051947979652221], [0.0, 0.0, 0.0, 1.0]], "antennas": [-0.31288346895586183, 0.31291605033380443], "body_yaw": -0.6671299490745627, "check_collision": false}, {"head": [[0.9687836351865623, 0.23806773105505064, -0.0691521772976804, -0.014094865792071875], [-0.24475842864672892, 0.9628329523473373, -0.11421916424354575, 0.0062236338806322036], [0.03939009775430703, 0.12757923539671354, 0.9910458914169898, 0.000919428279905907], [0.0, 0.0, 0.0, 1.0]], "antennas": [-0.31288346895586183, 0.31291605033380443], "body_yaw": -0.6392051071484279, "check_collision": false}, {"head": [[0.968753743220492, 0.2382843168521126, -0.06882419152163874, -0.014052313252458683], [-0.2449378570131282, 0.9627688583387677, -0.11437469831602803, 0.0061646205599914005], [0.03900809144397561, 0.12765856710533796, 0.9910507853013943, 0.0009092658184714805], [0.0, 0.0, 0.0, 1.0]], "antennas": [-0.31288346895586183, 0.31291605033380443], "body_yaw": -0.6422713643011015, "check_collision": false}, {"head": [[0.9687452414161284, 0.2384100481328285, -0.06850770893052731, -0.01399890545135472], [-0.24502632866522983, 0.9627341008802166, -0.1144777238732495, 0.006114988699752258], [0.03866206790183672, 0.12768594265487324, 0.9910608177876322, 0.0010543801499386138], [0.0, 0.0, 0.0, 1.0]], "antennas": [-0.31288346895586183, 0.31291605033380443], "body_yaw": -0.6143465223749667, "check_collision": false}, {"head": [[0.9687345714093564, 0.23856893984425243, -0.06810426637091246, -0.013963423237949898], [-0.2451345291132505, 0.9627006013631992, -0.11452779038888153, 0.0060480233053871405], [0.03824124465489671, 0.12764173720427074, 0.9910828391868766, 0.0010538594460359515], [0.0, 0.0, 0.0, 1.0]], "antennas": [-0.31288346895586183, 0.31291605033380443], "body_yaw": -0.5864216804488318, "check_collision": false}, {"head": [[0.9687436249902753, 0.23861754856673487, -0.06780453197760827, -0.013941984450053884], [-0.2451434165916703, 0.9627016535181715, -0.11449991971674499, 0.005974504283703434], [0.03795384489697159, 0.1275429019168851, 0.9911066107277038, 0.0010574429385498993], [0.0, 0.0, 0.0, 1.0]], "antennas": [-0.31288346895586183, 0.31291605033380443], "body_yaw": -0.5584968385226969, "check_collision": false}, {"head": [[0.9687587195060245, 0.2386007237186392, -0.06764789739518019, -0.013924770818801249], [-0.24510731224991109, 0.9627088398838722, -0.11451678955975497, 0.005900295578647927], [0.03780143995500451, 0.1275201327257395, 0.9911153650745899, 0.001070155576508944], [0.0, 0.0, 0.0, 1.0]], "antennas": [-0.31288346895586183, 0.31291605033380443], "body_yaw": -0.5305719965965621, "check_collision": false}, {"head": [[0.9688274806733679, 0.23829762096047197, -0.06773150328078104, -0.013915555858462925], [-0.24482562198250102, 0.9627530160269989, -0.11474774486585351, 0.005834914648921761], [0.0378645944515024, 0.12775317598986224, 0.9910829422967216, 0.0011021669295086275], [0.0, 0.0, 0.0, 1.0]], "antennas": [-0.31288346895586183, 0.31291605033380443], "body_yaw": -0.5026471546704272, "check_collision": false}, {"head": [[0.9688847106089736, 0.2380106972759562, -0.06792146590275272, -0.013909055200614646], [-0.2445748502605496, 0.9627856221234427, -0.11500864512029332, 0.00577896154456485], [0.03802052298687396, 0.1280420001975483, 0.9910396995162282, 0.0011337539625702916], [0.0, 0.0, 0.0, 1.0]], "antennas": [-0.31288346895586183, 0.31291605033380443], "body_yaw": -0.47899317092123067, "check_collision": false}, {"head": [[0.9688867563723739, 0.23792986629255491, -0.06817501046737716, -0.01407979693266783], [-0.24451667296387697, 0.9628325437252201, -0.11473922339940433, 0.006103549977077454], [0.0383412306648664, 0.1278392407268946, 0.991053519524286, 0.001357898975567515], [0.0, 0.0, 0.0, 1.0]], "antennas": [-0.31288346895586183, 0.31291605033380443], "body_yaw": -0.4725321290638112, "check_collision": false}, {"head": [[0.9688767300726797, 0.23797464908382787, -0.06816119363025074, -0.014079387905863654], [-0.24455591950071093, 0.9628333098255111, -0.11464911568613644, 0.006062468720382022], [0.03834428459149235, 0.12775008369422022, 0.9910648979533511, 0.0013934601467041371], [0.0, 0.0, 0.0, 1.0]], "antennas": [-0.31288346895586183, 0.31291605033380443], "body_yaw": -0.4725321290638112, "check_collision": false}, {"head": [[0.9688821633848922, 0.23806941221995867, -0.06775181502996765, -0.014069624478619955], [-0.24458993594024706, 0.9628486944322366, -0.11444717063730174, 0.006192430236784941], [0.03798837600315899, 0.12745723437836404, 0.9911163083580361, 0.001317084005061839], [0.0, 0.0, 0.0, 1.0]], "antennas": [-0.31288346895586183, 0.31291605033380443], "body_yaw": -0.4725321290638112, "check_collision": false}, {"head": [[0.9688899745251631, 0.23806564161684074, -0.06765328924886269, -0.01406312024088454], [-0.24456743195317854, 0.9628735583962167, -0.11428596488298348, 0.006150652129191631], [0.03793400179859373, 0.1272763168188375, 0.9911416400719802, 0.0013457739351794592], [0.0, 0.0, 0.0, 1.0]], "antennas": [-0.31288346895586183, 0.31291605033380443], "body_yaw": -0.46661863312651203, "check_collision": false}, {"head": [[0.9689395711011647, 0.23783537647481148, -0.06775279515544598, -0.01404474356680881], [-0.24436096895360312, 0.9628960199061437, -0.11453807969825407, 0.006068345127748289], [0.03799768948695897, 0.12753661649107706, 0.9911057395897073, 0.0012017377472859111], [0.0, 0.0, 0.0, 1.0]], "antennas": [-0.31288346895586183, 0.31291605033380443], "body_yaw": -0.4386937912003772, "check_collision": false}, {"head": [[0.9689507934844083, 0.23777323736745007, -0.06781037824505383, -0.014029313114337926], [-0.24431058104179001, 0.9628964072150367, -0.11464226517038403, 0.006017262715456467], [0.03803550705535515, 0.12764950671340625, 0.9910897555917252, 0.0012076036813350763], [0.0, 0.0, 0.0, 1.0]], "antennas": [-0.31288346895586183, 0.31291605033380443], "body_yaw": -0.41076894927424235, "check_collision": false}, {"head": [[0.9689886746839609, 0.237602797218603, -0.0678664798565273, -0.013956349384829411], [-0.24416274657038817, 0.9628893189173576, -0.1150161410501654, 0.005671259852914827], [0.03801975172756146, 0.1280198042052969, 0.9910425965667732, 0.0009884909547292794], [0.0, 0.0, 0.0, 1.0]], "antennas": [-0.31288346895586183, 0.31291605033380443], "body_yaw": -0.3828441073481075, "check_collision": false}, {"head": [[0.9689846918372476, 0.23763323564934732, -0.06781675530350939, -0.013935818800546791], [-0.24418853897196716, 0.9628767642490503, -0.11506647775966183, 0.005579466692666135], [0.03795555848371064, 0.12805772988812678, 0.9910401573075075, 0.0009630141298784565], [0.0, 0.0, 0.0, 1.0]], "antennas": [-0.31288346895586183, 0.31291605033380443], "body_yaw": -0.3549192654219726, "check_collision": false}, {"head": [[0.9690305364050456, 0.23749327305749357, -0.0676