{"description": "A movement to celebrate incredible news.", "time": [0.0, 0.010226249694824219, 0.020119428634643555, 0.03019404411315918, 0.04066729545593262, 0.05027937889099121, 0.06041979789733887, 0.07037210464477539, 0.08047938346862793, 0.09050321578979492, 0.1007845401763916, 0.1106257438659668, 0.1207270622253418, 0.13087749481201172, 0.14106988906860352, 0.15106678009033203, 0.16114115715026855, 0.1710197925567627, 0.18105745315551758, 0.19112348556518555, 0.2011888027191162, 0.21130037307739258, 0.22130274772644043, 0.23140954971313477, 0.24141192436218262, 0.2515718936920166, 0.26164817810058594, 0.2718386650085449, 0.2816884517669678, 0.2918357849121094, 0.30182933807373047, 0.3118464946746826, 0.3219025135040283, 0.33204150199890137, 0.34208011627197266, 0.3520801067352295, 0.36222195625305176, 0.37223029136657715, 0.3822929859161377, 0.39235520362854004, 0.40251636505126953, 0.41252970695495605, 0.42261242866516113, 0.43260931968688965, 0.442699670791626, 0.4531264305114746, 0.46291208267211914, 0.47283267974853516, 0.4829063415527344, 0.49300312995910645, 0.503035306930542, 0.513120174407959, 0.5231211185455322, 0.533189058303833, 0.5432326793670654, 0.5533597469329834, 0.5635530948638916, 0.5734782218933105, 0.5835087299346924, 0.5935995578765869, 0.6036155223846436, 0.6137290000915527, 0.623798131942749, 0.6338334083557129, 0.6438848972320557, 0.6538963317871094, 0.6640334129333496, 0.6740140914916992, 0.6840939521789551, 0.6942026615142822, 0.7042474746704102, 0.7142586708068848, 0.724334716796875, 0.7344391345977783, 0.7445068359375, 0.7545461654663086, 0.7646167278289795, 0.7745764255523682, 0.7846767902374268, 0.7948603630065918, 0.8048901557922363, 0.8148572444915771, 0.8249258995056152, 0.8349645137786865, 0.8450326919555664, 0.8550620079040527, 0.8652255535125732, 0.8752171993255615, 0.8853621482849121, 0.8954246044158936, 0.9055063724517822, 0.9154434204101562, 0.9255928993225098, 0.9355576038360596, 0.9456076622009277, 0.9556231498718262, 0.965801477432251, 0.9759042263031006, 0.9858431816101074, 0.9960525035858154, 1.0060172080993652, 1.0160622596740723, 1.0262107849121094, 1.0362260341644287, 1.0463011264801025, 1.0565061569213867, 1.0665597915649414, 1.076622724533081, 1.0867316722869873, 1.096771240234375, 1.1067657470703125, 1.1168115139007568, 1.1269266605377197, 1.1369473934173584, 1.1470050811767578, 1.1570165157318115, 1.1671319007873535, 1.1771349906921387, 1.1872167587280273, 1.1973235607147217, 1.20745849609375, 1.21748685836792, 1.2275805473327637, 1.2376155853271484, 1.2477154731750488, 1.2577919960021973, 1.2678141593933105, 1.2778677940368652, 1.2879128456115723, 1.2980585098266602, 1.3080012798309326, 1.318070411682129, 1.3282101154327393, 1.3381471633911133, 1.348531723022461, 1.358306884765625, 1.3683788776397705, 1.378462791442871, 1.3885276317596436, 1.3986964225769043, 1.4086675643920898, 1.4186477661132812, 1.4288389682769775, 1.4387848377227783, 1.448908805847168, 1.4589309692382812, 1.4689838886260986, 1.4790630340576172, 1.489103078842163, 1.4993188381195068, 1.5092401504516602, 1.519432544708252, 1.5294272899627686, 1.5394492149353027, 1.5494771003723145, 1.55963134765625, 1.5696449279785156, 1.5796902179718018, 1.5897948741912842, 1.5999224185943604, 1.609914779663086, 1.6199910640716553, 1.6300420761108398, 1.6400673389434814, 1.6501331329345703, 1.660214900970459, 1.6702468395233154, 1.6803297996520996, 1.690368413925171, 1.7004280090332031, 1.71046781539917, 1.7205638885498047, 1.7306127548217773, 1.740638017654419, 1.7507226467132568, 1.7608215808868408, 1.7708024978637695, 1.7808852195739746, 1.790945291519165, 1.8010790348052979, 1.8110942840576172, 1.8210439682006836, 1.831277847290039, 1.8412683010101318, 1.8513851165771484, 1.8614964485168457, 1.8714582920074463, 1.8814425468444824, 1.891615629196167, 1.9015800952911377, 1.9116432666778564, 1.9217090606689453, 1.9318130016326904, 1.9418621063232422, 1.9519004821777344, 1.9620211124420166, 1.9720633029937744, 1.982107400894165, 1.9922072887420654, 2.0022881031036377, 2.012336254119873, 2.022610902786255, 2.032512664794922, 2.042487859725952, 2.0526647567749023, 2.062685012817383, 2.0726728439331055, 2.0827012062072754, 2.092862129211426, 2.1028659343719482, 2.1129133701324463, 2.122967481613159, 2.133056402206421, 2.1431233882904053, 2.1531167030334473, 2.163191080093384, 2.173170804977417, 2.1832618713378906, 2.1934077739715576, 2.2034225463867188, 2.213637113571167, 2.2236249446868896, 2.2336738109588623, 2.2437219619750977, 2.253786325454712, 2.2638461589813232, 2.2738606929779053, 2.2838988304138184, 2.2940471172332764, 2.3040621280670166, 2.3141233921051025, 2.324187994003296, 2.334242105484009, 2.344301223754883, 2.354304313659668, 2.3644938468933105, 2.374476671218872, 2.3845174312591553, 2.3948187828063965, 2.404662847518921, 2.41469407081604, 2.424797773361206, 2.4348201751708984, 2.444912910461426, 2.454916477203369, 2.4650301933288574, 2.4750266075134277, 2.485090494155884, 2.495218515396118, 2.505262851715088, 2.515352964401245, 2.5253775119781494, 2.5354766845703125, 2.5455381870269775, 2.5555496215820312, 2.5656747817993164, 2.575747013092041, 2.5857138633728027, 2.5959019660949707, 2.6058743000030518, 2.615962266921997, 2.626103162765503, 2.6360621452331543, 2.646116256713867, 2.656174421310425, 2.666232109069824, 2.6763503551483154, 2.6863417625427246, 2.696514129638672, 2.706483840942383, 2.716529607772827, 2.7266201972961426], "set_target_data": [{"head": [[0.9971724650822386, -0.06924667145051323, -0.029188582953554216, -0.009064296698447128], [0.06664209291008034, 0.9943736086284077, -0.08234049985203303, -0.007070657741703843], [0.03472616210260009, 0.08016249095645113, 0.9961767256412293, 0.009221310018571016], [0.0, 0.0, 0.0, 1.0]], "antennas": [-0.36945275856961557, 0.5742599594288601], "body_yaw": 0.16185457398755818, "check_collision": false}, {"head": [[0.9972027630511399, -0.06881877245867739, -0.029165491946018324, -0.0089224753795526], [0.06622054713196009, 0.9944096152935178, -0.0822457059629391, -0.00694600555576929], [0.03466249415025306, 0.08008429040129637, 0.9961852327404803, 0.009159838475932158], [0.0, 0.0, 0.0, 1.0]], "antennas": [-0.36945275856961557, 0.5742599594288601], "body_yaw": 0.16185457398755818, "check_collision": false}, {"head": [[0.9971919340975067, -0.06888204641316278, -0.029385544963621554, -0.008799341115979763], [0.06626934199654405, 0.9944142416907541, -0.08215041225671334, -0.006894230365642775], [0.03488009292159666, 0.07997236775623041, 0.996186628856884, 0.00916973985808145], [0.0, 0.0, 0.0, 1.0]], "antennas": [-0.36945275856961557, 0.5742599594288601], "body_yaw": 0.16185457398755818, "check_collision": false}, {"head": [[0.9972052198586223, -0.06864597741984114, -0.029486933899454927, -0.008489205141546056], [0.06602580962285744, 0.9944304321235546, -0.0821505211803684, -0.006706269880622725], [0.03496200724160941, 0.07997402985116252, 0.9961836239363717, 0.009118929783570096], [0.0, 0.0, 0.0, 1.0]], "antennas": [-0.36945275856961557, 0.5742599594288601], "body_yaw": 0.16185457398755818, "check_collision": false}, {"head": [[0.9972096490128689, -0.06861839762637029, -0.02940121464872038, -0.008369135828738373], [0.06600467821569816, 0.9944306759896623, -0.08216454895139036, -0.0066407589094073976], [0.03487546944878204, 0.0799946633090772, 0.9961850006262865, 0.009147333552620651], [0.0, 0.0, 0.0, 1.0]], "antennas": [-0.36945275856961557, 0.5742599594288601], "body_yaw": 0.16185457398755818, "check_collision": false}, {"head": [[0.997224803535207, -0.0684493210758992, -0.02928108021258597, -0.007981595017826922], [0.06585037446250787, 0.9944519865820866, -0.08203032711192056, -0.006496662311459192], [0.034733548585120434, 0.07987450674144823, 0.9961996003690702, 0.00906718943946988], [0.0, 0.0, 0.0, 1.0]], "antennas": [-0.36945275856961557, 0.5742599594288601], "body_yaw": 0.16185457398755818, "check_collision": false}, {"head": [[0.997225831844736, -0.06847982568425148, -0.029174539856328827, -0.007850260041233906], [0.06588614623222072, 0.9944420990113216, -0.08212141893941491, -0.006456812800237193], [0.034636051106331625, 0.07997140231489627, 0.9961952212169802, 0.009063137758179796], [0.0, 0.0, 0.0, 1.0]], "antennas": [-0.36945275856961557, 0.5742599594288601], "body_yaw": 0.16185457398755818, "check_collision": false}, {"head": [[0.9972626790208617, -0.0679644279798438, -0.029120191646118277, -0.007760317463693463], [0.06537440259062975, 0.9944707814136581, -0.08218304204899572, -0.0063927792529302795], [0.034544703183734156, 0.08005436555167596, 0.9961917295571504, 0.008916439125439823], [0.0, 0.0, 0.0, 1.0]], "antennas": [-0.36945275856961557, 0.5742599594288601], "body_yaw": 0.16185457398755818, "check_collision": false}, {"head": [[0.9972720523779288, -0.06786078558391898, -0.029040787280079833, -0.007638667614946201], [0.06527223065020263, 0.9944650993869745, -0.0823328731868476, -0.006371897057697307], [0.03446722286260123, 0.0802127164556104, 0.9961816755326065, 0.008899518484383195], [0.0, 0.0, 0.0, 1.0]], "antennas": [-0.36945275856961557, 0.5742599594288601], "body_yaw": 0.16185457398755818, "check_collision": false}, {"head": [[0.9972841909324188, -0.06770386251524764, -0.02899016241395493, -0.0072807949483262545], [0.06510837598731077, 0.9944483735170466, -0.08266396908929437, -0.006220487303876249], [0.034425889858738755, 0.08055196713809841, 0.9961557301434435, 0.008706838042090437], [0.0, 0.0, 0.0, 1.0]], "antennas": [-0.36945275856961557, 0.5742599594288601], "body_yaw": 0.16185457398755818, "check_collision": false}, {"head": [[0.9972636077972507, -0.06792609957253441, -0.029177757968589214, -0.007133288249247837], [0.0653025076938258, 0.9944060611208236, -0.08301908271636446, -0.006195251240666443], [0.03465370185289377, 0.08088652918150763, 0.9961207207687529, 0.008690562000964686], [0.0, 0.0, 0.0, 1.0]], "antennas": [-0.36945275856961557, 0.5742599594288601], "body_yaw": 0.16185457398755818, "check_collision": false}, {"head": [[0.9972716034832988, -0.06765708673140683, -0.029527402541853428, -0.007169835890913058], [0.06500771311817874, 0.9944295529617525, -0.08296903899306739, -0.006216846050365935], [0.034976365176992465, 0.08082315764251889, 0.9961145873179942, 0.00856127099304399], [0.0, 0.0, 0.0, 1.0]], "antennas": [-0.36945275856961557, 0.5742599594288601], "body_yaw": 0.16185457398755818, "check_collision": false}, {"head": [[0.997256867234431, -0.06778911085254181, -0.029721662194268222, -0.007029067316329116], [0.06512350817062225, 0.9944216507401462, -0.08297294271504013, -0.0061959395798844375], [0.03518052639343666, 0.08080975800646992, 0.9961084848416945, 0.008532383220876183], [0.0, 0.0, 0.0, 1.0]], "antennas": [-0.36945275856961557, 0.5742599594288601], "body_yaw": 0.16185457398755818, "check_collision": false}, {"head": [[0.9972540793051152, -0.0677904595922855, -0.029811992512637782, -0.0069237271959625354], [0.06511480498424835, 0.9944157588583012, -0.08305035042750979, -0.006098099025583506], [0.03527553658231395, 0.08088109867290118, 0.9960993346028769, 0.008530694326914778], [0.0, 0.0, 0.0, 1.0]], "antennas": [-0.36945275856961557, 0.5742599594288601], "body_yaw": 0.16185457398755818, "check_collision": false}, {"head": [[0.9972441959412189, -0.06791108269754813, -0.029868018153178886, -0.006805734837676247], [0.06522695608012218, 0.9943999470397571, -0.08315160568413714, -0.006087398976967357], [0.03534767123975294, 0.08097425624342093, 0.9960892088381197, 0.00848019563514274], [0.0, 0.0, 0.0, 1.0]], "antennas": [-0.36945275856961557, 0.5742599594288601], "body_yaw": 0.16185457398755818, "check_collision": false}, {"head": [[0.9972561251022645, -0.06780777040828771, -0.02970399330517023, -0.00662633994667659], [0.06512963001177864, 0.9943882970847885, -0.08336693538413868, -0.0059777227236105165], [0.03519022933351642, 0.08120357684899891, 0.996076114996431, 0.008329032417671134], [0.0, 0.0, 0.0, 1.0]], "antennas": [-0.36945275856961557, 0.5742599594288601], "body_yaw": 0.16185457398755818, "check_collision": false}, {"head": [[0.9972628059887763, -0.06774798182902712, -0.02961598807209292, -0.006528207208399316], [0.06506792380272454, 0.9943703136301065, -0.08362920938982078, -0.005963864144321513], [0.03511496950583001, 0.08147324916349825, 0.996056749682139, 0.008271219026251053], [0.0, 0.0, 0.0, 1.0]], "antennas": [-0.36945275856961557, 0.5742599594288601], "body_yaw": 0.16185457398755818, "check_collision": false}, {"head": [[0.9972910313398079, -0.06727267366114477, -0.029748717412071905, -0.006517274828718859], [0.06458940354830879, 0.9944163340388519, -0.08345276236293307, -0.005626049887820885], [0.03519670095983297, 0.08130523953111253, 0.996067593221631, 0.008524608555392887], [0.0, 0.0, 0.0, 1.0]], "antennas": [-0.36945275856961557, 0.5742599594288601], "body_yaw": 0.16185457398755818, "check_collision": false}, {"head": [[0.997297830019828, -0.06711935255081036, -0.029866883849876413, -0.00644234419146364], [0.06442029932013199, 0.994411643449159, -0.08363915595130746, -0.0056326012043080844], [0.03531378304920876, 0.08148911513756026, 0.9960484229397939, 0.00855124386065187], [0.0, 0.0, 0.0, 1.0]], "antennas": [-0.36945275856961557, 0.5742599594288601], "body_yaw": 0.16185457398755818, "check_collision": false}, {"head": [[0.9972997060454148, -0.06710914411133419, -0.029827153708884016, -0.006357837505101839], [0.0644096597423033, 0.9944035360731175, -0.08374367544573677, -0.005580690508143943], [0.03528019350301141, 0.0815963860837253, 0.9960408313540493, 0.008552900611267011], [0.0, 0.0, 0.0, 1.0]], "antennas": [-0.36945275856961557, 0.5742599594288601], "body_yaw": 0.16185457398755818, "check_collision": false}, {"head": [[0.9973116084737638, -0.06696336234134881, -0.029756742217780425, -0.006272178232953788], [0.06426663373836602, 0.994404636776335, -0.0838404326423968, -0.005529370045667994], [0.035204479706607235, 0.08170267108036791, 0.9960347976586563, 0.008557870680815205], [0.0, 0.0, 0.0, 1.0]], "antennas": [-0.36945275856961557, 0.5742599594288601], "body_yaw": 0.16185457398755818, "check_collision": false}, {"head": [[0.9973376769307598, -0.06657067701040079, -0.029764124995243012, -0.006290506292816075], [0.06387129201604513, 0.9944224725902223, -0.08393094818807668, -0.005661066259360703], [0.03518545481525913, 0.08180642376931911, 0.9960269538519116, 0.008452259626033243], [0.0, 0.0, 0.0, 1.0]], "antennas": [-0.36945275856961557, 0.5742599594288601], "body_yaw": 0.16185457398755818, "check_collision": false}, {"head": [[0.9973301100933452, -0.06663412876223729, -0.02987548133995725, -0.006193640144828934], [0.06392635910910857, 0.9944211234323085, -0.08390500511101423, -0.005641357941683582], [0.03529974663152474, 0.08177115723605491, 0.9960258057560692, 0.008435949516624852], [0.0, 0.0, 0.0, 1.0]], "antennas": [-0.36945275856961557, 0.5742599594288601], "body_yaw": 0.16185457398755818, "check_collision": false}, {"head": [[0.9973274439237453, -0.06651733183778857, -0.030222742458448488, -0.0062359059445422586], [0.06377785477404257, 0.9944221078396741, -0.08400628952715507, -0.005704238646271908], [0.03564203749716509, 0.08185423632824747, 0.9960067917229127, 0.008279306393643049], [0.0, 0.0, 0.0, 1.0]], "antennas": [-0.36945275856961557, 0.5742599594288601], "body_yaw": 0.16185457398755818, "check_collision": false}, {"head": [[0.9973285346065511, -0.06651345374791501, -0.030195273306821063, -0.006159876251717978], [0.06377655036225649, 0.9944229272772002, -0.08399757930640014, -0.005692045064010741], [0.03561384117783717, 0.08184743231139505, 0.9960083594732484, 0.008253094136909223], [0.0, 0.0, 0.0, 1.0]], "antennas": [-0.36945275856961557, 0.5742599594288601], "body_yaw": 0.16185457398755818, "check_collision": false}, {"head": [[0.9973537413052289, -0.06611265721044444, -0.03024287124326107, -0.006148264623715795], [0.06337598436762727, 0.994455530484282, -0.08391473347785251, -0.005656270002297066], [0.0356230165749121, 0.08177600164962227, 0.9960138986200464, 0.00808965274344331], [0.0, 0.0, 0.0, 1.0]], "antennas": [-0.36945275856961557, 0.5742599594288601], "body_yaw": 0.16185457398755818, "check_collision": false}, {"head": [[0.9973488800537293, -0.06614167512752654, -0.030339582510247806, -0.006069419833334491], [0.0633939622077574, 0.9944472316103996, -0.08399945891500314, -0.005646819489459263], [0.03572697875797538, 0.08185341992694385, 0.996003815572556, 0.008047256920344081], [0.0, 0.0, 0.0, 1.0]], "antennas": [-0.36945275856961557, 0.5742599594288601], "body_yaw": 0.16185457398755818, "check_collision": false}, {"head": [[0.9973494835794166, -0.06600880036010366, -0.030607938167919534, -0.00610206888135991], [0.06323684024579772, 0.9944510493863927, -0.08407266149010548, -0.005625764269218527], [0.03598763175868435, 0.08191427622412581, 0.9959894285137162, 0.008057000422793614], [0.0, 0.0, 0.0, 1.0]], "antennas": [-0.36945275856961557, 0.5742599594288601], "body_yaw": 0.16185457398755818, "check_collision": false}, {"head": [[0.9973628433768393, -0.06588653506067903, -0.030435557313192488, -0.006039441368358626], [0.06312703862127177, 0.9944532518251201, -0.0841291086922537, -0.005611231832426364], [0.03580971441068993, 0.08198594045409546, 0.9959899446890429, 0.008022708176915416], [0.0, 0.0, 0.0, 1.0]], "antennas": [-0.36945275856961557, 0.5742599594288601], "body_yaw": 0.16185457398755818, "check_collision": false}, {"head": [[0.9973974021025769, -0.06549088527452064, -0.030155699709845076, -0.0060630257910901705], [0.062760994958263, 0.9944894075640757, -0.08397544733255524, -0.0056040219577351705], [0.03548915032625692, 0.08186429129243988, 0.9960114246434661, 0.00808030586050179], [0.0, 0.0, 0.0, 1.0]], "antennas": [-0.36945275856961557, 0.5742599594288601], "body_yaw": 0.16185457398755818, "check_collision": false}, {"head": [[0.9973907170749184, -0.06558878469615717, -0.030164031807131057, -0.005992415319153512], [0.06285941156431793, 0.9944867095867673, -0.08393377647331797, -0.005588989165926035], [0.03550284313358818, 0.08181867621372489, 0.9960146848074409, 0.008053656383481933], [0.0, 0.0, 0.0, 1.0]], "antennas": [-0.36945275856961557, 0.5742599594288601], "body_yaw": 0.16185457398755818, "check_collision": false}, {"head": [[0.9973968513305063, -0.06546249896705238, -0.030235445837303296, -0.00568165627001877], [0.06272909837968264, 0.9944983746784907, -0.08389304487448455, -0.00530690626528168], [0.03556095010631649, 0.08177801654985802, 0.9960159510955169, 0.007959163125942526], [0.0, 0.0, 0.0, 1.0]], "antennas": [-0.36945275856961557, 0.5742599594288601], "body_yaw": 0.16185457398755818, "check_collision": false}, {"head": [[0.9974011449405473, -0.06542632889939977, -0.03017203271297327, -0.005606451935065269], [0.06270312654621236, 0.9945116069606078, -0.08375548663794534, -0.005280943047376048], [0.03548625075455057, 0.08164593748238137, 0.9960294508196071, 0.007931701635728206], [0.0, 0.0, 0.0, 1.0]], "antennas": [-0.36945275856961557, 0.5742599594288601], "body_yaw": 0.16185457398755818, "check_collision": false}, {"head": [[0.9974306230534042, -0.06502393978794695, -0.030067248789198565, -0.0056774040715131605], [0.062314484647550086, 0.9945455562932898, -0.08364234250893143, -0.005324685244859919], [0.03534200331628582, 0.08155380868926113, 0.9960421271662496, 0.00793508280455485], [0.0, 0.0, 0.0, 1.0]], "antennas": [-0.36945275856961557, 0.5742599594288601], "body_yaw": 0.16185457398755818, "check_collision": false}, {"head": [[0.9974422576609676, -0.06479821767252499, -0.030168420884364375, -0.005765128647459256], [0.06208167839626747, 0.9945613528270908, -0.08362763102138952, -0.005382699522145027], [0.03542326692577209, 0.08154082688574678, 0.9960403032563965, 0.007977103366587524], [0.0, 0.0, 0.0, 1.0]], "antennas": [-0.36945275856961557, 0.5742599594288601], "body_yaw": 0.16185457398755818, "check_collision": false}, {"head": [[0.9974386022496003, -0.06482080580666758, -0.03024066594733834, -0.005718131209219546], [0.06209409716322841, 0.9945506453734018, -0.08374566785711512, -0.005366650878983452], [0.03550433550776253, 0.08165339504224542, 0.9960281950016414, 0.007947795621741693], [0.0, 0.0, 0.0, 1.0]], "antennas": [-0.36945275856961557, 0.5742599594288601], "body_yaw": 0.16185457398755818, "check_collision": false}, {"head": [[0.9974375382065793, -0.06478251737689596, -0.03035758255709546, -0.005667616328723889], [0.062041338937625194, 0.9945420994358781, -0.08388614136138714, -0.00536077235656989], [0.03562624930055652, 0.08178776126039941, 0.9960128174219378, 0.007922638375450097], [0.0, 0.0, 0.0, 1.0]], "antennas": [-0.36945275856961557, 0.5742599594288601], "body_yaw": 0.16185457398755818, "check_collision": false}, {"head": [[0.9974594537903434, -0.06435826975262669, -0.030539337889323385, -0.0057039259225723175], [0.06160742851839569, 0.9945784344900388, -0.08377507026970968, -0.005325845591716569], [0.035765385439288803, 0.08168078575645663, 0.9960166095214413, 0.007943412887504608], [0.0, 0.0, 0.0, 1.0]], "antennas": [-0.36945275856961557, 0.5742599594288601], "body_yaw": 0.16185457398755818, "check_collision": false}, {"head": [[0.9974524859143492, -0.06439365899763923, -0.03069193744586025, -0.005653934574327321], [0.061623639822323446, 0.9945620043352955, -0.08395800466666736, -0.005318337770504661], [0.035931397945715864, 0.08185277156856294, 0.9959965152691104, 0.007911126239727173], [0.0, 0.0, 0.0, 1.0]], "antennas": [-0.36945275856961557, 0.5742599594288601], "body_yaw": 0.16185457398755818, "check_collision": false}, {"head": [[0.9974617027400178, -0.06419816139420348, -0.030801747362574877, -0.005694824955629464], [0.06141961019609011, 0.9945743918615085, -0.08396076784231202, -0.005317831536794991], [0.036024756076126735, 0.0818558191389841, 0.9959928924559358, 0.007990980907162049], [0.0, 0.0, 0.0, 1.0]], "antennas": [-0.36945275856961557, 0.5742599594288601], "body_yaw": 0.16185457398755818, "check_collision": false}, {"head": [[0.9974660389835733, -0.06414479644280881, -0.03077249037258842, -0.005650166832024428], [0.061376052985258264, 0.9945940135688427, -0.08375994444226556, -0.005302403355848284], [0.03597889929349139, 0.08165900600871445, 0.9960107055364904, 0.007977463900337545], [0.0, 0.0, 0.0, 1.0]], "antennas": [-0.36945275856961557, 0.5742366567693912], "body_yaw": 0.16185457398755818, "check_collision": false}, {"head": [[0.9974737750901838, -0.06396706625482931, -0.03089146228471392, -0.005552994234572982], [0.061194093483613404, 0.9946168060224936, -0.08362231819515827, -0.005286399539323119], [0.03607424191935859, 0.08152069438102076, 0.9960185869036681, 0.007916093432855986], [0.0, 0.0, 0.0, 1.0]], "antennas": [-0.36941697234271836, 0.539431509134823], "body_yaw": 0.16185457398755818, "check_collision": false}, {"head": [[0.9974563921776052, -0.06415125105651233, -0.03107028631859954, -0.00548494325110664], [0.0613560242894539, 0.9945903402176705, -0.08381821657068558, -0.005287123479239895], [0.036279250094611526, 0.08169866665731293, 0.9959965581662368, 0.00787477480551474], [0.0, 0.0, 0.0, 1.0]], "antennas": [-0.33461452234238476, 0.5061074743202925], "body_yaw": 0.16185457398755818, "check_collision": false}, {"head": [[0.9969152176004332, -0.07267989277220299, -0.029625700047457987, -0.011972565356386838], [0.06987162813901163, 0.9937732528873844, -0.0867909985357379, -0.009551163689059419], [0.03574918877239812, 0.08445327129394015, 0.9957859410886797, 0.009850051209878585], [0.0, 0.0, 0.0, 1.0]], "antennas": [-0.30129184572994666, 0.47534418180385235], "body_yaw": 0.16185457398755818, "check_collision": false}, {"head": [[0.9969142745445861, -0.07267360072477101, -0.029672832135436682, -0.012062626988801716], [0.06985949362084991, 0.9937695430040726, -0.08684322972180894, -0.009712644353524699], [0.03579916703332178, 0.08450232632994792, 0.9957799839746464, 0.00983049248938861], [0.0, 0.0, 0.0, 1.0]], "antennas": [-0.2705314956184102, 0.4485365290017776], "body_yaw": 0.16185457398755818, "check_collision": false}, {"head": [[0.9969186257265642, -0.07254924916349946, -0.02983052338244626, -0.012054019748900286], [0.06973910267124107, 0.993818837958041, -0.08637461941067352, -0.009269776223131136], [0.03591254986865031, 0.08402811294763841, 0.9958160296944363, 0.009874181247987002], [0.0, 0.0, 0.0, 1.0]], "antennas": [-0.24372355572684798, 0.42688521612418295], "body_yaw": 0.16185457398755818, "check_collision": false}, {"head": [[0.9969062356617523, -0.07266025731908826, -0.029974060536382782, -0.0121629554676695], [0.06983497422995302, 0.9938055794417094, -0.08644967695040813, -0.009369205938492466], [0.036069844371949475, 0.08408898427768056, 0.9958052063783014, 0.009862989752795148], [0.0, 0.0, 0.0, 1.0]], "antennas": [-0.2220726653391273, 0.41109922557574735], "body_yaw": 0.16185457398755818, "check_collision": false}, {"head": [[0.9969361452399084, -0.07235725795617884, -0.029711101212426014, -0.011764388558629059], [0.06956029948652004, 0.9938375210349456, -0.08630380361524913, -0.00897223619112654], [0.03577271375696382, 0.08397266819731787, 0.9958257397488204, 0.009872792897013427], [0.0, 0.0, 0.0, 1.0]], "antennas": [-0.20628877446985522, 0.4020566261989164], "body_yaw": 0.16185457398755818, "check_collision": false}, {"head": [[0.9969504326993683, -0.07222901973555318, -0.029543247089367633, -0.01186162912541032], [0.06944894463640325, 0.9938510715279765, -0.08623741480113423, -0.009043437537232177], [0.035590431711798, 0.08392268066937661, 0.9958364849913031, 0.009881305777704186], [0.0, 0.0, 0.0, 1.0]], "antennas": [-0.19724793483507796, 0.39985290402808016], "body_yaw": 0.16185457398755818, "check_collision": false}, {"head": [[0.996964911252717, -0.07210957549426114, -0.029345780836430094, -0.011426536230917638], [0.06935526747436285, 0.9938790877239663, -0.08598956831230485, -0.00877401056842036], [0.03536682915419366, 0.0836932978619818, 0.9958637553845224, 0.009897870928056496], [0.0, 0.0, 0.0, 1.0]], "antennas": [-0.195045987741977, 0.40471299362932406], "body_yaw": 0.16185457398755818, "check_collision": false}, {"head": [[0.9970052881629478, -0.07162050703164319, -0.029171190370770782, -0.010923654295038263], [0.06888198670148737, 0.9939111243959993, -0.08599970180143919, -0.008433909989074884], [0.03515291286897173, 0.08373278792928547, 0.9958680097997001, 0.009892824830750657], [0.0, 0.0, 0.0, 1.0]], "antennas": [-0.19990796553835585, 0.4163969216042396], "body_yaw": 0.16185457398755818, "check_collision": false}, {"head": [[0.9970072388700524, -0.07157590083717826, -0.029213970289236436, -0.010953537843248377], [0.06883396186397066, 0.9939145218425697, -0.08599888932169505, -0.008463418107059724], [0.03519163728534659, 0.08373060187172995, 0.9958668259237147, 0.009947918411193801], [0.0, 0.0, 0.0, 1.0]], "antennas": [-0.21159362538620236, 0.4344875331258996], "body_yaw": 0.16185457398755818, "check_collision": false}, {"head": [[0.9970234836322457, -0.07131838779286008, -0.029289258243388103, -0.01057638881708315], [0.06857670485071864, 0.9939463954137022, -0.08583588175072998, -0.008266465993935318], [0.03523362935659732, 0.08357182902590501, 0.9958786777291833, 0.009888063626628363], [0.0, 0.0, 0.0, 1.0]], "antennas": [-0.22968581499710164, 0.4580550243110746], "body_yaw": 0.16185457398755818, "check_collision": false}, {"head": [[0.9970048082587267, -0.07151935930264172, -0.029434563932885703, -0.010573217141367934], [0.0687602655859561, 0.993922441477852, -0.0859663085356955, -0.00828705983887467], [0.03540392895609585, 0.08368489452490961, 0.9958631433298585, 0.009938691670952626], [0.0, 0.0, 0.0, 1.0]], "antennas": [-0.2532540331234039, 0.4864433535386547], "body_yaw": 0.16185457398755818, "check_collision": false}, {"head": [[0.9970205672195945, -0.07132489785354501, -0.02937256351256127, -0.01012971918556058], [0.0685736810926193, 0.9939404049863668, -0.08590763410166073, -0.008057434716684693], [0.035321930900303604, 0.08363749327734808, 0.9958700371613536, 0.009760271254860453], [0.0, 0.0, 0.0, 1.0]], "antennas": [-0.2816433449610172, 0.5183263982181249], "body_yaw": 0.16185457398755818, "check_collision": false}, {"head": [[0.9970171935948436, -0.0713588648708169, -0.029404558840597287, -0.010122794781317137], [0.06860899358235607, 0.9939480146906678, -0.08579131711365509, -0.008064005101560596], [0.03534857388746932, 0.08351800103467516, 0.9958791200880224, 0.00981498739717368], [0.0, 0.0, 0.0, 1.0]], "antennas": [-0.3135270808514821, 0.5525824165399607], "body_yaw": 0.16185457398755818, "check_collision": false}, {"head": [[0.997008398613795, -0.07144272310587134, -0.02949898996192724, -0.01011779251978099], [0.06868687782896062, 0.9939479165060013, -0.0857301119064265, -0.008064236408399978], [0.03544525225845522, 0.0834474480652151, 0.9958815981349076, 0.009875262202171886], [0.0, 0.0, 0.0, 1.0]], "antennas": [-0.3477851252401533, 0.5880567600680956], "body_yaw": 0.16185457398755818, "check_collision": false}, {"head": [[0.9970095978308567, -0.0713407719891861, -0.029704479210062116, -0.00981939269299716], [0.06856825536697546, 0.9939565422970362, -0.0857250627345931, -0.007937984112802674], [0.03564065360067481, 0.08343192600502305, 0.9958759247687483, 0.009571869131504984], [0.0, 0.0, 0.0, 1.0]], "antennas": [-0.38326034441769785, 0.622175511602653], "body_yaw": 0.16185457398755818, "check_collision": false}, {"head": [[0.9969714510283001, -0.07133841805132043, -0.030963784401469043, -0.009800629406788396], [0.06850670595066857, 0.9940670520235383, -0.08448388793740753, -0.007843461986697272], [0.03680702479574044, 0.08210679747235815, 0.9959436313037594, 0.009425759006809087], [0.0, 0.0, 0.0, 1.0]], "antennas": [-0.4173787140397112, 0.6546865156022101], "body_yaw": 0.16185457398755818, "check_collision": false}, {"head": [[0.9968713821129878, -0.07177951499934501, -0.03309303175292661, -0.00986452101704014], [0.06883236099564638, 0.9941753721922827, -0.08293030450987783, -0.007677170767086439], [0.03885297419640387, 0.08039297576775502, 0.9960057308285423, 0.009663213946233762], [0.0, 0.0, 0.0, 1.0]], "antennas": [-0.4498881779312922, 0.6840878130985658], "body_yaw": 0.16185457398755818, "check_collision": false}, {"head": [[0.9966752092518872, -0.07242151491105732, -0.03733164128047884, -0.009715122440294752], [0.06924447287389844, 0.9943602904297948, -0.08032942046840698, -0.0072236996553771355], [0.04293867998812719, 0.07747733213244813, 0.9960690401606284, 0.01000345895529936], [0.0, 0.0, 0.0, 1.0]], "antennas": [-0.47928708017534516, 0.7089090357079754], "body_yaw": 0.16185457398755818, "check_collision": false}, {"head": [[0.9963103856411939, -0.07391581371087898, -0.04361270396288255, -0.009772000521653413], [0.07039276357923861, 0.9945096277422661, -0.0774303504035509, -0.006963599289509036], [0.049096581338956925, 0.07407464351178406, 0.9960434091390943, 0.010507402545022304], [0.0, 0.0, 0.0, 1.0]], "antennas": [-0.5041076592943999, 0.7284565030979049], "body_yaw": 0.16185457398755818, "check_collision": false}, {"head": [[0.9959110387253417, -0.07452429204017909, -0.05106204892991495, -0.009726315590291076], [0.07062722766888639, 0.994732651789519, -0.07428826405024477, -0.006492092795850328], [0.05632936762309884, 0.07037813126036882, 0.9959286726384977, 0.01114977616185292], [0.0, 0.0, 0.0, 1.0]], "antennas": [-0.5236539804955194, 0.7416925437846302], "body_yaw": 0.16185457398755818, "check_collision": false}, {"head": [[0.9954041086438633, -0.07522272321412155, -0.059263837263272744, -0.009717429458221604], [0.07085169407342629, 0.9948345079261923, -0.07269346109641828, -0.006201336347574786], [0.06442591048515826, 0.06816042657952287, 0.9955920139829648, 0.011779362109432812], [0.0, 0.0, 0.0, 1.0]], "antennas": [-0.5368881622161357, 0.748150709335161], "body_yaw": 0.16185457398755818, "check_collision": false}, {"head": [[0.994809355670908, -0.07662923982368078, -0.06695002220819395, -0.009083854738443252], [0.0718550057185858, 0.9948830863847359, -0.0710246617645173, -0.005631345070323708], [0.07205001056776363, 0.0658453037780744, 0.9952251966000248, 0.012281509431497917], [0.0, 0.0, 0.0, 1.0]], "antennas": [-0.5433443641088516, 0.7476284582458824], "body_yaw": 0.16185457398755818, "check_collision": false}, {"head": [[0.9942714884079725, -0.07613629559893544, -0.07501647706648394, -0.009087220582183803], [0.0709183509960339, 0.9950280606039934, -0.06992671951878558, -0.005333320849981057], [0.07996746107635357, 0.06420609864434294, 0.994727491359254, 0.013073982913960225], [0.0, 0.0, 0.0, 1.0]], "antennas": [-0.5428202014326511, 0.7401452824455642], "body_yaw": 0.16185457398755818, "check_collision": false}, {"head": [[0.9935467236703693, -0.07577888856216489, -0.08439471507243336, -0.0090996629768898], [0.07020289862296542, 0.995267396336675, -0.06718900813487917, -0.0049703559712897935], [0.08908681669477171, 0.06083066527252692, 0.9941645584377333, 0.014020943299476119], [0.0, 0.0, 0.0, 1.0]], "antennas": [-0.5353352354751122, 0.7258627600067545], "body_yaw": 0.16185457398755818, "check_collision": false}, {"head": [[0.992415089142551, -0.07529754328648401, -0.09717289136998383, -0.008616090744363683], [0.06937947632834422, 0.9956046232401318, -0.06291202148461089, -0.004319433136552137], [0.10148290056254469, 0.055693035093227636, 0.9932771550456183, 0.014738385704958168], [0.0, 0.0, 0.0, 1.0]], "antennas": [-0.5210518478024699, 0.7056056308023344], "body_yaw": 0.16185457398755818, "check_collision": false}, {"head": [[0.990578680181853, -0.07732665704790867, -0.11302418537186266, -0.00852354973411739], [0.07147060078161144, 0.9959261250417065, -0.05498278533619887, -0.003980768720696479], [0.11681537395862575, 0.04638686849967477, 0.9920697691380885, 0.015843052344742425], [0.0, 0.0, 0.0, 1.0]], "antennas": [-0.5007934973466085, 0.6799753814053441], "body_yaw": 0.16185457398755818, "check_collision": false}, {"head": [[0.9881151576206044, -0.07999284803963581, -0.13126149299362502, -0.008534072374449288], [0.07502519930187058, 0.9962809991371777, -0.04237204535942477, -0.0036335523733028235], [0.13416279197349143, 0.03202054060652761, 0.9904418358637438, 0.016715783658781624], [0.0, 0.0, 0.0, 1.0]], "antennas": [-0.47516089616880264, 0.6499580895017989], "body_yaw": 0.16185457398755818, "check_collision": false}, {"head": [[0.9857545867924256, -0.08113962707394098, -0.14732364214882862, -0.008400809785174762], [0.07752244994533025, 0.9965349162967724, -0.030140178431102425, -0.0034577869270262856], [0.14925871623516027, 0.018289929460955038, 0.9886290073167716, 0.017747347036356498], [0.0, 0.0, 0.0, 1.0]], "antennas": [-0.4451426397851651, 0.6170817016949026], "body_yaw": 0.16185457398755818, "check_collision": false}, {"head": [[0.98379869799197, -0.07996509911622414, -0.1604546813048384, -0.008090163932810089], [0.0778791405199586, 0.9967767992735643, -0.0192575154633466, -0.003047868004023779], [0.16147743279225538, 0.006449445966975927, 0.9868553305047005, 0.018586689887924], [0.0, 0.0, 0.0, 1.0]], "antennas": [-0.41226481916529306, 0.5825197160440705], "body_yaw": 0.16185457398755818, "check_collision": false}, {"head": [[0.9816824588010088, -0.07956026467022552, -0.17311763159196053, -0.007665845540252194], [0.07915778122753493, 0.9968192865586654, -0.009238810302602526, -0.0027673747246305036], [0.17330203620713702, -0.0046340295939304625, 0.9848578222343483, 0.019244733879370868], [0.0, 0.0, 0.0, 1.0]], "antennas": [-0.3777033708145261, 0.5474457365190126], "body_yaw": 0.16185457398755818, "check_collision": false}, {"head": [[0.9801008504299737, -0.07840035563935789, -0.18236147406199707, -0.007531171023871526], [0.0797539910158069, 0.9968145729728515, 8.958795872120694e-05, -0.002870971428723303], [0.18177355116598462, -0.014631860598500758, 0.9832315519509803, 0.02], [0.0, 0.0, 0.0, 1.0]], "antennas": [-0.34262866741556514, 0.5134288744202524], "body_yaw": 0.16185457398755818, "check_collision": false}, {"head": [[0.9794397934427284, -0.07644420444150456, -0.18669219219927513, -0.007311337079085619], [0.07851483375280029, 0.9969060374056586, 0.003711261903684448, -0.002729036838376837], [0.18583086907625374, -0.018293064025828486, 0.9824114473614969, 0.02], [0.0, 0.0, 0.0, 1.0]], "antennas": [-0.308614653144005, 0.48194989487720924], "body_yaw": 0.16185457398755818, "check_collision": false}, {"head": [[0.9790987996240688, -0.0756595456285555, -0.18878870127734876, -0.007106812087492417], [0.07760072806738756, 0.9969802958722326, 0.0029011456231821005, -0.0027939190826963135], [0.1879991158971735, -0.017490648867211023, 0.9820134467633755, 0.02], [0.0, 0.0, 0.0, 1.0]], "antennas": [-0.27713492475416185, 0.45428920414089136], "body_yaw": 0.16185457398755818, "check_collision": false}, {"head": [[0.9791847369849404, -0.07506583518901243, -0.1885798802712248, -0.006901451752803076], [0.0760854238739045, 0.9970996106449844, -0.0018370426094752226, -0.002844016821914753], [0.18817082433167404, -0.012549376040137176, 0.982056135886, 0.02], [0.0, 0.0, 0.0, 1.0]], "antennas": [-0.24947172800478654, 0.43131559434902866], "body_yaw": 0.16185457398755818, "check_collision": false}, {"head": [[0.9801118884156996, -0.07287262806163601, -0.18458132696890384, -0.006370422072879845], [0.0729673075479313, 0.9973145052860629, -0.006288845301070317, -0.0023691695237970413], [0.18454391947559945, -0.007304630408559046, 0.982797122583892, 0.02], [0.0, 0.0, 0.0, 1.0]], "antennas": [-0.226502663486799, 0.4142998858339537], "body_yaw": 0.16185457398755818, "check_collision": false}, {"head": [[0.981055253559036, -0.07110223154288074, -0.18020838530389893, -0.006282510733262862], [0.0701690184181691, 0.9974681761664309, -0.011556227301537894, -0.002372448278320596], [0.18057380296833359, -0.0013077480020016862, 0.9835605682807322, 0.02], [0.0, 0.0, 0.0, 1.0]], "antennas": [-0.20948968886966066, 0.4035513309240839], "body_yaw": 0.16185457398755818, "check_collision": false}, {"head": [[0.982518748316304, -0.06739486240081716, -0.17353628360932996, -0.006308145790669245], [0.06585136132682895, 0.9977219917173568, -0.014643273368816264, -0.0023000481761581947], [0.17412784791171773, 0.0029596901063097744, 0.9847186059053155, 0.02], [0.0, 0.0, 0.0, 1.0]], "antennas": [-0.19874239762260373, 0.3997309362168818], "body_yaw": 0.16185457398755818, "check_collision": false}, {"head": [[0.9835203173764402, -0.06511580622535092, -0.16866451045602054, -0.006232336676069566], [0.06299004188292069, 0.9978530942841057, -0.017929217808471672, -0.00247577084609162], [0.16946987912704253, 0.0070095654115123335, 0.9855104393467415, 0.02], [0.0, 0.0, 0.0, 1.0]], "antennas": [-0.19492367438284655, 0.40301924928980953], "body_yaw": 0.16185457398755818, "check_collision": false}, {"head": [[0.983558038892737, -0.06492670308521642, -0.1685173799818804, -0.005939466681446825], [0.0624968547322401, 0.9978509399278432, -0.019688698120927408, -0.0031151554353178986], [0.1694335482661288, 0.00883317109558519, 0.9855020283136638, 0.02], [0.0, 0.0, 0.0, 1.0]], "antennas": [-0.19821365745513764, 0.4130864545417282], "body_yaw": 0.16185457398755818, "check_collision": false}, {"head": [[0.9843736581021308, -0.06376159790581123, -0.16414310788798628, -0.005637307010495231], [0.060526058932872655, 0.9978623652836063, -0.024643379245983508, -0.003606891747686708], [0.16536353112063093, 0.014323357954913785, 0.9861286650291694, 0.019923028692191258], [0.0, 0.0, 0.0, 1.0]], "antennas": [-0.20828212782741715, 0.42972690307118017], "body_yaw": 0.16185457398755818, "check_collision": false}, {"head": [[0.9853021769446461, -0.06320721377114366, -0.1586961506635589, -0.005498675275147194], [0.059252196210046335, 0.9978059997930447, -0.02953580913550831, -0.0042014888210599515], [0.16021484747809178, 0.01969860158214163, 0.9868855899967739, 0.019018284912334926], [0.0, 0.0, 0.0, 1.0]], "antennas": [-0.2249248341278412, 0.45217219563381966], "body_yaw": 0.16185457398755818, "check_collision": false}, {"head": [[0.9869298939750726, -0.061115128076431845, -0.14911178859685384, 