{"description": "A lighter excitement than enthusiastic1, for more common good news \u2013 like being offered a chance to do a demo.", "time": [0.0, 0.010126829147338867, 0.020093679428100586, 0.03022313117980957, 0.04022526741027832, 0.05024409294128418, 0.06023001670837402, 0.07031059265136719, 0.08041548728942871, 0.09040713310241699, 0.10056281089782715, 0.11134672164916992, 0.12061858177185059, 0.13070440292358398, 0.14081144332885742, 0.15094351768493652, 0.16095185279846191, 0.1710820198059082, 0.18112587928771973, 0.19117140769958496, 0.2012624740600586, 0.21138763427734375, 0.22139310836791992, 0.2318413257598877, 0.24229025840759277, 0.251955509185791, 0.2620546817779541, 0.2721741199493408, 0.28211402893066406, 0.29215240478515625, 0.30220770835876465, 0.3123445510864258, 0.32230472564697266, 0.33238935470581055, 0.3424816131591797, 0.35246801376342773, 0.36254405975341797, 0.3726687431335449, 0.382657527923584, 0.39274048805236816, 0.40283799171447754, 0.4129006862640381, 0.4229249954223633, 0.43299174308776855, 0.4431295394897461, 0.453082799911499, 0.46318554878234863, 0.4732389450073242, 0.48330211639404297, 0.49332213401794434, 0.5035905838012695, 0.5135085582733154, 0.523491382598877, 0.5335946083068848, 0.5436627864837646, 0.5537376403808594, 0.5637593269348145, 0.5739202499389648, 0.5839085578918457, 0.5939958095550537, 0.6040341854095459, 0.61431884765625, 0.6241359710693359, 0.6341953277587891, 0.6442742347717285, 0.6543104648590088, 0.6643164157867432, 0.6744537353515625, 0.6844611167907715, 0.6945023536682129, 0.7045876979827881, 0.714632511138916, 0.7247347831726074, 0.7348442077636719, 0.7448427677154541, 0.7548937797546387, 0.7649388313293457, 0.7750589847564697, 0.7850723266601562, 0.7951869964599609, 0.8051540851593018, 0.815253496170044, 0.8252158164978027, 0.8353118896484375, 0.8454034328460693, 0.8553791046142578, 0.8654441833496094, 0.8755574226379395, 0.8855612277984619, 0.8957691192626953, 0.90578293800354, 0.9157547950744629, 0.9258124828338623, 0.9358973503112793, 0.9459867477416992, 0.9559972286224365, 0.9660711288452148, 0.976078987121582, 0.986238956451416, 0.9963803291320801, 1.006349802017212, 1.016610860824585, 1.0265605449676514, 1.0365321636199951, 1.0465459823608398, 1.0565648078918457, 1.0666172504425049, 1.0767769813537598, 1.0867576599121094, 1.0968503952026367, 1.1070618629455566, 1.117027759552002, 1.1270451545715332, 1.1371793746948242, 1.1471679210662842, 1.1571705341339111, 1.1672978401184082, 1.1774237155914307, 1.1874239444732666, 1.1975369453430176, 1.2076668739318848, 1.217555046081543, 1.2276439666748047, 1.2376911640167236, 1.2479023933410645, 1.2578160762786865, 1.2679083347320557, 1.2781260013580322, 1.2880558967590332, 1.2981629371643066, 1.308161973953247, 1.3181514739990234, 1.3282172679901123, 1.338296890258789, 1.3483843803405762, 1.358354091644287, 1.3685166835784912, 1.378511905670166, 1.3886005878448486, 1.3986268043518066, 1.4087562561035156, 1.4187490940093994, 1.4288041591644287, 1.438915491104126, 1.448927402496338, 1.4590139389038086, 1.4690544605255127, 1.47910475730896, 1.4892051219940186, 1.4992187023162842, 1.509458065032959, 1.5194308757781982, 1.529386281967163, 1.5395066738128662, 1.5494945049285889, 1.5595717430114746, 1.5696320533752441, 1.5797102451324463, 1.58978271484375, 1.5997982025146484, 1.6099481582641602, 1.6199066638946533, 1.6299519538879395, 1.6400725841522217, 1.6500804424285889, 1.660167932510376, 1.6702942848205566, 1.6803488731384277, 1.6905100345611572, 1.7004590034484863, 1.7104825973510742, 1.7204601764678955, 1.730654001235962, 1.7407140731811523, 1.7507123947143555, 1.7608215808868408, 1.770906686782837, 1.7809383869171143, 1.7910244464874268, 1.8010449409484863, 1.811115026473999, 1.8211700916290283, 1.831176996231079, 1.841273307800293, 1.8512840270996094, 1.861363410949707, 1.8714325428009033, 1.8815038204193115, 1.891538143157959, 1.9016916751861572, 1.9117515087127686, 1.9217617511749268, 1.9318432807922363, 1.9419269561767578, 1.9519217014312744, 1.9620387554168701, 1.9721298217773438, 1.9823331832885742, 1.9921798706054688, 2.00240159034729, 2.0123867988586426, 2.0223827362060547, 2.032433032989502, 2.042513132095337, 2.0525383949279785, 2.062631607055664, 2.0727639198303223, 2.0827386379241943, 2.092799425125122, 2.102938413619995, 2.1130616664886475, 2.1232056617736816, 2.133258581161499, 2.1432197093963623, 2.153244972229004, 2.1632578372955322, 2.1733217239379883, 2.183326482772827, 2.1934261322021484, 2.2035446166992188, 2.2135493755340576, 2.223844051361084, 2.2339842319488525, 2.2440171241760254, 2.254063606262207, 2.2640624046325684, 2.274212598800659, 2.2841196060180664, 2.2942254543304443, 2.304293394088745, 2.3144073486328125, 2.324474573135376, 2.3345859050750732, 2.3446080684661865, 2.354738473892212, 2.3646442890167236, 2.3747940063476562, 2.3847196102142334, 2.3948349952697754, 2.404900550842285, 2.415010452270508, 2.4250295162200928, 2.43512225151062, 2.4451563358306885, 2.455186605453491, 2.4653005599975586, 2.4753198623657227, 2.485391616821289, 2.4954092502593994, 2.505659580230713, 2.515601634979248, 2.5256142616271973, 2.535717725753784, 2.5457608699798584, 2.555798053741455, 2.5658833980560303, 2.576085329055786, 2.586254119873047, 2.596086263656616, 2.6061806678771973, 2.6161532402038574, 2.6264379024505615, 2.636298894882202, 2.6464037895202637, 2.6563587188720703, 2.6665854454040527, 2.6765289306640625, 2.6865477561950684, 2.696613073348999, 2.7067370414733887, 2.716715097427368, 2.726898193359375, 2.736894369125366, 2.746936082839966, 2.7569916248321533, 2.767094373703003, 2.7771718502044678, 2.787212610244751, 2.7972724437713623, 2.8073248863220215, 2.8173718452453613, 2.8274025917053223, 2.837519884109497, 2.8475282192230225, 2.8575313091278076, 2.867774724960327, 2.877758741378784, 2.88779878616333, 2.8985750675201416, 2.908111333847046, 2.9180562496185303, 2.92812180519104, 2.938143730163574, 2.948148012161255, 2.9582433700561523, 2.968338966369629, 2.9783596992492676, 2.988595962524414, 2.9986748695373535, 3.008761167526245, 3.0189218521118164, 3.028913974761963, 3.0388200283050537, 3.048809051513672, 3.0588817596435547, 3.068948268890381, 3.07901668548584, 3.0890281200408936, 3.099172592163086, 3.1093289852142334, 3.119412422180176, 3.129356861114502, 3.1394083499908447, 3.149444818496704, 3.1595025062561035, 3.1702544689178467, 3.1802382469177246, 3.1897757053375244, 3.1998391151428223, 3.2098770141601562, 3.219858407974243, 3.2299301624298096, 3.2400062084198, 3.2500455379486084, 3.26016902923584, 3.2701897621154785, 3.2802834510803223, 3.2904083728790283, 3.300394296646118, 3.3105640411376953, 3.320464611053467, 3.3305752277374268, 3.3406238555908203, 3.3506240844726562, 3.3607146739959717, 3.3707947731018066, 3.380882740020752, 3.3909435272216797, 3.4010305404663086, 3.4111008644104004, 3.4210877418518066, 3.4311859607696533], "set_target_data": [{"head": [[0.9986891868435933, -0.00338038142649483, -0.05107329148482319, -0.004254666826864187], [0.0032243611389284957, 0.9999898815758536, -0.003136915866932256, 0.00678718599659443], [0.05108337867573044, 0.0029681252200425092, 0.9986899812533168, -0.005951348200721742], [0.0, 0.0, 0.0, 1.0]], "antennas": [-0.0, 0.20313101424913985], "body_yaw": 0.16185457398755818, "check_collision": false}, {"head": [[0.9986900817115095, -0.0036359385998551543, -0.0510382272571928, -0.004251318865850886], [0.0034720035677661184, 0.9999885265465458, -0.003300297940190134, 0.006782882512371753], [0.05104964135313973, 0.003118769912431379, 0.9986912472791326, -0.005940937091875155], [0.0, 0.0, 0.0, 1.0]], "antennas": [-0.0, 0.20313101424913985], "body_yaw": 0.16185457398755818, "check_collision": false}, {"head": [[0.9986969397291231, -0.0037569654209610934, -0.05089506642602452, -0.004251260763664335], [0.003573878298766869, 0.9999868134050636, -0.003687873356249821, 0.006842757258934747], [0.05090825050607562, 0.0035011750615809994, 0.9986971972543021, -0.0059046196278609315], [0.0, 0.0, 0.0, 1.0]], "antennas": [-0.0, 0.20313101424913985], "body_yaw": 0.16185457398755818, "check_collision": false}, {"head": [[0.9987100708685023, -0.004002700323257287, -0.05061790924123041, -0.004261571502234223], [0.0038028990381083877, 0.9999845961845987, -0.004042938588595866, 0.006842228338469673], [0.05063331220389594, 0.0038452286859690468, 0.9987099087881403, -0.005903790145959433], [0.0, 0.0, 0.0, 1.0]], "antennas": [-0.0, 0.20313101424913985], "body_yaw": 0.16185457398755818, "check_collision": false}, {"head": [[0.9987070058441246, -0.003994879948660871, -0.05067896419678498, -0.00426314919014871], [0.0038082958870150918, 0.999985612771853, -0.003777715147825338, 0.006901801466119862], [0.05069332658546064, 0.003579830093307837, 0.9987078509034574, -0.005842441403918987], [0.0, 0.0, 0.0, 1.0]], "antennas": [-0.0, 0.20313101424913985], "body_yaw": 0.16185457398755818, "check_collision": false}, {"head": [[0.9986994252506307, -0.004011314329418728, -0.05082683701953219, -0.004278864371257905], [0.003828698988216359, 0.9999858633175065, -0.0036897464951488714, 0.006883600452135466], [0.050840919229663016, 0.0034903470445547865, 0.9987006650690642, -0.005823527533555308], [0.0, 0.0, 0.0, 1.0]], "antennas": [-0.0, 0.20313101424913985], "body_yaw": 0.16185457398755818, "check_collision": false}, {"head": [[0.9986985685191017, -0.0039773706216125766, -0.05084633478270659, -0.004307369691339689], [0.003799279442974582, 0.9999863072868501, -0.003598710119358156, 0.007024767997579017], [0.05085995196233413, 0.003400847210227656, 0.9987000047685197, -0.00589772654312848], [0.0, 0.0, 0.0, 1.0]], "antennas": [-0.0, 0.20313101424913985], "body_yaw": 0.16185457398755818, "check_collision": false}, {"head": [[0.9987095148355103, -0.003943263248553526, -0.050633542755495774, -0.004325872836572271], [0.0037691073455831396, 0.9999866502725339, -0.003534558888319335, 0.0070073674487710295], [0.05064680450766349, 0.0033391543345783056, 0.9987110449181449, -0.0058870521480643995], [0.0, 0.0, 0.0, 1.0]], "antennas": [-0.0, 0.20313101424913985], "body_yaw": 0.16185457398755818, "check_collision": false}, {"head": [[0.998721535351682, -0.0038702279364461424, -0.05040154918749261, -0.00434109444064947], [0.0036888258315021655, 0.9999863820087865, -0.003691661003140261, 0.00705471960120981], [0.05041515038918487, 0.0035010188084636223, 0.9987222113673746, -0.005982540981361974], [0.0, 0.0, 0.0, 1.0]], "antennas": [-0.0, 0.20313101424913985], "body_yaw": 0.16185457398755818, "check_collision": false}, {"head": [[0.9987282039550709, -0.003921463754506997, -0.0502652638180702, -0.004345062504068716], [0.0037316681451063064, 0.9999855519821166, -0.0038691704377418023, 0.007051019237678516], [0.05027971039627126, 0.0036766763582866692, 0.9987284079134945, -0.005981897282836714], [0.0, 0.0, 0.0, 1.0]], "antennas": [-0.0, 0.20313101424913985], "body_yaw": 0.16185457398755818, "check_collision": false}, {"head": [[0.9987233123731285, -0.004081771798778899, -0.050349622257063305, -0.004325484643820782], [0.0038717069250641914, 0.9999833928354656, -0.004268950545200992, 0.007046061008584237], [0.05036621097454801, 0.00406856144769317, 0.9987225298348954, -0.005994251423156351], [0.0, 0.0, 0.0, 1.0]], "antennas": [-0.0, 0.20313101424913985], "body_yaw": 0.16185457398755818, "check_collision": false}, {"head": [[0.9987111490751687, -0.004185665053272745, -0.050581824018296216, -0.004310187900835448], [0.003961055479205919, 0.9999818492946431, -0.004539947219545502, 0.00704656615935619], [0.0505999086209326, 0.004333738493197004, 0.9987096014148585, -0.005996736647746028], [0.0, 0.0, 0.0, 1.0]], "antennas": [-0.0, 0.20313101424913985], "body_yaw": 0.16185457398755818, "check_collision": false}, {"head": [[0.9987093776604833, -0.004197141246989232, -0.05061583722870918, -0.004296299969866522], [0.003963756748299559, 0.9999810502177526, -0.004710396781691756, 0.007104032819126596], [0.05063464827023755, 0.004503688571991188, 0.9987070887821894, -0.00606331750512701], [0.0, 0.0, 0.0, 1.0]], "antennas": [-0.0, 0.20313101424913985], "body_yaw": 0.16185457398755818, "check_collision": false}, {"head": [[0.9987130499952643, -0.004259693405203897, -0.05053809237842991, -0.004286133899905073], [0.004015685109445119, 0.9999797905881754, -0.004928761338396623, 0.007100556787824702], [0.0505580660454772, 0.004719473203945008, 0.9987099721793203, -0.006075914245137539], [0.0, 0.0, 0.0, 1.0]], "antennas": [-0.0, 0.20313101424913985], "body_yaw": 0.16185457398755818, "check_collision": false}, {"head": [[0.998714912313591, -0.004218243579711321, -0.05050475565289398, -0.0042990264067466095], [0.003971392500141491, 0.999979678559004, -0.004987034253025123, 0.0071609170171947414], [0.05052476584870159, 0.004780051268893479, 0.9987113692883448, -0.006126041852277388], [0.0, 0.0, 0.0, 1.0]], "antennas": [-0.0, 0.20313101424913985], "body_yaw": 0.16185457398755818, "check_collision": false}, {"head": [[0.9986996598244309, -0.004259931846081022, -0.05080199255180457, -0.0042916155601408785], [0.0040226385988718924, 0.9999805216962007, -0.004772274813771301, 0.007206000616417643], [0.05082133258061745, 0.004561711176963604, 0.9986973430153246, -0.006140971046760703], [0.0, 0.0, 0.0, 1.0]], "antennas": [-0.0, 0.20313101424913985], "body_yaw": 0.16185457398755818, "check_collision": false}, {"head": [[0.9986890112951371, -0.0043725738422828045, -0.05100136582813828, -0.004292651882101518], [0.004134417795986217, 0.9999800567624447, -0.004774166614869509, 0.0072068594482427705], [0.051021224091842794, 0.004557046781862823, 0.9986871722500485, -0.006135406151253188], [0.0, 0.0, 0.0, 1.0]], "antennas": [-0.0, 0.20313101424913985], "body_yaw": 0.16185457398755818, "check_collision": false}, {"head": [[0.9986835372932067, -0.004589409237571056, -0.05108942808818944, -0.004292000802260604], [0.004342078090956922, 0.999978316350186, -0.004951079407494421, 0.007211457615879418], [0.051111042812490286, 0.004722727209714835, 0.9986818097624099, -0.006135987622953533], [0.0, 0.0, 0.0, 1.0]], "antennas": [-0.0, 0.20313101424913985], "body_yaw": 0.16185457398755818, "check_collision": false}, {"head": [[0.9986925001578189, -0.00466904725923143, -0.050906680565683066, -0.004282648846383224], [0.004417637618274891, 0.9999774905503996, -0.005050036673076367, 0.007257299576754533], [0.05092911354420998, 0.0048185464838348445, 0.998690646298134, -0.006101060270427118], [0.0, 0.0, 0.0, 1.0]], "antennas": [-0.0, 0.20313101424913985], "body_yaw": 0.16185457398755818, "check_collision": false}, {"head": [[0.9986915693542437, -0.004673771978179785, -0.05092450447725495, -0.004286803033855402], [0.00442477726936607, 0.9999777047784839, -0.005001129079729777, 0.00734153451757759], [0.05094674324109913, 0.004769255859313787, 0.9986899837044899, -0.006124422159907163], [0.0, 0.0, 0.0, 1.0]], "antennas": [-0.0, 0.20313101424913985], "body_yaw": 0.16185457398755818, "check_collision": false}, {"head": [[0.9986919935033535, -0.004738215078282087, -0.05091022913099165, -0.004280853680037885], [0.004485955261925173, 0.9999770949405719, -0.0050681159815907486, 0.007343473280867065], [0.05093307685273035, 0.004833105842705081, 0.9986903738247542, -0.006125002047208896], [0.0, 0.0, 0.0, 1.0]], "antennas": [-0.0, 0.20313101424913985], "body_yaw": 0.16185457398755818, "check_collision": false}, {"head": [[0.9986910089991171, -0.004757833036213123, -0.050927709246776615, -0.004284485518399307], [0.004494337866753176, 0.9999759230689498, -0.00528717405999436, 0.007363187118125069], [0.0509516385552434, 0.005051366864594943, 0.9986883468937316, -0.006171465755546503], [0.0, 0.0, 0.0, 1.0]], "antennas": [-0.0, 0.20313101424913985], "body_yaw": 0.16185457398755818, "check_collision": false}, {"head": [[0.998689692076649, -0.004829930420452921, -0.05094674388006564, -0.004276038350410993], [0.004556178917478567, 0.9999745609087793, -0.0054880569389828245, 0.007363984503228522], [0.05097195477435946, 0.00524874341411134, 0.9986862923456259, -0.006175686014791461], [0.0, 0.0, 0.0, 1.0]], "antennas": [-0.0, 0.20313101424913985], "body_yaw": 0.16185457398755818, "check_collision": false}, {"head": [[0.9986741585161866, -0.004965473989785868, -0.051237380690695486, -0.004272996409612874], [0.004681039741853955, 0.9999729701804687, -0.00566981264122204, 0.00744806515957051], [0.0512641490607391, 0.005422451153135212, 0.9986704081149947, -0.006234718241672989], [0.0, 0.0, 0.0, 1.0]], "antennas": [-0.0, 0.20313101424913985], "body_yaw": 0.16185457398755818, "check_collision": false}, {"head": [[0.9986743170750246, -0.005005039879914575, -0.05123044007749669, -0.004273385921128964], [0.004711892718493041, 0.9999718382080148, -0.005841306180429053, 0.007444092577575608], [0.051258233306883755, 0.005592170122999753, 0.998669775827612, -0.006248600859105615], [0.0, 0.0, 0.0, 1.0]], "antennas": [-0.0, 0.20313101424913985], "body_yaw": 0.16185457398755818, "check_collision": false}, {"head": [[0.998681932128865, -0.0048535794140312505, -0.05109639132295724, -0.00429259956775937], [0.004563314230660731, 0.9999727916748744, -0.005795866905850762, 0.00748154300635849], [0.05112313177603008, 0.005555058670237325, 0.9986769080741683, -0.006296163578365379], [0.0, 0.0, 0.0, 1.0]], "antennas": [-0.0, 0.20313101424913985], "body_yaw": 0.16185457398755818, "check_collision": false}, {"head": [[0.9986854929739268, -0.004854071950874082, -0.05102669996109726, -0.004309879840288831], [0.004572462246799707, 0.9999736740841908, -0.005634157218748661, 0.00746687298060799], [0.051052705241012415, 0.005393433420347724, 0.9986813967244579, -0.00630084382240881], [0.0, 0.0, 0.0, 1.0]], "antennas": [-0.0, 0.20313101424913985], "body_yaw": 0.16185457398755818, "check_collision": false}, {"head": [[0.9986884118726465, -0.0049466521911235364, -0.05096063798061936, -0.004299129539184324], [0.004670435579497197, 0.9999737592663859, -0.005537852485419735, 0.007499960938157101], [0.05098669456622442, 0.0052925807270702615, 0.9986853085764597, -0.006313361955917031], [0.0, 0.0, 0.0, 1.0]], "antennas": [-0.0, 0.20313101424913985], "body_yaw": 0.16185457398755818, "check_collision": false}, {"head": [[0.9986919645785122, -0.005038390089903156, -0.05088196646763424, -0.004314235768712028], [0.004764901940417659, 0.999973550948902, -0.005494825942790266, 0.007494455746198052], [0.05090830576447908, 0.00524519093506829, 0.9986895575584259, -0.006317167201887465], [0.0, 0.0, 0.0, 1.0]], "antennas": [-0.0, 0.20313101424913985], "body_yaw": 0.16185457398755818, "check_collision": false}, {"head": [[0.9987107965926464, -0.005101758516558455, -0.05050462186097445, -0.004265622257334631], [0.004823984977351099, 0.9999725701474722, -0.005620331093158307, 0.0075063403160458494], [0.050531910098665235, 0.005369451806018414, 0.9987080129092201, -0.006360642281701303], [0.0, 0.0, 0.0, 1.0]], "antennas": [-0.0, 0.20313101424913985], "body_yaw": 0.16185457398755818, "check_collision": false}, {"head": [[0.9987312302231688, -0.005128608312673494, -0.050096179032849755, -0.004261634131233616], [0.004845479428774197, 0.9999716050449372, -0.005771519120462597, 0.007501170165974427], [0.05012435641503525, 0.005521456386472287, 0.9987277218608439, -0.006386001548674304], [0.0, 0.0, 0.0, 1.0]], "antennas": [-0.0, 0.20313101424913985], "body_yaw": 0.16185457398755818, "check_collision": false}, {"head": [[0.9987553303204917, -0.005125609957447984, -0.04961369043892818, -0.004204694110687612], [0.004835563379786761, 0.9999705214037126, -0.005964365044784882, 0.007587726179114957], [0.0496427989058408, 0.00571703123583356, 0.9987506736271285, -0.006506427896048052], [0.0, 0.0, 0.0, 1.0]], "antennas": [-0.0, 0.20313101424913985], "body_yaw": 0.16185457398755818, "check_collision": false}, {"head": [[0.9987628018125776, -0.005272452328752497, -0.04944761836459931, -0.004195091123758347], [0.004976392383487095, 0.9999689601079519, -0.006108546428340998, 0.007585980465524996], [0.04947829053570463, 0.0058549181943609, 0.9987580381146386, -0.006532302682002557], [0.0, 0.0, 0.0, 1.0]], "antennas": [-0.0, 0.20313101424913985], "body_yaw": 0.16185457398755818, "check_collision": false}, {"head": [[0.9987586079614278, -0.005403241574932924, -0.049518158320294506, -0.004148036353760246], [0.005125160652064153, 0.9999703864430884, -0.005740989910366884, 0.007615325791185547], [0.0495477118668599, 0.005480074574612775, 0.9987567236476634, -0.0064703668612791105], [0.0, 0.0, 0.0, 1.0]], "antennas": [-0.0, 0.20313101424913985], "body_yaw": 0.16185457398755818, "check_collision": false}, {"head": [[0.9987593127125924, -0.00540643774980865, -0.04950359280625166, -0.004156008222230268], [0.005136853208092395, 0.999971285909528, -0.005571363887174348, 0.007614260899225881], [0.04953229258764667, 0.005310158877307117, 0.998758406324427, -0.006475593154055772], [0.0, 0.0, 0.0, 1.0]], "antennas": [-0.0, 0.20313101424913985], "body_yaw": 0.16185457398755818, "check_collision": false}, {"head": [[0.9987582651710795, -0.005450236821744036, -0.04951992196118332, -0.004188053668140228], [0.005176882059499833, 0.9999706570182977, -0.00564667995685756, 0.0076093120077280006], [0.0495492446420408, 0.005383309482098683, 0.9987571738588025, -0.006440665540091485], [0.0, 0.0, 0.0, 1.0]], "antennas": [-0.0, 0.20313101424913985], "body_yaw": 0.16185457398755818, "check_collision": false}, {"head": [[0.9987468336227503, -0.005545293065475663, -0.049739441626821534, -0.004199162815128809], [0.005273128882588131, 0.9999704090370359, -0.005601353594490939, 0.007608923678197831], [0.04976903093609131, 0.005332051680253039, 0.9987465207872122, -0.006444980477497421], [0.0, 0.0, 0.0, 1.0]], "antennas": [-0.0, 0.20313101424913985], "body_yaw": 0.16185457398755818, "check_collision": false}, {"head": [[0.9987526862562166, -0.005530887928332594, -0.049623391406829184, -0.0041825127374293496], [0.005262222030993764, 0.9999707910409463, -0.0055431114223290145, 0.007645249471709444], [0.04965260028727264, 0.0052750681197549784, 0.9987526184902066, -0.006462509813443653], [0.0, 0.0, 0.0, 1.0]], "antennas": [-0.0, 0.20313101424913985], "body_yaw": 0.16185457398755818, "check_collision": false}, {"head": [[0.9987594278948673, -0.005520196985025926, -0.04948871200954826, -0.004194399489440313], [0.00525086444890352, 0.9999706976477839, -0.0055706613919554206, 0.007648059339406241], [0.049518013022098704, 0.005303892066312458, 0.9987591477004315, -0.006480259623318442], [0.0, 0.0, 0.0, 1.0]], "antennas": [-0.0, 0.20313101424913985], "body_yaw": 0.16185457398755818, "check_collision": false}, {"head": [[0.9987604978284645, -0.005509641662605855, -0.04946829111853097, -0.0042001867633074], [0.005242104264718569, 0.9999709340423846, -0.005536371851607864, 0.007706988642265992], [0.049497356700291296, 0.005270191566834576, 0.998760350014223, -0.006494066216835461], [0.0, 0.0, 0.0, 1.0]], "antennas": [-0.0, 0.20313101424913985], "body_yaw": 0.16185457398755818, "check_collision": false}, {"head": [[0.998764850229643, -0.005469520893430525, -0.049384798136223214, -0.00421619453977088], [0.005201766625229277, 0.9999710764026398, -0.005548691929000387, 0.007714799326228464], [0.04941371843664307, 0.005284950268699807, 0.9987644135284967, -0.006501497631279831], [0.0, 0.0, 0.0, 1.0]], "antennas": [-0.0, 0.20313101424913985], "body_yaw": 0.16185457398755818, "check_collision": false}, {"head": [[0.998780980506314, -0.005459182511794251, -0.04905864149310326, -0.004185598060460751], [0.005183167758704962, 0.99997002603765, -0.005751677863619438, 0.007782382755851303], [0.04908857047043675, 0.005490387287309367, 0.9987793389415924, -0.006537174871529829], [0.0, 0.0, 0.0, 1.0]], "antennas": [-0.0, 0.20313101424913985], "body_yaw": 0.16185457398755818, "check_collision": false}, {"head": [[0.9987949153823538, -0.005465129703084147, -0.04877344937243316, -0.004200220315279843], [0.00519024700756107, 0.9999699369262994, -0.005760779427575894, 0.007792259341256904], [0.04880346649939261, 0.005500690951248366, 0.9987932539102882, -0.006540610523264047], [0.0, 0.0, 0.0, 1.0]], "antennas": [-0.0, 0.20313101424913985], "body_yaw": 0.16185457398755818, "check_collision": false}, {"head": [[0.9987951539305633, -0.00537792014061954, -0.04877825806425299, -0.004215839991992591], [0.005105982338682018, 0.9999707311655279, -0.0056978729922743535, 0.007830362635567946], [0.048807473087415724, 0.005441947008207714, 0.9987933799257885, -0.0066584636969333495], [0.0, 0.0, 0.0, 1.0]], "antennas": [-0.0, 0.20313101424913985], "body_yaw": 0.16185457398755818, "check_collision": false}, {"head": [[0.9987997418631043, -0.0054352026767438225, -0.04867786176548082, -0.004226151663142287], [0.005160666284457023, 0.9999700728076906, -0.005763767212752451, 0.007835198952261674], [0.048707732216733426, 0.005505639004243595, 0.9987978998583539, -0.006678148100298211], [0.0, 0.0, 0.0, 1.0]], "antennas": [-0.0, 0.20313101424913985], "body_yaw": 0.16185457398755818, "check_collision": false}, {"head": [[0.9988086546494276, -0.0054194429826390595, -0.04849640229087333, -0.004228025630006533], [0.005146544753743106, 0.9999702232025454, -0.0057502856754449785, 0.007789814784292175], [0.048526121568677, 0.0054938461945555645, 0.9988068047322727, -0.006719730293674344], [0.0, 0.0, 0.0, 1.0]], "antennas": [-0.0, 0.20313101424913985], "body_yaw": 0.16185457398755818, "check_collision": false}, {"head": [[0.9988172686010434, -0.0053737862986226, -0.048323766049097445, -0.004232248382359085], [0.005108429071611113, 0.9999711983222542, -0.005613063190004484, 0.007779729711349803], [0.04835253764562399, 0.005359565912590394, 0.9988159525940988, -0.0067558466043522464], [0.0, 0.0, 0.0, 1.0]], "antennas": [-0.0, 0.20313101424913985], "body_yaw": 0.16185457398755818, "check_collision": false}, {"head": [[0.9988218706505168, -0.005423323763344944, -0.04822300560479483, -0.00421874936405235], [0.005159602687853132, 0.9999710559490913, -0.005591579755537553, 0.007799796461231084], [0.04825193478302849, 0.005336180601982723, 0.9988209428953105, -0.0067061942274190284], [0.0, 0.0, 0.0, 1.0]], "antennas": [-0.0, 0.20313101424913985], "body_yaw": 0.16185457398755818, "check_collision": false}, {"head": [[0.9988281734967127, -0.0054758019298524275, -0.04808633301101201, -0.004226770469737679], [0.005205907972376114, 0.9999699971420072, -0.005736143129091479, 0.007806864976825879], [0.04811630026720747, 0.005479088340161799, 0.9988267123177857, -0.006722299381869636], [0.0, 0.0, 0.0, 1.0]], "antennas": [-0.0, 0.20313101424913985], "body_yaw": 0.16185457398755818, "check_collision": false}, {"head": [[0.9988314839147372, -0.005498839012768332, -0.048014888422200065, -0.004218408492032843], [0.005226258671497447, 0.9999695186175905, -0.00580069444149206, 0.007950321198005423], [0.04804532194692073, 0.005542978009753976, 0.9988297765053867, -0.00674090204093203], [0.0, 0.0, 0.0, 1.0]], "antennas": [-0.0, 0.20313101424913985], "body_yaw": 0.16185457398755818, "check_collision": false}, {"head": [[0.9988376813216358, -0.005525926393489019, -0.0478826744189611, -0.004216376929334532], [0.005251442209689241, 0.9999690623577292, -0.005856336920133077, 0.007964261596807583], [0.047913554728665084, 0.005598076892787472, 0.9988357987218749, -0.006760735285308074], [0.0, 0.0, 0.0, 1.0]], "antennas": [-0.0, 0.20313101424913985], "body_yaw": 0.16185457398755818, "check_collision": false}, {"head": [[0.9988543067830695, -0.005372497629285634, -0.0475521828114843, -0.004237723371539565], [0.005094050389811384, 0.9999691753468217, -0.00597486458619136, 0.007941360076515502], [0.04758281697776589, 0.00572578600897566, 0.9988508852191301, -0.006730312537883367], [0.0, 0.0, 0.0, 1.0]], "antennas": [-0.0, 0.20313101424913985], "body_yaw": 0.16185457398755818, "check_collision": false}, {"head": [[0.9988582234214726, -0.005389858995936149, -0.04746787253820866, -0.004233027298921839], [0.005098714441384357, 0.9999674544299085, -0.006252454879011727, 0.007953286520238391], [0.0475000275194122, 0.006003290845260216, 0.9988531963630504, -0.006747317731231052], [0.0, 0.0, 0.0, 1.0]], "antennas": [-0.0, 0.20313101424913985], "body_yaw": 0.16185457398755818, "check_collision": false}, {"head": [[0.9988568054115688, -0.005351508930709035, -0.04750203822111083, -0.004199264404916246], [0.005056171390058264, 0.9999671487111448, -0.006335347612992073, 0.007885108320424022], [0.04753438138726209, 0.006087926631262035, 0.9988510498244784, -0.006734789952014266], [0.0, 0.0, 0.0, 1.0]], "antennas": [-0.0, 0.20313101424913985], "body_yaw": 0.16185457398755818, "check_collision": false}, {"head": [[0.9988518621015638, -0.005344087064004753, -0.04760670446156269, -0.004194079757895149], [0.005045325433102416, 0.9999668328846519, -0.006393576613472516, 0.007883001420037864], [0.047639293314577266, 0.0061460445890499215, 0.9988456957250188, -0.006736763388048407], [0.0, 0.0, 0.0, 1.0]], "antennas": [-0.0, 0.20313101424913985], "body_yaw": 0.16185457398755818, "check_collision": false}, {"head": [[0.9988580156387067, -0.005379071202649791, -0.04747346824597543, -0.004098389010548504], [0.005071955752713678, 0.999965440820339, -0.006587293057639481, 0.007946090494797551], [0.04750726112024697, 0.0063389871416129565, 0.998850778336219, -0.0068056394983222485], [0.0, 0.0, 0.0, 1.0]], "antennas": [-0.0, 0.20313101424913985], "body_yaw": 0.16185457398755818, "check_collision": false}, {"head": [[0.998860613355643, -0.005406621067252045, -0.04741564652541826, -0.00407943983427538], [0.005091803641119347, 0.9999642022026672, -0.0067577991138449795, 0.007945120666945275], [0.04745048600877073, 0.006508668206165265, 0.9988523857986791, -0.006818836446805367], [0.0, 0.0, 0.0, 1.0]], "antennas": [-0.0, 0.20313101424913985], "body_yaw": 0.16185457398755818, "check_collision": false}, {"head": [[0.9988539371543866, -0.005550440508633891, -0.047539508215177634, -0.004095896694512723], [0.005226022155313501, 0.9999622218411741, -0.00694576006603362, 0.007879307775549913], [0.047576264288119535, 0.006689357265302167, 0.9988452090167748, -0.006850780997242791], [0.0, 0.0, 0.0, 1.0]], "antennas": [-0.0, 0.20313101424913985], "body_yaw": 0.16185457398755818, "check_collision": false}, {"head": [[0.9988586400532989, -0.005657634116995954, -0.04742792813388242, -0.004092782643867759], [0.00532312364439511, 0.9999600812575983, -0.007176367184334595, 0.007880204684163802], [0.04746663613045477, 0.006915711640613433, 0.9988488831584903, -0.006857614529124369], [0.0, 0.0, 0.0, 1.0]], "antennas": [-0.0, 0.20313101424913985], "body_yaw": 0.16185457398755818, "check_collision": false}, {"head": [[0.998862732907743, -0.0058167645767644785, -0.04732236319049545, -0.004127345483176536], [0.005463746720117017, 0.9999563006924722, -0.007585787843340851, 0.007953206513258563], [0.04736441997800745, 0.007318603369787521, 0.9988508646263777, -0.006931457926872888], [0.0, 0.0, 0.0, 1.0]], "antennas": [-0.0, 0.20313101424913985], "body_yaw": 0.16185457398755818, "check_collision": false}, {"head": [[0.9988664363847624, -0.006038591314518948, -0.04721628616210616, -0.004115811654844658], [0.0056703087465371236, 0.9999524805354224, -0.007929960263128238, 0.00795396950794697], [0.0472619282586378, 0.007653240228299683, 0.9988532114636682, -0.006942644613184725], [0.0, 0.0, 0.0, 1.0]], "antennas": [-0.0, 0.20313101424913985], "body_yaw": 0.16185457398755818, "check_collision": false}, {"head": [[0.9988717556209523, -0.00602018946456287, -0.04710597776851038, -0.0040816217706803465], [0.005650064122794086, 0.9999521451501548, -0.007986500172918857, 0.00792224113432069], [0.0471518037632172, 0.007711337654031501, 0.9988579692195786, -0.006843527729921363], [0.0, 0.0, 0.0, 1.0]], "antennas": [-0.0, 0.20313101424913985], "body_yaw": 0.16185457398755818, "check_collision": false}, {"head": [[0.9988729767139071, -0.006087971152550214, -0.047071360697822334, -0.004070324171347631], [0.0057115008734700745, 0.9999506540980165, -0.008128230233059941, 0.007915081591391655], [0.047118522350251255, 0.00785022141057152, 0.9988584578784595, -0.006831975439236639], [0.0, 0.0, 0.0, 1.0]], "antennas": [-0.0, 0.20313101424913985], "body_yaw": 0.16185457398755818, "check_collision": false}, {"head": [[0.99888006109992, -0.006132419021227359, -0.046914997324605245, -0.004063258098405329], [0.005747591667423045, 0.999948760521487, -0.008333157958781898, 0.008033135376548456], [0.04696369584098123, 0.008054177083323275, 0.9988641256469599, -0.006839431952250787], [0.0, 0.0, 0.0, 1.0]], "antennas": [-0.0, 0.20313101424913985], "body_yaw": 0.16185457398755818, "check_collision": false}, {"head": [[0.9988895982403905, -0.00625804409751002, -0.046694832810760874, -0.004053588407642392], [0.005860234600360819, 0.9999454040902729, -0.008651386546081689, 0.00803514018149117], [0.046746424222393994, 0.008368137356342174, 0.9988717365606083, -0.006816318117844446], [0.0, 0.0, 0.0, 1.0]], "antennas": [-0.0, 0.20313101424913985], "body_yaw": 0.16185457398755818, "check_collision": false}, {"head": [[0.9989033418410134, -0.006249455156169098, -0.046401055689573166, -0.004047343473770754], [0.005839328186661646, 0.9999427276687749, -0.008969037220293092, 0.008126759462134224], [0.04645444978884474, 0.008688250260068222, 0.9988826249376022, -0.006846457742993974], [0.0, 0.0, 0.0, 1.0]], "antennas": [-0.0, 0.20313101424913985], "body_yaw": 0.16185457398755818, "check_collision": false}, {"head": [[0.9989107138151045, -0.006428070326799041, -0.046217591210190416, -0.004016071930776263], [0.006007119463021145, 0.9999392559511088, -0.009241153807851472, 0.008133875765534445], [0.04627418655314793, 0.008953452954983395, 0.9988886501202362, -0.006845311328484429], [0.0, 0.0, 0.0, 1.0]], "antennas": [-0.0, 0.20313101424913985], "body_yaw": 0.16185457398755818, "check_collision": false}, {"head": [[0.9989082578954411, -0.006517582628792511, -0.046258117395456315, -0.003991033827033823], [0.0060957869149803915, 0.9999386049542087, -0.009253523875697656, 0.008271140662252268], [0.04631558798268797, 0.008961441787336166, 0.9988866596721122, -0.006962943187271755], [0.0, 0.0, 0.0, 1.0]], "antennas": [-0.0, 0.20313101424913985], "body_yaw": 0.16185457398755818, "check_collision": false}, {"head": [[0.9989082707548883, -0.006624769619872862, -0.0462426107065984, -0.00398761708047256], [0.006203455811720833, 0.9999379891273135, -0.009248515341196832, 0.00828216192986281], [0.04630101244541448, 0.008951554474387993, 0.9988874240468849, -0.006952225186723339], [0.0, 0.0, 0.0, 1.0]], "antennas": [-0.0, 0.20313101424913985], "body_yaw": 0.16185457398755818, "check_collision": false}, {"head": [[0.9989111520145233, -0.006759826088981007, -0.04616075315963598, -0.0038845780434392276], [0.006333524914948574, 0.9999359943080632, -0.009375166627681078, 0.008288789031143285], [0.04622117310464801, 0.009072598216155674, 0.9988900295420104, -0.006991750290936462], [0.0, 0.0, 0.0, 1.0]], "antennas": [-0.0, 0.20313101424913985], "body_yaw": 0.16185457398755818, "check_collision": false}, {"head": [[0.9989065572990008, -0.006914562958763237, -0.046237199354496154, -0.0038664363292105416], [0.006483228484132794, 0.9999341204207493, -0.009472199681452237, 0.00830234326306478], [0.04629964938831232, 0.00916207604596655, 0.9988855784468246, -0.007004444923458199], [0.0, 0.0, 0.0, 1.0]], "antennas": [-0.0, 0.20313101424913985], "body_yaw": 0.16185457398755818, "check_collision": false}, {"head": [[0.9989173024918194, -0.006902064732388512, -0.04600635048444223, -0.003810961537035043], [0.006457916856872355, 0.9999311673419655, -0.00979570763162519, 0.008542141539413893], [0.04607079435322494, 0.009487996657064904, 0.9988931173189146, -0.007163689532620367], [0.0, 0.0, 0.0, 1.0]], "antennas": [-0.0, 0.20313101424913985], "body_yaw": 0.16185457398755818, "check_collision": false}, {"head": [[0.9989324953056226, -0.006965512389851128, -0.04566564857339841, -0.0038024791943859146], [0.006516588776232442, 0.9999290423791203, -0.009972175163773432, 0.008564400795402202], [0.04573186955727674, 0.009663945567020167, 0.9989070048121966, -0.007194550228285525], [0.0, 0.0, 0.0, 1.0]], "antennas": [-0.0, 0.20313101424913985], "body_yaw": 0.16185457398755818, "check_collision": false}, {"head": [[0.9989373881240673, -0.0066510424613972375, -0.04560546285307574, -0.00391268105377595], [0.006206973063276234, 0.9999320071810202, -0.009871904594762084, 0.008746968199791386], [0.045668020465730104, 0.00957834271223433, 0.9989107503964649, -0.007404140648790027], [0.0, 0.0, 0.0, 1.0]], "antennas": [-0.0, 0.20313101424913985], "body_yaw": 0.16185457398755818, "check_collision": false}, {"head": [[0.9989471020602219, -0.006769156199630845, -0.045374726553781504, -0.003941669085703623], [0.006311101850008405, 0.9999277499008484, -0.010230589995980059, 0.00878269931177529], [0.04544070068698617, 0.009933453708153376, 0.998917648867265, -0.007429995183004469], [0.0, 0.0, 0.0, 1.0]], "antennas": [-0.0, 0.20313101424913985], "body_yaw": 0.16185457398755818, "check_collision": false}, {"head": [[0.99895708046663, -0.006741052010537699, -0.04515871569672913, -0.00391857744544272], [0.006278017189717212, 0.9999263405543013, -0.010387490835084357, 0.008889229729283528], [0.04522541194674073, 0.010093150324580127, 0.998925818282205, -0.007572341705769816], [0.0, 0.0, 0.0, 1.0]], "antennas": [-0.0, 0.20312052805235395], "body_yaw": 0.16185457398755818, "check_collision": false}, {"head": [[0.9989519105535521, -0.006730399964828739, -0.04527451951949578, -0.003950180339801853], [0.006268475240116115, 0.9999269236303051, -0.010337002341008983, 0.008907154002828386], [0.045340783182161976, 0.010042366033331352, 0.9989211001199648, -0.007587115773829868], [0.0, 0.0, 0.0, 1.0]], "antennas": [1.8059561109873152e-05, 0.17870521678810025], "body_yaw": 0.16185457398755818, "check_collision": false}, {"head": [[0.9989676840488605, -0.006686254340743744, -0.044931728532822166, -0.0038967839666340775], [0.006218806850542445, 0.9999251646970225, -0.010535247837060318, 0.009051974179669405], [0.04499880739988546, 0.010244950391462282, 0.9989345065238585, -0.00751916528362684], [0.0, 0.0, 0.0, 1.0]], "antennas": [0.0244327194403545, 0.15455087801670872], "body_yaw": 0.16185457398755818, "check_collision": false}, {"head": [[0.9989843427501318, -0.00676038056739931, -0.044548627303996086, -0.0038973304839932214], [0.006280970588004069, 0.9999209461165396, -0.010892700577737075, 0.009085103659932514], [0.04461874436331713, 0.010601828709592302, 0.9989478309098292, -0.007556967898444291], [0.0, 0.0, 0.0, 1.0]], "antennas": [0.048585731648973535, 0.13161626912437133], "body_yaw": 0.16185457398755818, "check_collision": false}, {"head": [[0.9989873037886001, -0.006667603717692337, -0.044496178822984817, -0.0038847509419113104], [0.006190714192768194, 0.9999220085206615, -0.010846747613440512, 0.009196125493455727], [0.04456503031488575, 0.010560300027462966, 0.9989506685199041, -0.007601900917966422], [0.0, 0.0, 0.0, 1.0]], "antennas": [0.0715205906535088, 0.10996401311313675], "body_yaw": 0.16185457398755818, "check_collision": false}, {"head": [[0.9989840941265061, -0.006634201333214988, -0.04457316518842462, -0.0039027524165265136], [0.006147534550849784, 0.9999200870273052, -0.011046600302928328, 0.009231581431226352], [0.04464288858474917, 0.010761362923761869, 0.9989450463197828, -0.007606391057699337], [0.0, 0.0, 0.0, 1.0]], "antennas": [0.09317291252164926, 0.09021475280006336], "body_yaw": 0.16185457398755818, "check_collision": false}, {"head": [[0.9989847574068598, -0.0066857677926916385, -0.044550588972312885, -0.003970891015463345], [0.00618061824343287, 0.9999151514944794, -0.01146689887901278, 0.009263400981884416], [0.044623473944625874, 0.011179907011901616, 0.9989413172215467, -0.007644428441337061], [0.0, 0.0, 0.0, 1.0]], "antennas": [0.11292070358264682, 0.07263926850674911], "body_yaw": 0.16185457398755818, "check_collision": false}, {"head": [[0.9989898272491758, -0.006772225435931473, -0.04442366503685047, -0.00398755559211439