{"description": "When you face a threatening or dangerous situation. Can also be used when surprised or shocked.", "time": [0.0, 0.010080337524414062, 0.020163774490356445, 0.0302276611328125, 0.040204763412475586, 0.05051708221435547, 0.06050443649291992, 0.07039976119995117, 0.08060479164123535, 0.09088015556335449, 0.10090279579162598, 0.11098456382751465, 0.12102603912353516, 0.13118886947631836, 0.14115190505981445, 0.15122389793395996, 0.16128945350646973, 0.1715564727783203, 0.18149375915527344, 0.1914820671081543, 0.2015385627746582, 0.21162652969360352, 0.22164297103881836, 0.23169183731079102, 0.2417001724243164, 0.25181150436401367, 0.26180291175842285, 0.2721114158630371, 0.2822842597961426, 0.2922484874725342, 0.30224108695983887, 0.3123972415924072, 0.32229042053222656, 0.3323094844818115, 0.3428220748901367, 0.35259246826171875, 0.36261415481567383, 0.3725893497467041, 0.3828856945037842, 0.39279603958129883, 0.4027547836303711, 0.41299009323120117, 0.4229722023010254, 0.43324756622314453, 0.44313478469848633, 0.4531855583190918, 0.46330928802490234, 0.47322988510131836, 0.48340892791748047, 0.49353766441345215, 0.5034232139587402, 0.5135219097137451, 0.5235726833343506, 0.5335996150970459, 0.5437374114990234, 0.5537049770355225, 0.563755989074707, 0.5737977027893066, 0.5839512348175049, 0.5939712524414062, 0.6039993762969971, 0.614098072052002, 0.6241228580474854, 0.634246826171875, 0.6445109844207764, 0.6548807621002197, 0.6646060943603516, 0.6751842498779297, 0.6846902370452881, 0.6947686672210693, 0.7049195766448975, 0.7150506973266602, 0.7249569892883301, 0.7349214553833008, 0.745032787322998, 0.7550382614135742, 0.7651281356811523, 0.7751436233520508, 0.7851788997650146, 0.7952196598052979, 0.805300235748291, 0.8154170513153076, 0.8254303932189941, 0.8354682922363281, 0.84555983543396, 0.8556661605834961, 0.8656735420227051, 0.8757133483886719, 0.8858296871185303, 0.89591383934021, 0.9058990478515625, 0.916032075881958, 0.9260382652282715, 0.9360620975494385, 0.9461965560913086, 0.9562196731567383, 0.9663355350494385, 0.9763879776000977, 0.9864096641540527, 0.9964985847473145, 1.0065038204193115, 1.0166523456573486, 1.0266826152801514, 1.0366675853729248, 1.0474040508270264, 1.058912754058838, 1.06689453125, 1.0769412517547607, 1.0870006084442139, 1.0970900058746338, 1.107116937637329, 1.1172411441802979, 1.1272709369659424, 1.137298345565796, 1.1473684310913086, 1.1574525833129883, 1.167466402053833, 1.1775472164154053, 1.1876873970031738, 1.1976804733276367, 1.2077844142913818, 1.2179486751556396, 1.2279136180877686, 1.2378849983215332, 1.2479991912841797, 1.258169412612915, 1.268070936203003, 1.278306484222412, 1.2882304191589355, 1.2982780933380127, 1.3082990646362305, 1.3184025287628174, 1.3284564018249512, 1.338470458984375, 1.3485827445983887, 1.3586266040802002, 1.368664026260376, 1.3787727355957031, 1.3888177871704102, 1.398833990097046, 1.4089198112487793, 1.418994426727295, 1.4291493892669678, 1.4390385150909424, 1.4494738578796387, 1.4592959880828857, 1.4693150520324707, 1.479456901550293, 1.4894294738769531, 1.499631404876709, 1.5096435546875, 1.519648551940918, 1.5297620296478271, 1.5397579669952393, 1.5498337745666504, 1.5598556995391846, 1.5699028968811035, 1.5799236297607422, 1.590409517288208, 1.6001267433166504, 1.6101524829864502, 1.6204075813293457, 1.630424976348877, 1.6405079364776611, 1.650500774383545, 1.6604886054992676, 1.670597791671753, 1.6807072162628174, 1.6906054019927979, 1.7006306648254395, 1.7107374668121338, 1.7207369804382324, 1.730879783630371, 1.740844488143921, 1.7509348392486572, 1.7611379623413086, 1.7710349559783936, 1.7811837196350098, 1.7912137508392334, 1.8012011051177979, 1.8113112449645996, 1.8213555812835693, 1.8315119743347168, 1.8415961265563965, 1.851613998413086, 1.8616540431976318, 1.8715827465057373, 1.8817224502563477, 1.8918251991271973, 1.9017903804779053, 1.9118669033050537, 1.921980619430542, 1.9320764541625977, 1.9421429634094238, 1.9521138668060303, 1.962177038192749, 1.9722278118133545, 1.9824070930480957, 1.9925298690795898, 2.0024120807647705, 2.013091564178467, 2.023306131362915, 2.032958507537842, 2.042816162109375, 2.0530147552490234, 2.0628843307495117, 2.0728509426116943, 2.0832958221435547, 2.0933163166046143, 2.1037380695343018, 2.1135690212249756, 2.124188184738159, 2.1337618827819824, 2.144467830657959, 2.1546366214752197, 2.1639750003814697, 2.1738600730895996, 2.184177875518799, 2.1942055225372314, 2.2042508125305176, 2.2141687870025635, 2.2242000102996826, 2.234362840652466, 2.244304895401001, 2.254465103149414, 2.2645387649536133, 2.274554967880249, 2.2849230766296387, 2.29480242729187, 2.304945230484009, 2.3150157928466797, 2.325521945953369, 2.335371255874634, 2.345155715942383, 2.355222463607788, 2.3652827739715576, 2.375673294067383, 2.3856842517852783, 2.3956453800201416, 2.405648708343506, 2.416116952896118, 2.42592716217041, 2.4361884593963623, 2.4457075595855713, 2.4559450149536133, 2.465977907180786, 2.4758312702178955, 2.4858860969543457, 2.4960381984710693, 2.5059540271759033, 2.5161564350128174, 2.5261411666870117, 2.536184072494507, 2.5463318824768066, 2.5564632415771484, 2.5664222240448, 2.576456308364868, 2.586461067199707, 2.5965476036071777, 2.606565237045288, 2.616689920425415, 2.626657724380493, 2.63678240776062, 2.6469931602478027, 2.6568641662597656, 2.6669511795043945, 2.677121162414551, 2.6870691776275635, 2.697148561477661, 2.7071733474731445, 2.7172720432281494, 2.727280855178833, 2.7374720573425293, 2.7474710941314697, 2.7575156688690186, 2.767545461654663, 2.7776107788085938, 2.787659168243408, 2.7977213859558105, 2.8077447414398193, 2.817812919616699, 2.827915906906128, 2.8382210731506348, 2.8483452796936035, 2.8581197261810303, 2.868140459060669, 2.8782498836517334, 2.888246536254883, 2.898301839828491, 2.9083681106567383, 2.9184625148773193, 2.9285476207733154, 2.9385924339294434, 2.9486639499664307, 2.9587347507476807, 2.968700647354126, 2.9789535999298096, 2.988877058029175, 2.9989066123962402, 3.008934259414673, 3.01896071434021, 3.0290451049804688, 3.0391323566436768, 3.0493669509887695, 3.0595316886901855, 3.069335460662842, 3.079512596130371, 3.0895280838012695, 3.0996055603027344, 3.1097164154052734, 3.119749069213867, 3.1299092769622803, 3.1398465633392334, 3.149916648864746, 3.1599996089935303, 3.1699981689453125, 3.1807308197021484, 3.1902596950531006, 3.2003519535064697, 3.210385799407959, 3.2205872535705566, 3.2305026054382324, 3.2405409812927246, 3.2508349418640137, 3.2606794834136963, 3.2707371711730957, 3.2807886600494385, 3.2907021045684814, 3.3008689880371094, 3.3108761310577393, 3.3209774494171143, 3.330986976623535, 3.3410818576812744, 3.351264715194702, 3.3612060546875, 3.3712470531463623, 3.3813672065734863, 3.3916139602661133, 3.4034183025360107, 3.411949634552002, 3.421990156173706, 3.432112693786621, 3.442152261734009, 3.4521982669830322, 3.462399959564209, 3.4721550941467285, 3.482346296310425], "set_target_data": [{"head": [[0.9989644109310761, -0.04549827176823718, 0.00011383862041991824, -0.013795293031004813], [0.045470092833547325, 0.9984277289726143, 0.03278018725230643, 0.005089242603817442], [-0.0016051015034743766, -0.03274106419607213, 0.9994625787714476, 0.0024660627496110926], [0.0, 0.0, 0.0, 1.0]], "antennas": [-0.09167745631321472, 0.07037243390868982], "body_yaw": -0.0, "check_collision": false}, {"head": [[0.9989645236681719, -0.04549570284353332, 0.00014654417474193378, -0.013800619855813837], [0.045466329823428735, 0.9984254019605588, 0.0328561953409637, 0.00513126350392965], [-0.001641129126373262, -0.032815510702551696, 0.9994600787187656, 0.0024661914433468162], [0.0, 0.0, 0.0, 1.0]], "antennas": [-0.09167745631321472, 0.07037243390868982], "body_yaw": -0.0, "check_collision": false}, {"head": [[0.9989616735483884, -0.045558226331150864, 0.00015098001035062833, -0.013832069245026613], [0.04552863695819798, 0.9984218231004878, 0.03287866136915807, 0.004962022317977297], [-0.001648635233307374, -0.03283764867128568, 0.9994593392587862, 0.0022188924365548817], [0.0, 0.0, 0.0, 1.0]], "antennas": [-0.09167745631321472, 0.07037243390868982], "body_yaw": -0.0, "check_collision": false}, {"head": [[0.998954204121187, -0.04572196284746358, -1.3490043516676382e-05, -0.013839321856948042], [0.04569720956825878, 0.9984035886310224, 0.03319697646429542, 0.004977960555719246], [-0.0015043624166908, -0.03316287566046567, 0.9994488283907524, 0.0021986956570395682], [0.0, 0.0, 0.0, 1.0]], "antennas": [-0.09167745631321472, 0.07037243390868982], "body_yaw": -0.0, "check_collision": false}, {"head": [[0.9989411509955639, -0.046005414641503525, -0.0002804840842640302, -0.013928867356007704], [0.04598868743197482, 0.9983722913584667, 0.033731416749509614, 0.004940465011981115], [-0.0012718002761102861, -0.03370859936734704, 0.9994308944858317, 0.0021136190872499466], [0.0, 0.0, 0.0, 1.0]], "antennas": [-0.09167745631321472, 0.07037243390868982], "body_yaw": -0.0, "check_collision": false}, {"head": [[0.9989317481908563, -0.046208180304344294, -0.000408080041680509, -0.013947820042611803], [0.04619498698530813, 0.9983436969770079, 0.03429119250925845, 0.004944471326228814], [-0.0011771294688449445, -0.03427341213303714, 0.9994118008043392, 0.0020838740225766544], [0.0, 0.0, 0.0, 1.0]], "antennas": [-0.09167745631321472, 0.07037243390868982], "body_yaw": -0.0, "check_collision": false}, {"head": [[0.9989229527666514, -0.046396703588416036, -0.000529463958305752, -0.014000635149473445], [0.04638665155813414, 0.99830563755773, 0.0351302231373304, 0.004861995566788965], [-0.00110135969543737, -0.03511694628783993, 0.999382602955564, 0.0021457518964258576], [0.0, 0.0, 0.0, 1.0]], "antennas": [-0.09167745631321472, 0.07037243390868982], "body_yaw": -0.0, "check_collision": false}, {"head": [[0.9989064408212934, -0.046747296396814096, -0.0007827932834186677, -0.014020795103165264], [0.046745144782736746, 0.9982573847848818, 0.03601506853651376, 0.0048481676202621424], [-0.0009021779076952922, -0.03601227571311226, 0.9993509403973091, 0.0021404071753514725], [0.0, 0.0, 0.0, 1.0]], "antennas": [-0.09167745631321472, 0.07037243390868982], "body_yaw": -0.0, "check_collision": false}, {"head": [[0.9988952379647412, -0.04696661975245189, -0.0015621140776778085, -0.013925287581423858], [0.046992248036662014, 0.9982089855689472, 0.037020936696336444, 0.004700317281549692], [-0.0001794319478746894, -0.03705344462316441, 0.9993132692232872, 0.0022891748862744537], [0.0, 0.0, 0.0, 1.0]], "antennas": [-0.09167745631321472, 0.07037243390868982], "body_yaw": -0.0, "check_collision": false}, {"head": [[0.9988826153317055, -0.04721709115134188, -0.002016703076471457, -0.013934982558642634], [0.047259677314472025, 0.9981517185841288, 0.03820562246166022, 0.004681102857785788], [0.00020901728338791929, -0.03825824082151204, 0.9992678636486911, 0.002292125834826914], [0.0, 0.0, 0.0, 1.0]], "antennas": [-0.09167745631321472, 0.07037243390868982], "body_yaw": -0.0, "check_collision": false}, {"head": [[0.998872476334479, -0.04739861065237357, -0.0026735238264169905, -0.013975280121764987], [0.047467162524332564, 0.9980970044871827, 0.03936036223920102, 0.004785204011018748], [0.0008028096376596332, -0.03944288708927405, 0.9992215040494016, 0.002453738714097659], [0.0, 0.0, 0.0, 1.0]], "antennas": [-0.09167745631321472, 0.07037243390868982], "body_yaw": -0.0, "check_collision": false}, {"head": [[0.9988557311658025, -0.04770129653988861, -0.003437240993022071, -0.013971236995954598], [0.04780176811950493, 0.9980279079803492, 0.04068520439935311, 0.004767786829686884], [0.001489725437650592, -0.04080295578486526, 0.9991661020657873, 0.0024645304855605626], [0.0, 0.0, 0.0, 1.0]], "antennas": [-0.09167745631321472, 0.07037243390868982], "body_yaw": -0.0, "check_collision": false}, {"head": [[0.9987778673922519, -0.049027124749661595, -0.006254010406652928, -0.013724536767112754], [0.04925496894576153, 0.9978217745078604, 0.043882278338037956, 0.0046974744999507085], [0.004088965827378691, -0.04413668946314492, 0.9990171334875577, 0.002582036129788196], [0.0, 0.0, 0.0, 1.0]], "antennas": [-0.09167745631321472, 0.07037243390868982], "body_yaw": -0.0, "check_collision": false}, {"head": [[0.9986774279074575, -0.05021126474287899, -0.011055490991597796, -0.013569714862809338], [0.050690216564173086, 0.9975392764113316, 0.04843442950457985, 0.004573379903107354], [0.008596332521605693, -0.04893077671238624, 0.9987651786869126, 0.00258363120150002], [0.0, 0.0, 0.0, 1.0]], "antennas": [-0.09167745631321472, 0.07037243390868982], "body_yaw": -0.0, "check_collision": false}, {"head": [[0.9984616956291562, -0.05175334334835662, -0.019895572713992605, -0.013194507277499636], [0.05276274199000832, 0.9971409694452488, 0.05409232950692341, 0.0042926801142230886], [0.017039231762214776, -0.055058864009865614, 0.9983377114358132, 0.002464968150033226], [0.0, 0.0, 0.0, 1.0]], "antennas": [-0.09167745631321472, 0.07037243390868982], "body_yaw": -0.0, "check_collision": false}, {"head": [[0.9981456658807151, -0.05346500676211919, -0.029098500570832832, -0.01288903162379202], [0.05513178067468864, 0.9966830370620879, 0.05986159363340531, 0.004128375104097736], [0.02580148141448932, -0.06135484238932957, 0.9977824747269309, 0.002324892448940025], [0.0, 0.0, 0.0, 1.0]], "antennas": [-0.09167745631321472, 0.07037243390868982], "body_yaw": -0.0, "check_collision": false}, {"head": [[0.9978685957838482, -0.05507003970462136, -0.03500794588807254, -0.012584343896232409], [0.05723949758736026, 0.9962858703547605, 0.06432809998285297, 0.0037206472080637118], [0.03133537081825214, -0.06619482803353124, 0.9973145638550025, 0.0019777453100010617], [0.0, 0.0, 0.0, 1.0]], "antennas": [-0.09167745631321472, 0.07037243390868982], "body_yaw": -0.0, "check_collision": false}, {"head": [[0.9975249618749509, -0.05701870264387154, -0.041143869351187835, -0.012329923248311218], [0.0597735293960566, 0.9958130617234751, 0.06916264370639097, 0.0035957802717264753], [0.03702803829419827, -0.0714507778105192, 0.996756595528896, 0.0017952258415203709], [0.0, 0.0, 0.0, 1.0]], "antennas": [-0.09167745631321472, 0.07037243390868982], "body_yaw": -0.0, "check_collision": false}, {"head": [[0.9969719995479376, -0.060032626020863795, -0.049425862970984974, -0.01209490720505121], [0.06363770629527386, 0.995156648321067, 0.07492321162267948, 0.003447566302594559], [0.04468863899095539, -0.07784169265515403, 0.9959636521629275, 0.0015645797915391285], [0.0, 0.0, 0.0, 1.0]], "antennas": [-0.09167745631321472, 0.07037243390868982], "body_yaw": -0.0, "check_collision": false}, {"head": [[0.9961477072843195, -0.06297431306010426, -0.06102443090108855, -0.011851286716222764], [0.06785706796247867, 0.9943562938222511, 0.08155353618091929, 0.0032627020155919376], [0.05554424902480271, -0.08538030704257829, 0.9947989945559785, 0.0013995182690363433], [0.0, 0.0, 0.0, 1.0]], "antennas": [-0.09167745631321472, 0.07037243390868982], "body_yaw": -0.0, "check_collision": false}, {"head": [[0.9951433754033989, -0.06604680252074442, -0.07298960383174383, -0.011456770356088424], [0.07237544172873535, 0.9935085454300511, 0.08776426147375663, 0.0031792890703956052], [0.06671924628845533, -0.09262067822170852, 0.993463613898592, 0.0012152140136633743], [0.0, 0.0, 0.0, 1.0]], "antennas": [-0.09167745631321472, 0.07037243390868982], "body_yaw": -0.0, "check_collision": false}, {"head": [[0.9939692549494858, -0.06902868451984667, -0.08520657796569336, -0.011006255616655091], [0.07689947061802277, 0.9927071612131779, 0.09283837296474819, 0.003112020159611836], [0.0781766693702933, -0.09883082914522832, 0.9920286667111161, 0.0010393290203629729], [0.0, 0.0, 0.0, 1.0]], "antennas": [-0.09167745631321472, 0.07037243390868982], "body_yaw": -0.0, "check_collision": false}, {"head": [[0.992575381653839, -0.07178313001156705, -0.09819009105035933, -0.010530585556089853], [0.08141422296271023, 0.9918626007205025, 0.09787903550474217, 0.003055205177263063], [0.09036501554314869, -0.10514639098753192, 0.9903425672100452, 0.000833090189708125], [0.0, 0.0, 0.0, 1.0]], "antennas": [-0.09167745631321472, 0.07037243390868982], "body_yaw": -0.0, "check_collision": false}, {"head": [[0.9909063531071443, -0.07525592102224828, -0.11153988400116378, -0.009979132018520359], [0.08692674474316799, 0.9907968673564147, 0.10375600553737463, 0.0028391490932953047], [0.10270511389534633, -0.11250828408525626, 0.9883286627392407, 0.0007284658688987483], [0.0, 0.0, 0.0, 1.0]], "antennas": [-0.09167745631321472, 0.07037243390868982], "body_yaw": -0.0, "check_collision": false}, {"head": [[0.9887896053803542, -0.07916546793211347, -0.12660152044447753, -0.009436918935893093], [0.09338222655916419, 0.9894667879868091, 0.11061299758129876, 0.0027108368897787276], [0.11651127007554624, -0.1211953140932313, 0.9857671224925422, 0.000631018695648195], [0.0, 0.0, 0.0, 1.0]], "antennas": [-0.09167745631321472, 0.07037243390868982], "body_yaw": -0.0, "check_collision": false}, {"head": [[0.9860983820828745, -0.0835772024771834, -0.14361348153855563, -0.008826640470137764], [0.10091739199392921, 0.9878682916176522, 0.1180335478140205, 0.0025477497494907236], [0.13200629093600352, -0.13088578854294658, 0.9825697173792861, 0.0005625120329850247], [0.0, 0.0, 0.0, 1.0]], "antennas": [-0.09167745631321472, 0.07037243390868982], "body_yaw": -0.0, "check_collision": false}, {"head": [[0.9823748701326016, -0.08792586883529788, -0.16495046566018567, -0.00796703149398924], [0.10940154240837882, 0.98598229213677, 0.1259770697841028, 0.002348261002885767], [0.1515615949065653, -0.1418025429330483, 0.9782234518590828, 0.0006336756965600382], [0.0, 0.0, 0.0, 1.0]], "antennas": [-0.09167745631321472, 0.07037243390868982], "body_yaw": -0.0, "check_collision": false}, {"head": [[0.9776849288737182, -0.09145124539784277, -0.18912654379641183, -0.007092450337331451], [0.11784996551883431, 0.984030514758861, 0.13339914411502168, 0.0022188771110809307], [0.17390677238222238, -0.1527108893910133, 0.9728493299483757, 0.000518745642384362], [0.0, 0.0, 0.0, 1.0]], "antennas": [-0.09167745631321472, 0.07037243390868982], "body_yaw": -0.0, "check_collision": false}, {"head": [[0.9720188311496611, -0.09495117299423173, -0.21485731692792287, -0.00623727050800264], [0.12662477734717958, 0.9821923515487041, 0.138796074587878, 0.002493736377873805], [0.19785236327176786, -0.162118658106481, 0.9667326326557567, 0.0005131949408641095], [0.0, 0.0, 0.0, 1.0]], "antennas": [-0.09167745631321472, 0.07037243390868982], "body_yaw": -0.0, "check_collision": false}, {"head": [[0.9659431747940485, -0.09934799184223639, -0.23892207848105929, -0.004815288950100914], [0.13594256260207002, 0.9805026576877656, 0.14189488341871492, 0.0010238319503033822], [0.22016676121062595, -0.16954207378743297, 0.9606154706613255, 0.0006852928089672375], [0.0, 0.0, 0.0, 1.0]], "antennas": [-0.09167745631321472, 0.07037243390868982], "body_yaw": -0.0, "check_collision": false}, {"head": [[0.9588621992452596, -0.1016318037802467, -0.26505520051286885, -0.00389654578600529], [0.14459427415331463, 0.9783690026158773, 0.14794117277650976, 0.0009188865097092967], [0.2442862639212851, -0.18018066261612664, 0.9528164304201484, 0.0005864489072739468], [0.0, 0.0, 0.0, 1.0]], "antennas": [-0.09167745631321472, 0.07037243390868982], "body_yaw": -0.0, "check_collision": false}, {"head": [[0.9508047288053897, -0.1035393671504476, -0.2919759701266425, -0.00293699787410839], [0.1536522594845803, 0.9760109909754532, 0.15425151101495546, 0.0008236447109430554], [0.26900065211183494, -0.19152583362355727, 0.9439049232937653, 0.00044130553208005657], [0.0, 0.0, 0.0, 1.0]], "antennas": [-0.09167745631321472, 0.07037243390868982], "body_yaw": -0.0, "check_collision": false}, {"head": [[0.9416563440725242, -0.10474152267818551, -0.3198633193959925, -0.0017693386171769333], [0.16274849654943105, 0.9735550272175285, 0.1603232230538569, 5.681271944045865e-05], [0.2946120441171192, -0.20302665442382703, 0.9338007930252578, 0.0004912160124104295], [0.0, 0.0, 0.0, 1.0]], "antennas": [-0.09167745631321472, 0.07037243390868982], "body_yaw": -0.0, "check_collision": false}, {"head": [[0.9313767313489505, -0.1047466308980683, -0.3486624838109896, -0.0007837966775187111], [0.1717094549669952, 0.970888620420289, 0.16700643644280638, -5.183272082143263e-05], [0.32101907634388677, -0.2154145539509611, 0.9222490566920771, 0.00032357952328011114], [0.0, 0.0, 0.0, 1.0]], "antennas": [-0.09167745631321472, 0.07037243390868982], "body_yaw": -0.0, "check_collision": false}, {"head": [[0.9196255437401284, -0.10257946428717925, -0.3791652842854012, -8.806895330111877e-05], [0.18092236667742406, 0.9674241066749026, 0.17708104093918936, 0.00020310615484660428], [0.3486487581169816, -0.231447729154603, 0.9082268395795539, 0.0003858499689932196], [0.0, 0.0, 0.0, 1.0]], "antennas": [-0.09167745631321472, 0.07037243390868982], "body_yaw": -0.0, "check_collision": false}, {"head": [[0.9068059698153667, -0.10065698182027223, -0.4093544981040819, -2.3477752818725807e-05], [0.19171653368594088, 0.9633108039384957, 0.18782189895434387, 0.001700519386270187], [0.3754300251959863, -0.24879804465912037, 0.8928335954449399, 0.00030120442089160565], [0.0, 0.0, 0.0, 1.0]], "antennas": [-0.09167745631321472, 0.07037243390868982], "body_yaw": -0.0, "check_collision": false}, {"head": [[0.9011895822770982, -0.10400957294670526, -0.42076043722131595, 0.0007703135040309029], [0.2034962589054226, 0.9586648711833592, 0.1988741747198218, 0.0016787353320377525], [0.3826834323650897, -0.26484650931140663, 0.8851043537904649, 0.000508722392448098], [0.0, 0.0, 0.0, 1.0]], "antennas": [-0.09167745631321472, 0.07037243390868982], "body_yaw": -0.0, "check_collision": false}, {"head": [[0.898572897590722, -0.10897912751203423, -0.4250768136256424, 0.0014722509433235005], [0.21475599714254126, 0.9539548521281925, 0.2094039201934642, 0.0016640681921196703], [0.3826834323650896, -0.2794524823074465, 0.8806018968441299, 0.0007766974887351633], [0.0, 0.0, 0.0, 1.0]], "antennas": [-0.09167745631321472, 0.07037243390868982], "body_yaw": -0.0, "check_collision": false}, {"head": [[0.8962269934071587, -0.11296134416093964, -0.42897192333964923, 0.002312896342108817], [0.22434475006480095, 0.9496674919347957, 0.2186345990017047, 0.0013417745891822217], [0.38268343236508967, -0.29218382824452827, 0.8764599255560093, 0.0006999999761879219], [0.0, 0.0, 0.0, 1.0]], "antennas": [-0.09167745631321472, 0.07037243390868982], "body_yaw": -0.0, "check_collision": false}, {"head": [[0.8936378781394878, -0.11703267262593911, -0.4332605408901018, 0.0030748642463345843], [0.2344455871788326, 0.9449372612003443, 0.22831740855126373, 0.0013545091472008759], [0.3826834323650897, -0.3056091064304564, 0.8718695227269111, 0.0007822907551102223], [0.0, 0.0, 0.0, 1.0]], "antennas": [-0.09167745631321472, 0.07037243390868982], "body_yaw": -0.0, "check_collision": false}, {"head": [[0.8909466140830022, -0.12118496326495104, -0.4376395040812776, 0.00402565610218713], [0.24447396885416633, 0.9401541884488603, 0.23736592108969054, 0.0009644469521365036], [0.3826834323650897, -0.31847183018367187, 0.8672537598492938, 0.0007259143886534994], [0.0, 0.0, 0.0, 1.0]], "antennas": [-0.09167745631321472, 0.07037243390868982], "body_yaw": -0.0, "check_collision": false}, {"head": [[0.8883899942150688, -0.12472344576245349, -0.44182267965292377, 0.004874708790753952], [0.2536071938487227, 0.9355459395914266, 0.24583975704139235, 0.0004228393927767438], [0.3826834323650897, -0.3304509903013377, 0.862760414948518, 0.0014584336933408729], [0.0, 0.0, 0.0, 1.0]], "antennas": [-0.10369044335834415, 0.08977489403046211], "body_yaw": -0.0, "check_collision": false}, {"head": [[0.885775183544698, -0.1282280390042284, -0.4460492060630604, 0.0055704417723958415], [0.26259420178219905, 0.9309157194252284, 0.2538507603246027, 0.0004871710145847197], [0.3826834323650897, -0.3419846390411991, 0.8582539817869383, 0.0014718836370237812], [0.0, 0.0, 0.0, 1.0]], "antennas": [-0.12802321360618013, 0.13689686635832415], "body_yaw": -0.0, "check_collision": false}, {"head": [[0.8828360094821316, -0.13171723112138273, -0.4508338401089492, 0.0062748616061091365], [0.2723122673603581, 0.9256203920436328, 0.26281727279243283, 0.0005502917941544463], [0.3826834323650897, -0.3547921375378933, 0.8530392310641792, 0.0015279749672956824], [0.0, 0.0, 0.0, 1.0]], "antennas": [-0.17514758277902323, 0.20681043761119333], "body_yaw": -0.0, "check_collision": false}, {"head": [[0.8797973053065699, -0.13534948804956112, -0.455672270014338, 0.007064504627291331], [0.28197533964616817, 0.9203351027245791, 0.2710594151184689, 0.0005844695683751499], [0.38268343236508967, -0.36696568610383734, 0.8478735612198399, 0.001771647966335839], [0.0, 0.0, 0.0, 1.0]], "antennas": [-0.23397574599443757, 0.28534785710595706], "body_yaw": -0.0, "check_collision": false}, {"head": [[0.8777672489245203, -0.13821463703162482, -0.4587170923627058, 0.007645343190168274], [0.2882326270718719, 0.9171646215105514, 0.2751926774837111, 0.0008022551181077657], [0.38268343236508967, -0.3737723520535232, 0.8448950345656262, 0.002069180001569755], [0.0, 0.0, 0.0, 1.0]], "antennas": [-0.31066759485377643, 0.36388527660072084], "body_yaw": -0.0, "check_collision": false}, {"head": [[0.8761228998832065, -0.1412032489286365, -0.4609450149337103, 0.00824498908885681], [0.29319286296483194, 0.9150576232255315, 0.2769611728804716, 0.00102202971610404], [0.3826834323650897, -0.37779781453687467, 0.84310272323391, 0.0024080674242436054], [0.0, 0.0, 0.0, 1.0]], "antennas": [-0.38920741119352126, 0.4424226960954846], "body_yaw": -0.0, "check_collision": false}, {"head": [[0.8745769251373923, -0.143785444413693, -0.4630776910972729, 0.008649245203140012], [0.2977727197217675, 0.9129886298777139, 0.27889634114401135, 0.0010846885030512958], [0.3826834323650897, -0.38180820799031007, 0.84129417144332, 0.002797276548979828], [0.0, 0.0, 0.0, 1.0]], "antennas": [-0.4677472275332661, 0.5209601155902484], "body_yaw": -0.0, "check_collision": false}, {"head": [[0.8728302493129023, -0.14610599430931792, -0.4656397688248527, 0.009174249790112872], [0.3028543321097628, 0.9103445113050658, 0.28204986129954107, 0.0011767680456464284], [0.3826834323650897, -0.38720267194794306, 0.8388250600868141, 0.0031591107820205314], [0.0, 0.0, 0.0, 1.0]], "antennas": [-0.546287043873011, 0.5994975350850121], "body_yaw": -0.0, "check_collision": false}, {"head": [[0.8712543975817058, -0.14715496344988965, -0.4682533410736119, 0.009739824578724087], [0.3073583662238797, 0.9073670271286558, 0.28673317351135397, 0.0011498540831800471], [0.38268343236508967, -0.3937391202455839, 0.8357768217541732, 0.0033795084112446874], [0.0, 0.0, 0.0, 1.0]], "antennas": [-0.6248268602127558, 0.6780349545797759], "body_yaw": -0.0, "check_collision": false}, {"head": [[0.869273699504299, -0.14783243496820364, -0.4717083914045643, 0.010218144168075989], [0.31291632418808635, 0.9032736711886589, 0.2935643864537715, 0.000918664429404966], [0.3826834323650898, -0.40279305618237093, 0.8314512279650197, 0.0034546338813099056], [0.0, 0.0, 0.0, 1.0]], "antennas": [-0.7033666765525006, 0.7565723740745396], "body_yaw": -0.0, "check_collision": false}, {"head": [[0.8671226100137666, -0.14862635315076267, -0.4754036036380223, 0.010700684964786492], [0.31882874681588375, 0.898913013477201, 0.3005056145983803, 0.0007651800393045603], [0.38268343236508967, -0.41214754803400444, 0.8268541523405634, 0.003540650640437633], [0.0, 0.0, 0.0, 1.0]], "antennas": [-0.7819064928922455, 0.8351097935693034], "body_yaw": -0.0, "check_collision": false}, {"head": [[0.8648127450143328, -0.1495856530680953, -0.4792943234140852, 0.01109461572227518], [0.3250420075221786, 0.8943576506325187, 0.30736311766546315, 0.0006209941615940525], [0.3826834323650897, -0.42160233058093116, 0.822073515837848, 0.0035904297644204844], [0.0, 0.0, 0.0, 1.0]], "antennas": [-0.8604463092319903, 0.9136472130640672], "body_yaw": -0.0, "check_collision": false}, {"head": [[0.8638578430925552, -0.15051911417326833, -0.48072198118660325, 0.011172068808970441], [0.3275713930134194, 0.8928387578935287, 0.30908887861323747, 0.00012198664642677315], [0.38268343236508984, -0.42447962103219433, 0.8205915195282233, 0.00396052161909561], [0.0, 0.0, 0.0, 1.0]], "antennas": [-0.9389861255717351, 0.9921846325588309], "body_yaw": -0.0, "check_collision": false}, {"head": [[0.8633459163377398, -0.15126434708949182, -0.4814072351372984, 0.011533053890690124], [0.3289182563133614, 0.8921876020044689, 0.30953846851933187, 0.00019926461720570494], [0.3826834323650898, -0.4255824011035998, 0.8200201280847736, 0.004224146422910642], [0.0, 0.0, 0.0, 1.0]], "antennas": [-1.01752594191148, 1.0707220520535947], "body_yaw": -0.0, "check_collision": false}, {"head": [[0.8625555407544697, -0.15286165872779237, -0.48231862125026087, 0.011906245224109283], [0.33098539198435695, 0.8914771860103744, 0.30938179829457674, 0.00018808805169403175], [0.3826834323650898, -0.426499402243441, 0.8195435622828487, 0.0045657811647608695], [0.0, 0.0, 0.0, 1.0]], "antennas": [-1.0960657582512248, 1.1492594715483584], "body_yaw": -0.0, "check_collision": false}, {"head": [[0.8624560214283725, -0.15431215638424256, -0.4820346144147615, 0.012308033717310329], [0.3312446251567209, 0.8921868669582816, 0.3070498212537323, 0.0003544319476720334], [0.3826834323650897, -0.42448834238316907, 0.820587008046108, 0.004935048505819502], [0.0, 0.0, 0.0, 1.0]], "antennas": [-1.1746055745909696, 1.2277968910431223], "body_yaw": -0.0, "check_collision": false}, {"head": [[0.8623605746852201, -0.15540835263782343, -0.4818531759353408, 0.012600767226885941], [0.33149303133225955, 0.8926754110379393, 0.30535713632793215, 0.0004554492697584529], [0.3826834323650897, -0.42305892551587143, 0.8213248663803074, 0.005471895701345882], [0.0, 0.0, 0.0, 1.0]], "antennas": [-1.2531453909307144, 1.306334310537886], "body_yaw": -0.0, "check_collision": false}, {"head": [[0.8625765646408795, -0.15602817617782191, -0.48126591233013905, 0.013007076996177348], [0.33093059804982117, 0.8935369061191897, 0.30344148806208765, 0.0005970600792401092], [0.3826834323650897, -0.42100713253051775, 0.8223784925152802, 0.005787271052207339], [0.0, 0.0, 0.0, 1.0]], "antennas": [-1.3316852072704592, 1.368240022708996], "body_yaw": -0.0, "check_collision": false}, {"head": [[0.8622598107433157, -0.15815804176799983, -0.48113828843796336, 0.014913736822883338], [0.3317550442271753, 0.8941872094780331, 0.3006124166359615, -0.002997252584699645], [0.3826834323650897, -0.41882605963573893, 0.8234914221552487, 0.006654634028604563], [0.0, 0.0, 0.0, 1.0]], "antennas": [-1.410225023610204, 1.368240022708996], "body_yaw": -0.0, "check_collision": false}, {"head": [[0.8602519475841893, -0.159864374319359, -0.4841590322415657, 0.015240028247283769], [0.3369272581298274, 0.8909418166603479, 0.30447118427706105, -0.0031950025142960374], [0.3826834323650898, -0.4250483044895477, 0.8202970982783219, 0.0068583420645019835], [0.0, 0.0, 0.0, 1.0]], "antennas": [-1.488764839949949, 1.368240022708996], "body_yaw": -0.0, "check_collision": false}, {"head": [[0.8590434753482199, -0.16078565374230314, -0.4859961738659191, 0.01589563803617433], [0.3399966147698036, 0.8889475727124492, 0.3068786648069864, -0.0045983282986053475], [0.38268343236508984, -0.42885916863150436, 0.8183111902411996, 0.007607388882452722], [0.0, 0.0, 0.0, 1.0]], "antennas": [-1.488764839949949, 1.368240022708996], "body_yaw": -0.0, "check_collision": false}, {"head": [[0.8587495540426767, -0.16078645646387313, -0.48651507566497365, 0.016144764286764167], [0.3407383072458654, 0.888324166457521, 0.3078596778773943, -0.004792030173810795], [0.3826834323650897, -0.4301486844166117, 0.8176340867942897, 0.007836579038552678], [0.0, 0.0, 0.0, 1.0]], "antennas": [-1.488764839949949, 1.368240022708996], "body_yaw": -0.0, "check_collision": false}, {"head": [[0.8586028678522537, -0.16212142763286203, -0.48633091410907464, 0.01557775829273929], [0.3411077628978256, 0.888855723500115, 0.3059101124381607, -0.0027151864623496656], [0.3826834323650898, -0.42854654998421116, 0.8184749508017358, 0.007638730547980928], [0.0, 0.0, 0.0, 1.0]], "antennas": [-1.488764839949949, 1.368240022708996], "body_yaw": -0.0, "check_collision": false}, {"head": [[0.8599296215606655, -0.16207116714048098, -0.4839979160536257, 0.01582695571957335], [0.33774907336039295, 0.891636231727259, 0.30151350502988955, -0.0027564094914752264], [0.38268343236508967, -0.42275024193125615, 0.8214837938391347, 0.007840481959137675], [0.0, 0.0, 0.0, 1.0]], "antennas": [-1.488764839949949, 1.368240022708996], "body_yaw": -0.0, "check_collision": false}, {"head": [[0.8595783516611121, -0.16618350864389242, -0.48322675713413327, 0.01698500588962966], [0.33864206464767355, 0.8934306503398293, 0.2951325551078879, -0.004024798060336492], [0.38268343236508967, -0.41733046197007345, 0.8242503722201882, 0.009194659083523356], [0.0, 0.0, 0.0, 1.0]], "antennas": [-1.488764839949949, 1.368240022708996], "body_yaw": -0.0, "check_collision": false}, {"head": [[0.8612051036038557, -0.16536535181271214, -0.4806038596875081, 0.017221964243448892], [0.33448342278795495, 0.8963646366036606, 0.29094892700685754, -0.004062197369517949], [0.3826834323650897, -0.4113207248197512, 0.8272657686179383, 0.009393523750726503], [0.0, 0.0, 0.0, 1.0]], "antennas": [-1.488764839949949, 1.368240022708996], "body_yaw": -0.0, "check_collision": false}, {"head": [[0.8611654257145545, -0.16498748425260706, -0.4808047832476978, 0.01531590686628005], [0.33458556476205564, 0.8960515771677796, 0.29179456970271167, -0.0005851668295498548], [0.3826834323650897, -0.41215373478245965, 0.8268510685112183, 0.00802037824339092], [0.0, 0.0, 0.0, 1.0]], "antennas": [-1.488764839949949, 1.368240022708996], "body_yaw": -0.0, "check_collision": false}, {"head": [[0.8617922382762933, -0.16474319092225986, -0.4797643370358917, 0.015375463919821445], [0.3329677591599683, 0.8972331014633499, 0.29000902227076936, -0.0005493623259619253], [0.3826834323650897, -0.40967358065075427, 0.8280826938839284, 0.008105015440861847], [0.0, 0.0, 0.0, 1.0]], "antennas": [-1.488764839949949, 1.368240022708996], "body_yaw": -0.0, "check_collision": false}, {"head": [[0.8615384211510988, -0.16443510140965467, -0.4803255628267857, 0.014607530687724527], [0.3336239491909201, 0.8965074803424353, 0.2914951083917399, 0.0007472367385139111], [0.3826834323650898, -0.4113823466247117, 0.82723512708227, 0.0073591235671626246], [0.0, 0.0, 0.0, 1.0]], "antennas": [-1.488764839949949, 1.368240022708996], "body_yaw": -0.0, "check_collision": false}, {"head": [[0.8622573487082641, -0.16405499922445205, -0.4791640865382753, 0.01461903000109425], [0.3317614431965664, 0.897806366891875, 0.2896171134041343, 0.0007957117256411918], [0.38268343236508967, -0.4086926532222922, 0.828567260875903, 0.007443031616916958], [0.0, 0.0, 0.0, 1.0]], "antennas": [-1.488764839949949, 1.368240022708996], "body_yaw": -0.0, "check_collision": false}, {"head": [[0.8620118427989927, -0.1658453456689296, -0.4789894614646939, 0.014895817199838424], [0.33239881688651973, 0.8983624618948876, 0.28715137748337244, 0.0009526386185597755], [0.3826834323650897, -0.4067434183586866, 0.8295258779659401, 0.007579532920139638], [0.0, 0.0, 0.0, 1.0]], "antennas": [-1.488764839949949, 1.368240022708996], "body_yaw": -0.0, "check_collision": false}, {"head": [[0.8626856322572615, -0.16521815094974357, -0.4779921155140912, 0.014918397620690143], [0.3306461711409379, 0.8994172593491347, 0.28587008079672904, 0.0010050957587522252], [0.38268343236508967, -0.4046622742258519, 0.83054309605922, 0.007731771201249744], [0.0, 0.0, 0.0, 1.0]], "antennas": [-1.488764839949949, 1.368240022708996], "body_yaw": -0.0, "check_collision": false}, {"head": [[0.8636778643372036, -0.16395642851784684, -0.4766328106641411, 0.01432738877997967], [0.32804563287323396, 0.9007796028039572, 0.2845736634426038, 0.001779593528152058], [0.3826834323650897, -0.4021372859111887, 0.8317685939450086, 0.007537798305068906], [0.0, 0.0, 0.0, 1.0]], "antennas": [-1.488764839949949, 1.368240022708996], "body_yaw": -0.0, "check_collision": false}, {"head": [[0.8647518977076186, -0.16289126061325732, -0.47504798981460394, 0.014297770230616121], [0.32520385299738674, 0.902448974082042, 0.28253902947013143, 0.0018322483869455614], [0.3826834323650897, -0.3988135985571375, 0.8333673284927722, 0.007576093561690207], [0.0, 0.0, 0.0, 1.0]], "antennas": [-1.488764839949949, 1.368240022708996], "body_yaw": -0.0, "check_collision": false}, {"head": [[0.864583693558025, -0.16349842595833458, -0.4751455582689479, 0.014607543027926972], [0.3256507752590756, 0.9024482303987418, 0.28202617613147674, 0.0013802753824299352], [0.3826834323650897, -0.3985667524509874, 0.8334854134500178, 0.00774049330727556], [0.0, 0.0, 0.0, 1.0]], "antennas": [-1.488764839949949, 1.368240022708996], "body_yaw": -0.0, "check_collision": false}, {"head": [[0.8654141494182654, -0.16245662402306946, -0.4739896573741746, 0.014587335638381563], [0.32343738278055323, 0.9036177524855853, 0.28082595466403326, 0.0014597961540398904], [0.3826834323650898, -0.3963367289363009, 0.8345481339559434, 0.007702979446734211], [0.0, 0.0, 0.0, 1.0]], "antennas": [-1.488764839949949, 1.368240022708996], "body_yaw": -0.0, "check_collision": false}, {"head": [[0.8659222383072405, -0.16146741486627308, -0.4733993569296239, 0.014573656376638077], [0.32207463078959264, 0.904129786781828, 0.28074411989495657, 0.0014577564791674095], [0.38268343236508967, -0.39557249979017634, 0.8349106467179734, 0.007841254992891018], [0.0, 0.0, 0.0, 1.0]], "antennas": [-1.488764839949949, 1.368240022708996], "body_yaw": -0.0, "check_collision": false}, {"head": [[0.8664663016846343, -0.1608378610914744, -0.47261753086874747, 0.014529546355440542], [0.3206080763771021, 0.9049370658841828, 0.27982024256779614, 0.0015824739235929795], [0.3826834323650897, -0.3939798081481405, 0.8356633899871575, 0.007831843891174702], [0.0, 0.0, 0.0, 1.0]], "antennas": [-1.488764839949949, 1.368240022708996], "body_yaw": -0.0, "check_collision": false}, {"head": [[0.8666330077297695, -0.1601494773490711, -0.4725456325245981, 0.014267969182750478], [0.32015718093856177, 0.9048916245874405, 0.28048266835042646, 0.0022630161254428246], [0.38268343236508967, -0.3943644160625064, 0.8354819554825538, 0.0077066295338175175], [0.0, 0.0, 0.0, 1.0]], "antennas": [-1.488764839949949, 1.368240022708996], "body_yaw": -0.0, "check_collision": false}, {"head": [[0.8670318684511644, -0.15970001938171874, -0.47196572216588045, 0.014187950392634567], [0.31907542945729334, 0.9054946510316266, 0.27976830998123475, 0.0024156942028422303], [0.3826834323650898, -0.3931607060256545, 0.8360490714250465, 0.007674188667914646], [0.0, 0.0, 0.0, 1.0]], "antennas": [-1.488764839949949, 1.368240022708996], "body_yaw": -0.0, "check_collision": false}, {"head": [[0.8669490711916588, -0.1602655159630409, -0.4719261301867278, 0.014425288069263477], [0.3193003265785895, 0.9056488602331635, 0.2790115470821554, 0.0022432746979554165], [0.3826834323650897, -0.3925749690842146, 0.8363242697912107, 0.007877710894522057], [0.0, 0.0, 0.0, 1.0]], "antennas": [-1.488764839949949, 1.368240022708996], "body_yaw": -0.0, "check_collision": false}, {"head": [[0.867406353497751, -0.1591186968582021, -0.471473708940257, 0.01431697237511451], [0.31805598328754703, 0.9059685445859861, 0.27939468090094627, 0.0023239684985965105], [0.3826834323650897, -0.3923037554381777, 0.8364515252316634, 0.007851191977504342], [0.0, 0.0, 0.0, 1.0]], "antennas": [-1.488764839949949, 1.368240022708996], "body_yaw": -0.0, "check_collision": false}, {"head": [[0.8679861256059517, -0.15765420611762915, -0.47089832984306573, 0.014235944566870717], [0.3164703403936023, 0.9063716110208022, 0.2798875245285375, 0.0017243851605364714], [0.38268343236508967, -0.3919638427571799, 0.8366108632837003, 0.00773714323755187