{"description": "You use this when you can\u2019t do something or can\u2019t find the solution to a problem.", "time": [0.0, 0.010026931762695312, 0.020044803619384766, 0.03014373779296875, 0.04023432731628418, 0.050246477127075195, 0.060301780700683594, 0.0704197883605957, 0.08047008514404297, 0.09049177169799805, 0.10059762001037598, 0.11067056655883789, 0.12066173553466797, 0.1308753490447998, 0.14086580276489258, 0.1507740020751953, 0.16095328330993652, 0.17089462280273438, 0.1810009479522705, 0.19101667404174805, 0.2010784149169922, 0.21126294136047363, 0.22119569778442383, 0.2313070297241211, 0.24133062362670898, 0.25131916999816895, 0.26141953468322754, 0.27147388458251953, 0.2815699577331543, 0.29163217544555664, 0.30164027214050293, 0.3117365837097168, 0.321735143661499, 0.33185720443725586, 0.34197235107421875, 0.3519773483276367, 0.36202073097229004, 0.3720674514770508, 0.38220882415771484, 0.39220356941223145, 0.4022243022918701, 0.41233396530151367, 0.42243456840515137, 0.4324772357940674, 0.44261980056762695, 0.4525742530822754, 0.4626591205596924, 0.47277164459228516, 0.4828510284423828, 0.4928703308105469, 0.5029537677764893, 0.5130488872528076, 0.5230870246887207, 0.5331621170043945, 0.5433266162872314, 0.5532336235046387, 0.5632898807525635, 0.573390007019043, 0.5834124088287354, 0.5935344696044922, 0.6035563945770264, 0.6136312484741211, 0.623624324798584, 0.6337108612060547, 0.6437873840332031, 0.6537454128265381, 0.6638596057891846, 0.6739287376403809, 0.6839423179626465, 0.6940906047821045, 0.7040872573852539, 0.7142114639282227, 0.7243704795837402, 0.734304666519165, 0.7444202899932861, 0.7544219493865967, 0.7645065784454346, 0.7745683193206787, 0.7845966815948486, 0.7946577072143555, 0.8047292232513428, 0.8147881031036377, 0.8248143196105957, 0.8349025249481201, 0.845038890838623, 0.8550033569335938, 0.8650715351104736, 0.8751780986785889, 0.8852109909057617, 0.8952958583831787, 0.9053356647491455, 0.9154131412506104, 0.9254472255706787, 0.93550705909729, 0.945624589920044, 0.9555871486663818, 0.9656422138214111, 0.9758062362670898, 0.9856975078582764, 0.9958078861236572, 1.0058844089508057, 1.0159108638763428, 1.0260260105133057, 1.0360515117645264, 1.046175479888916, 1.0561795234680176, 1.0662031173706055, 1.0769283771514893, 1.086766242980957, 1.0964860916137695, 1.1065952777862549, 1.1168441772460938, 1.1273090839385986, 1.1369187831878662, 1.1468751430511475, 1.1568353176116943, 1.1668591499328613, 1.1770236492156982, 1.1870064735412598, 1.1970925331115723, 1.2078733444213867, 1.2173166275024414, 1.2273740768432617, 1.2374579906463623, 1.2474725246429443, 1.257500171661377, 1.267603874206543, 1.2776176929473877, 1.2876381874084473, 1.297668218612671, 1.3078105449676514, 1.317713737487793, 1.327794075012207, 1.3379442691802979, 1.3479723930358887, 1.3579902648925781, 1.368027925491333, 1.3781518936157227, 1.3881657123565674, 1.398252010345459, 1.4083688259124756, 1.4187088012695312, 1.428861141204834, 1.4385972023010254, 1.4486029148101807, 1.4586069583892822, 1.46872878074646, 1.4789097309112549, 1.4888691902160645, 1.498924732208252, 1.5090303421020508, 1.5190417766571045, 1.5291368961334229, 1.5392491817474365, 1.5492286682128906, 1.5593130588531494, 1.5693199634552002, 1.5794684886932373, 1.589477777481079, 1.5994622707366943, 1.6097171306610107, 1.6195855140686035, 1.629709243774414, 1.639826774597168, 1.6497712135314941, 1.6598303318023682, 1.669849157333374, 1.6799659729003906, 1.6900882720947266, 1.7001934051513672, 1.7102687358856201, 1.7203154563903809, 1.7302813529968262, 1.7404773235321045, 1.750382423400879, 1.7604279518127441, 1.770508050918579, 1.7805864810943604, 1.7906382083892822, 1.800682544708252, 1.8109962940216064, 1.820838212966919, 1.830906629562378, 1.841052532196045, 1.8509855270385742, 1.861093282699585, 1.8710248470306396, 1.88120698928833, 1.891176462173462, 1.9012451171875, 1.9113471508026123, 1.9213550090789795, 1.93157958984375, 1.9415628910064697, 1.9515080451965332, 1.961643934249878, 1.971665620803833, 1.9817440509796143, 1.991825819015503, 2.00183367729187, 2.0119709968566895, 2.0219404697418213, 2.0321223735809326, 2.042215347290039, 2.052161455154419, 2.0622129440307617, 2.0723280906677246, 2.0824966430664062, 2.0924715995788574, 2.1024813652038574, 2.1126952171325684, 2.122641086578369, 2.1329874992370605, 2.1432833671569824, 2.1533703804016113, 2.163435697555542, 2.1734158992767334, 2.1834352016448975, 2.193533420562744, 2.2035927772521973, 2.2137279510498047, 2.2236855030059814, 2.233799934387207, 2.243821144104004, 2.25378680229187, 2.263845682144165, 2.2739999294281006, 2.2840285301208496, 2.294029474258423, 2.3041155338287354, 2.3141393661499023, 2.3242483139038086, 2.334362506866455, 2.344473361968994, 2.354461669921875, 2.364501476287842, 2.3746213912963867, 2.384596109390259, 2.394649028778076, 2.405139446258545, 2.4149904251098633, 2.424851417541504, 2.4349162578582764, 2.444981575012207, 2.455016613006592, 2.4650661945343018, 2.4752938747406006, 2.4852399826049805, 2.495314836502075, 2.5053722858428955, 2.515474319458008, 2.525540828704834, 2.535691499710083, 2.5456795692443848, 2.555684804916382, 2.565703868865967, 2.5757787227630615, 2.585782527923584, 2.59587025642395, 2.606027603149414, 2.6160013675689697, 2.6260673999786377, 2.6361308097839355, 2.646193742752075, 2.65621280670166, 2.666301965713501, 2.67645263671875, 2.6863791942596436, 2.6966168880462646, 2.7066142559051514, 2.7167224884033203, 2.726666212081909, 2.7367477416992188, 2.746777057647705, 2.756765842437744, 2.76680588722229, 2.776934862136841, 2.7869391441345215, 2.7969775199890137, 2.8071179389953613, 2.8170785903930664, 2.8271918296813965, 2.8372912406921387, 2.8473823070526123, 2.8574273586273193, 2.8674509525299072, 2.8776140213012695, 2.8875808715820312, 2.8975954055786133, 2.9077348709106445, 2.917726993560791, 2.9277889728546143, 2.9378461837768555, 2.947913646697998, 2.9579334259033203, 2.968014717102051, 2.978433609008789, 2.988140106201172, 2.998192310333252, 3.0083322525024414, 3.018310785293579, 3.0284221172332764, 3.0384974479675293, 3.048518419265747, 3.0585482120513916, 3.0686817169189453, 3.0789449214935303, 3.0887341499328613, 3.09879469871521, 3.108938455581665, 3.1189792156219482, 3.1291849613189697, 3.1394052505493164, 3.1491382122039795, 3.159172296524048, 3.1692864894866943, 3.1793124675750732, 3.1893320083618164, 3.1993963718414307, 3.209611177444458, 3.2200663089752197, 3.229764461517334, 3.239875078201294, 3.249911069869995, 3.2599141597747803, 3.2699849605560303, 3.2800352573394775, 3.290113687515259, 3.300226926803589, 3.3102638721466064, 3.320352792739868, 3.330308675765991, 3.3405086994171143, 3.350489616394043, 3.3604822158813477, 3.370636224746704, 3.3806164264678955, 3.3906497955322266, 3.4006614685058594, 3.4108011722564697, 3.4208762645721436, 3.4308366775512695, 3.4410135746002197, 3.450960874557495, 3.461047410964966, 3.4710779190063477, 3.4812819957733154, 3.4912800788879395, 3.5013253688812256, 3.511589527130127, 3.521502733230591, 3.531494379043579, 3.541719436645508, 3.551607608795166, 3.561697483062744, 3.5716991424560547, 3.581841230392456, 3.5918779373168945, 3.601893186569214, 3.6120448112487793, 3.622074604034424, 3.6321310997009277, 3.642387866973877, 3.6522762775421143, 3.6623644828796387, 3.6724071502685547, 3.682504177093506, 3.6925208568573, 3.7027406692504883, 3.712667942047119, 3.7226831912994385, 3.7326934337615967, 3.742879867553711, 3.752826452255249, 3.7630858421325684, 3.7730913162231445, 3.7830352783203125, 3.7930586338043213, 3.8031508922576904, 3.8133182525634766, 3.8233444690704346, 3.8333992958068848, 3.843614101409912, 3.853475570678711, 3.8637006282806396, 3.873667001724243, 3.8839147090911865, 3.893925189971924, 3.90372896194458, 3.9138290882110596, 3.9238204956054688, 3.933884382247925, 3.9440455436706543, 3.954000949859619, 3.9640932083129883, 3.974116086959839, 3.984163999557495, 3.9942383766174316, 4.004271745681763, 4.014460563659668, 4.024446487426758, 4.034482717514038, 4.044689893722534, 4.0546300411224365, 4.064645767211914, 4.074880123138428, 4.085020303726196, 4.094985485076904, 4.104938983917236, 4.115058898925781, 4.125290393829346, 4.135282516479492, 4.145498752593994, 4.1555376052856445, 4.165511131286621, 4.175629615783691, 4.18560004234314, 4.19573712348938, 4.20570707321167, 4.2158308029174805, 4.225887060165405, 4.235900402069092, 4.246091604232788, 4.256030797958374, 4.266058444976807, 4.276240825653076, 4.286182403564453, 4.296262264251709, 4.306620836257935, 4.316523551940918, 4.326487302780151, 4.336573362350464, 4.3466973304748535, 4.356638669967651, 4.3666722774505615, 4.3767547607421875, 4.38673734664917, 4.396821737289429, 4.406899452209473, 4.416959762573242, 4.426984786987305, 4.437051773071289, 4.4471800327301025, 4.457206726074219, 4.467252016067505, 4.477418899536133, 4.487547874450684, 4.497424840927124, 4.507514238357544, 4.5175416469573975, 4.527646780014038, 4.537689208984375, 4.547785997390747, 4.557809829711914, 4.56786584854126, 4.577947378158569, 4.587987184524536, 4.598068714141846, 4.6081764698028564, 4.618180990219116, 4.628278970718384, 4.6384117603302, 4.648528099060059, 4.65852165222168, 4.668493986129761, 4.678717136383057, 4.688728332519531, 4.698685646057129, 4.708791732788086, 4.719027757644653, 4.7290403842926025, 4.739136457443237, 4.749044895172119, 4.759071350097656, 4.769101619720459, 4.7792158126831055, 4.789254188537598, 4.799283266067505, 4.809431552886963, 4.8193981647491455, 4.829438924789429, 4.83964729309082, 4.849615097045898, 4.859615087509155, 4.869696140289307, 4.879778623580933, 4.889781713485718, 4.899798154830933, 4.909898281097412, 4.919934272766113, 4.92998480796814, 4.940114259719849, 4.950116872787476, 4.960249662399292, 4.970225095748901, 4.980447769165039, 4.990437030792236, 5.000452518463135, 5.010579824447632, 5.020549297332764, 5.030619382858276, 5.040830373764038, 5.050723552703857, 5.060766696929932, 5.070889711380005, 5.080995082855225, 5.090982913970947, 5.1010167598724365, 5.111118316650391, 5.12112832069397, 5.131243467330933, 5.141332387924194, 5.151384353637695, 5.161424398422241, 5.171405553817749, 5.181602954864502, 5.1915366649627686, 5.201606273651123, 5.211702823638916, 5.221689224243164, 5.231802940368652, 5.241967439651489, 5.251891136169434, 5.261946678161621, 5.271968841552734, 5.282088279724121, 5.292154788970947, 5.302182912826538, 5.312328100204468, 5.322367191314697, 5.332398891448975, 5.34263277053833, 5.35251259803772, 5.362536430358887, 5.372676134109497, 5.382667303085327, 5.392715930938721, 5.402747392654419, 5.412862539291382, 5.422874450683594, 5.432887077331543, 5.443036079406738, 5.453833103179932, 5.4632408618927, 5.473300218582153, 5.483335256576538, 5.493317127227783, 5.503445148468018, 5.5137224197387695, 5.523659706115723, 5.533629894256592, 5.543783903121948, 5.553693056106567, 5.563796281814575, 5.573879957199097, 5.583862066268921, 5.593959093093872, 5.603972434997559, 5.614089727401733, 5.6241135597229, 5.634182691574097, 5.644317388534546, 5.654263019561768, 5.664464712142944, 5.674612998962402, 5.684448003768921, 5.694589138031006, 5.70470666885376, 5.714638710021973, 5.724721431732178, 5.734688758850098, 5.744797706604004, 5.754852294921875, 5.764865398406982, 5.77497124671936, 5.785053968429565, 5.795082092285156, 5.805124282836914, 5.815185785293579, 5.825289964675903, 5.83531641960144, 5.845541954040527, 5.855423212051392, 5.865473031997681, 5.875638484954834, 5.885644435882568, 5.895664930343628, 5.905761003494263, 5.915810585021973, 5.925845623016357, 5.935904026031494, 5.9460015296936035, 5.956032037734985, 5.966114521026611, 5.976291656494141], "set_target_data": [{"head": [[0.9888028032646103, 0.1066133223653317, 0.10441559150947752, -0.010450133976374683], [-0.09717729262786222, 0.9910390671117265, -0.09164137305735649, -0.002292485064192708], [-0.11325012164923728, 0.08046842208310422, 0.990302601730344, 0.00392756356036883], [0.0, 0.0, 0.0, 1.0]], "antennas": [-0.0, -0.0], "body_yaw": -0.13710549839812095, "check_collision": false}, {"head": [[0.9888008610982331, 0.10665985256681029, 0.1043864595712443, -0.010512021598167269], [-0.09725398097360577, 0.991053904614406, -0.09139924142642236, -0.002009356489675718], [-0.113201237962216, 0.08022364987312788, 0.9903280495496709, 0.003874485634738578], [0.0, 0.0, 0.0, 1.0]], "antennas": [-0.0, -0.0], "body_yaw": -0.13710549839812095, "check_collision": false}, {"head": [[0.9888007151099484, 0.1065050110923724, 0.10454581966902436, -0.010465996852481837], [-0.09709120770352364, 0.9910741833230665, -0.09135239754482587, -0.0021451554311951683], [-0.11334215096214541, 0.08017883612731173, 0.9903155613502919, 0.0039010058011686444], [0.0, 0.0, 0.0, 1.0]], "antennas": [-0.0, -0.0], "body_yaw": -0.13710549839812095, "check_collision": false}, {"head": [[0.9887865051254905, 0.10643919856968061, 0.1047470490732891, -0.010465288274530953], [-0.09703360689492783, 0.9910996549999369, -0.09113700122324689, -0.0019192191814021682], [-0.11351531356904473, 0.07995105294397062, 0.9903141434506888, 0.003809730485016982], [0.0, 0.0, 0.0, 1.0]], "antennas": [-0.0, -0.0], "body_yaw": -0.13710549839812095, "check_collision": false}, {"head": [[0.9887620118818541, 0.1062393386976878, 0.10518025847290147, -0.01039734982231819], [-0.09679702129065988, 0.9911218303351581, -0.09114743058551764, -0.0020416196029401064], [-0.1139298930421859, 0.0799419811248395, 0.9902672665120422, 0.0038198093619374873], [0.0, 0.0, 0.0, 1.0]], "antennas": [-0.0, -0.0], "body_yaw": -0.13710549839812095, "check_collision": false}, {"head": [[0.9887019890344743, 0.10487995742493669, 0.1070914161350853, -0.010266886143994902], [-0.09524218314696947, 0.99124296843554, -0.09146750284389737, -0.0026506942563588555], [-0.11574672102774086, 0.08023448172477166, 0.990032890622167, 0.003986766244927942], [0.0, 0.0, 0.0, 1.0]], "antennas": [-0.0, -0.0], "body_yaw": -0.13710549839812095, "check_collision": false}, {"head": [[0.9884952699502849, 0.10486369320696177, 0.10899865656470123, -0.010175563266399523], [-0.0950948549155191, 0.9912755745297632, -0.09126721157833297, -0.0027906861662796495], [-0.11761832278395173, 0.07985199551472726, 0.9898432143313436, 0.003975927156111281], [0.0, 0.0, 0.0, 1.0]], "antennas": [-0.0, -0.0], "body_yaw": -0.13710549839812095, "check_collision": false}, {"head": [[0.9883250592357422, 0.10485752604696015, 0.1105372177955353, -0.01028786069180257], [-0.09499737753770336, 0.9913101858208656, -0.09099238291615248, -0.002572178997494674], [-0.11911790607471903, 0.07942930642471795, 0.9896978881119544, 0.003908835966583424], [0.0, 0.0, 0.0, 1.0]], "antennas": [-0.0, -0.0], "body_yaw": -0.13710549839812095, "check_collision": false}, {"head": [[0.9881315251187701, 0.10468970572893095, 0.11241065154531825, -0.010239495000184739], [-0.0946747543017444, 0.9913383561877259, -0.09102172514801853, -0.002703424745077675], [-0.12096602814161277, 0.07929898527350106, 0.9894841539763208, 0.003904046037120079], [0.0, 0.0, 0.0, 1.0]], "antennas": [-0.0, -0.0], "body_yaw": -0.13710549839812095, "check_collision": false}, {"head": [[0.9879836911660896, 0.10465473435554687, 0.11373483444749591, -0.010352140664067713], [-0.09457365280102653, 0.9913779591118915, -0.09069490825295634, -0.0023828936543026603], [-0.12224585958510115, 0.07884877148130592, 0.9893628358949962, 0.0038194473777580784], [0.0, 0.0, 0.0, 1.0]], "antennas": [-0.0, -0.0], "body_yaw": -0.13710549839812095, "check_collision": false}, {"head": [[0.9878340639001502, 0.10473126913920293, 0.11495748545878075, -0.010347799342610934], [-0.09458393697871444, 0.9913998120144444, -0.09044496449958324, -0.0025226562718235175], [-0.12344124539277997, 0.07847148528106333, 0.9892444010120367, 0.0038290451426718497], [0.0, 0.0, 0.0, 1.0]], "antennas": [-0.0, -0.0], "body_yaw": -0.13710549839812095, "check_collision": false}, {"head": [[0.9876658431013581, 0.10484883786208345, 0.11628801988964703, -0.010418218959467106], [-0.09468188967237491, 0.9914522928820497, -0.08976464062756215, -0.002214106651470325], [-0.12470574220521134, 0.07764709999670105, 0.9891508508428584, 0.0037266522844743855], [0.0, 0.0, 0.0, 1.0]], "antennas": [-0.0, -0.0], "body_yaw": -0.13710549839812095, "check_collision": false}, {"head": [[0.9874765204129207, 0.10473571011648472, 0.11798539172112228, -0.010403222571979967], [-0.09446874800332539, 0.9914967383378649, -0.08949789671305156, -0.002344181695780402], [-0.12635575682918132, 0.07723113939190276, 0.9889740005805783, 0.00371063717456932], [0.0, 0.0, 0.0, 1.0]], "antennas": [-0.0, -0.0], "body_yaw": -0.13710549839812095, "check_collision": false}, {"head": [[0.9871662656305806, 0.10531598829987432, 0.12004710162846514, -0.010441535238670842], [-0.0948890059152071, 0.9914558795059907, -0.08950595259214184, -0.0020939636812090977], [-0.12844781258315804, 0.07696610683556554, 0.9887251275461642, 0.0034962651669853684], [0.0, 0.0, 0.0, 1.0]], "antennas": [-0.0, -0.0], "body_yaw": -0.13710549839812095, "check_collision": false}, {"head": [[0.9868327170094001, 0.10524838891790399, 0.12281679555350244, -0.010446534910736348], [-0.0946948150873586, 0.9915354193669933, -0.08882794682019696, -0.002232148261078288], [-0.13112620117816332, 0.07602821036238064, 0.9884460686318083, 0.0034089057963042624], [0.0, 0.0, 0.0, 1.0]], "antennas": [-0.0, -0.0], "body_yaw": -0.13710549839812095, "check_collision": false}, {"head": [[0.9863584611323554, 0.10487770503245984, 0.12687652714248046, -0.010523053657329334], [-0.09426463081932067, 0.9917421498984454, -0.08695796393262077, -0.0021170037362269337], [-0.1349487514914807, 0.07381175449705922, 0.9880995189599866, 0.0032434801424838233], [0.0, 0.0, 0.0, 1.0]], "antennas": [-0.0, -0.0], "body_yaw": -0.13710549839812095, "check_collision": false}, {"head": [[0.9855807239748152, 0.10480631234884627, 0.13283927665082756, -0.0105354314782906], [-0.09385493328862107, 0.9918474863158022, -0.08619637687520874, -0.002239519079948806], [-0.14079022702825478, 0.07248586607650216, 0.9873823530894563, 0.00307896248452022], [0.0, 0.0, 0.0, 1.0]], "antennas": [-0.0, -0.0], "body_yaw": -0.13710549839812095, "check_collision": false}, {"head": [[0.9847634221346359, 0.10513235591371288, 0.13852144298162924, -0.010587819602531683], [-0.09378798301174081, 0.9918673989889284, -0.08603997364903523, -0.0019477883970374808], [-0.14644048848685867, 0.071737372149875, 0.9866148857425373, 0.0028420591528456884], [0.0, 0.0, 0.0, 1.0]], "antennas": [-0.0, -0.0], "body_yaw": -0.13710549839812095, "check_collision": false}, {"head": [[0.9839582985652906, 0.10530652446577261, 0.14400209230923794, -0.010593970328204576], [-0.09337539362861207, 0.9917998179159296, -0.08725913732458432, -0.0020558053833588533], [-0.15201020541134863, 0.07241310024345421, 0.9857226995275756, 0.002686280922148787], [0.0, 0.0, 0.0, 1.0]], "antennas": [-0.0, -0.0], "body_yaw": -0.13710549839812095, "check_collision": false}, {"head": [[0.9833542341424887, 0.1063023935037064, 0.14735756285112275, -0.010629049906733402], [-0.09364741028646856, 0.99149957117931, -0.09032587059022508, -0.0016786307319811662], [-0.1557068166159634, 0.07502267315037116, 0.9849502453285116, 0.002502829092050129], [0.0, 0.0, 0.0, 1.0]], "antennas": [-0.0, -0.0], "body_yaw": -0.13710549839812095, "check_collision": false}, {"head": [[0.9828394215219594, 0.10734498191758798, 0.15001242068406423, -0.010667242873776822], [-0.09405982003435331, 0.9912103898425811, -0.09303071172050159, -0.0017868251137897707], [-0.15868025005489822, 0.07732410959869318, 0.9842974958401977, 0.0024347366586152104], [0.0, 0.0, 0.0, 1.0]], "antennas": [-0.0, -0.0], "body_yaw": -0.13710549839812095, "check_collision": false}, {"head": [[0.9822429616998168, 0.10852680254436545, 0.1530382217639385, -0.010727091374147412], [-0.09480904966775874, 0.9910219004912363, -0.09427002093897377, -0.0016420235144542277], [-0.16189505332859483, 0.07808665619831862, 0.983713609660605, 0.002349931775986635], [0.0, 0.0, 0.0, 1.0]], "antennas": [-0.0, -0.0], "body_yaw": -0.13710549839812095, "check_collision": false}, {"head": [[0.9816152425744064, 0.1098200656443809, 0.15611235930397463, -0.010764640804133346], [-0.0955430398021225, 0.9907650571425592, -0.09620877865699909, -0.001757721969560728], [-0.1652363249741395, 0.07952455424059462, 0.9830426248041717, 0.0022564636552591106], [0.0, 0.0, 0.0, 1.0]], "antennas": [-0.0, -0.0], "body_yaw": -0.13710549839812095, "check_collision": false}, {"head": [[0.9807253594005485, 0.11108567499662254, 0.1607412275653335, -0.010847256711694793], [-0.09613705453881961, 0.9905336079742555, -0.0979838671318125, -0.0015988370617913963], [-0.17010419210961736, 0.0806420751472171, 0.9821208782745053, 0.002052691583672272], [0.0, 0.0, 0.0, 1.0]], "antennas": [-0.0, -0.0], "body_yaw": -0.13710549839812095, "check_collision": false}, {"head": [[0.9795629784621468, 0.112696300454669, 0.1666010656934669, -0.010886718950411142], [-0.09682063128589727, 0.990210184552752, -0.10054628668133558, -0.0016940704651725548], [-0.17630126654045408, 0.08236099970153327, 0.980884564637652, 0.0018653119973218164], [0.0, 0.0, 0.0, 1.0]], "antennas": [-0.0, -0.0], "body_yaw": -0.13710549839812095, "check_collision": false}, {"head": [[0.9777365220646601, 0.11943594301674243, 0.17252926979676034, -0.011416784576588707], [-0.1027657022421112, 0.9894052912261359, -0.10254940339373181, 0.001062499071500008], [-0.182949457128431, 0.08253620544601048, 0.9796516069128789, 0.0010151994265546465], [0.0, 0.0, 0.0, 1.0]], "antennas": [-0.0, -0.0], "body_yaw": -0.13710549839812095, "check_collision": false}, {"head": [[0.9762147376680096, 0.12132892167361661, 0.17967770792532042, -0.011493131899522238], [-0.10344946076195274, 0.9889947434297959, -0.10577148262312254, 0.0010973778858801879], [-0.19053344858013918, 0.08466811816586996, 0.9780226555343234, 0.0007785735685973954], [0.0, 0.0, 0.0, 1.0]], "antennas": [-0.0, -0.0], "body_yaw": -0.13710549839812095, "check_collision": false}, {"head": [[0.9743754313365209, 0.12601640899512698, 0.18631259611669249, -0.011711080732255984], [-0.10689988581986583, 0.9882381393303558, -0.10935170041922586, 0.0019953263598824567], [-0.19790132192451, 0.086632815011688, 0.9763861030062249, 0.0002941229776184933], [0.0, 0.0, 0.0, 1.0]], "antennas": [-0.0, -0.0], "body_yaw": -0.13710549839812095, "check_collision": false}, {"head": [[0.973007171356118, 0.12713660885082337, 0.19259628028463638, -0.011769805897848824], [-0.10682817137063785, 0.9879003457156638, -0.11243063966943034, 0.0020305700828740095], [-0.2045599821352434, 0.08882111024291686, 0.9748158924043269, 6.909323834403054e-05], [0.0, 0.0, 0.0, 1.0]], "antennas": [-0.0, -0.0], "body_yaw": -0.13710549839812095, "check_collision": false}, {"head": [[0.9714425112385603, 0.12934814438233255, 0.19891833727277902, -0.011772409170315794], [-0.10792465085207512, 0.9874792339425372, -0.11505230232688862, 0.002717895665538559], [-0.21130952912014522, 0.09029850539797074, 0.9732391601378951, -0.00041927757177556783], [0.0, 0.0, 0.0, 1.0]], "antennas": [-0.0, -0.0], "body_yaw": -0.13710549839812095, "check_collision": false}, {"head": [[0.9701765540982322, 0.13043910183470292, 0.20431126887823878, -0.011848593880300774], [-0.10793790350843185, 0.9871663790016917, -0.11769430383367305, 0.002747313414949079], [-0.21704115477089694, 0.09213132410447866, 0.9718049990890514, -0.000584848589926524], [0.0, 0.0, 0.0, 1.0]], "antennas": [-0.0, -0.0], "body_yaw": -0.13710549839812095, "check_collision": false}, {"head": [[0.9687136269047769, 0.13236940914744474, 0.2099339147706949, -0.01186278698595853], [-0.10865672725399927, 0.9867159101281144, -0.12077014665262707, 0.00322336994311091], [-0.2231314067347827, 0.09418095466708444, 0.9702279748113605, -0.0009209542642978361], [0.0, 0.0, 0.0, 1.0]], "antennas": [-0.0, -0.0], "body_yaw": -0.13710549839812095, "check_collision": false}, {"head": [[0.967392610120635, 0.13318923938616517, 0.21543482632972583, -0.01190947815486344], [-0.10817632366241653, 0.9863622247641108, -0.12404613882454023, 0.0032854232412679813], [-0.22901838546908948, 0.09669637051165773, 0.9686074494071388, -0.001083661207984755], [0.0, 0.0, 0.0, 1.0]], "antennas": [-0.0, -0.0], "body_yaw": -0.13710549839812095, "check_collision": false}, {"head": [[0.9658719925081449, 0.1349051089335671, 0.22111514120921, -0.011831761336623763], [-0.108489509184287, 0.9858753329467668, -0.1275925322425057, 0.003445991214241503], [-0.23520484792048607, 0.09924938020322717, 0.9668651612525796, -0.0013850858186733603], [0.0, 0.0, 0.0, 1.0]], "antennas": [-0.0, -0.0], "body_yaw": -0.13710549839812095, "check_collision": false}, {"head": [[0.9639229001046904, 0.1366321701679282, 0.22843881616083894, -0.011809221567233415], [-0.10869082831311602, 0.9854368001543757, -0.13076932645736847, 0.0035849625342467455], [-0.24297931289385932, 0.10122234425613441, 0.9647357620244628, -0.0016163739571068989], [0.0, 0.0, 0.0, 1.0]], "antennas": [-0.0, -0.0], "body_yaw": -0.13710549839812095, "check_collision": false}, {"head": [[0.9617991297211154, 0.13836676470673098, 0.23621403957491083, -0.011713933349866944], [-0.10872820532705997, 0.984964563918302, -0.13424971207263822, 0.003884230768492986], [-0.25123815680358363, 0.10343812764073858, 0.962382430386235, -0.0020739914769640775], [0.0, 0.0, 0.0, 1.0]], "antennas": [-0.0, -0.0], "body_yaw": -0.13710549839812095, "check_collision": false}, {"head": [[0.9595481365024308, 0.13979511696051208, 0.24438637238747504, -0.011679965352649504], [-0.10827971387493379, 0.9844940951821632, -0.1380104348033748, 0.00398159050718024], [-0.2598901254335673, 0.10596556905641966, 0.9598064496952884, -0.002352756583327232], [0.0, 0.0, 0.0, 1.0]], "antennas": [-0.0, -0.0], "body_yaw": -0.13710549839812095, "check_collision": false}, {"head": [[0.9574807660477247, 0.14161573160544086, 0.25134750289294183, -0.011640232410102577], [-0.10845712122558039, 0.9840131039170517, -0.14126310266658063, 0.00423149975735448], [-0.26733431411646624, 0.10799627716446933, 0.9575328551096788, -0.002728173493480702], [0.0, 0.0, 0.0, 1.0]], "antennas": [-0.0, -0.0], "body_yaw": -0.13710549839812095, "check_collision": false}, {"head": [[0.9558998624780487, 0.14282091207935566, 0.2566274342062213, -0.011616096127002696], [-0.10863612042561971, 0.9837654793438019, -0.1428414330309312, 0.004317801512856298], [-0.27286195457285306, 0.1086630973434897, 0.9558967962193416, -0.002925317822434604], [0.0, 0.0, 0.0, 1.0]], "antennas": [-0.0, -0.0], "body_yaw": -0.13710549839812095, "check_collision": false}, {"head": [[0.9546607280431058, 0.1436853285714954, 0.260724798754373, -0.01173745868656879], [-0.108833699327255, 0.9836361405803905, -0.14357983436004645, 0.004339978812623547], [-0.27708865047661474, 0.108694384847678, 0.9546765999434745, -0.0030986765633875266], [0.0, 0.0, 0.0, 1.0]], "antennas": [-0.0, -0.0], "body_yaw": -0.13710549839812095, "check_collision": false}, {"head": [[0.954125761963198, 0.1438200890091155, 0.26260200371580683, -0.011814195419401489], [-0.10863657748955238, 0.9835999717548294, -0.14397635081934484, 0.00438561002546932], [-0.279002015027675, 0.10884336250460415, 0.9541021947617498, -0.0031846748423020052], [0.0, 0.0, 0.0, 1.0]], "antennas": [-0.0, -0.0], "body_yaw": -0.13710549839812095, "check_collision": false}, {"head": [[0.9534927919817773, 0.14456239763379203, 0.2644866893232327, -0.011841547616939754], [-0.10884599949330302, 0.9834098988016244, -0.14511209230550748, 0.004512041190489128], [-0.2810765803710773, 0.10957501599063374, 0.9534092887304766, -0.0032516972610882053], [0.0, 0.0, 0.0, 1.0]], "antennas": [-0.0, -0.0], "body_yaw": -0.13710549839812095, "check_collision": false}, {"head": [[0.9533693518739315, 0.1446856981905367, 0.2648639795189158, -0.011904802135295905], [-0.1088735468993999, 0.9833793856041394, -0.14529808930047636, 0.004538285523529557], [-0.2814843329441692, 0.10968606432880139, 0.9532762126472232, -0.0033287399775168156], [0.0, 0.0, 0.0, 1.0]], "antennas": [-0.0, -0.0], "body_yaw": -0.13710549839812095, "check_collision": false}, {"head": [[0.9529024868904397, 0.14542643559790916, 0.26613530826875037, -0.011847031434292651], [-0.10944584576688107, 0.9832953228242733, -0.145436979328781, 0.004523188214918985], [-0.2828399853669698, 0.10945985538632588, 0.9529008777078637, -0.003370919410898344], [0.0, 0.0, 0.0, 1.0]], "antennas": [-0.0, -0.0], "body_yaw": -0.13710549839812095, "check_collision": false}, {"head": [[0.952388577893756, 0.1459693994289427, 0.26767317969468507, -0.011872516012390692], [-0.10983040710356004, 0.9832555289662095, -0.14541611476327534, 0.004539527398191194], [-0.2844174368300503, 0.10909399244565936, 0.9524732135022439, -0.0034783399762650666], [0.0, 0.0, 0.0, 1.0]], "antennas": [-0.0, -0.0], "body_yaw": -0.13710549839812095, "check_collision": false}, {"head": [[0.951740723105551, 0.1467453822328527, 0.2695466356233304, -0.011878805949841711], [-0.11038467725259714, 0.9831807173449092, -0.1455022338969038, 0.00452838552459846], [-0.286364835498988, 0.10872658292470755, 0.9519315685253609, -0.0036171686499983377], [0.0, 0.0, 0.0, 1.0]], "antennas": [-0.0, -0.0], "body_yaw": -0.13710549839812095, "check_collision": false}, {"head": [[0.9510861212702979, 0.14696190586399438, 0.27173035927522426, -0.011877134972271424], [-0.11048218973125344, 0.9832336910567988, -0.14506961957284778, 0.004539242095952765], [-0.2884941518977592, 0.10795233668451051, 0.9513765906964217, -0.0037347771366466062], [0.0, 0.0, 0.0, 1.0]], "antennas": [-0.0, -0.0], "body_yaw": -0.13710549839812095, "check_collision": false}, {"head": [[0.9504724018170458, 0.1476235639156186, 0.27351324787108067, -0.011937792946942277], [-0.11089208045911308, 0.9831558830359608, -0.14528405329983582, 0.004626266086955373], [-0.2903535084609544, 0.10775802999605746, 0.9508328176371401, -0.0038025612100796033], [0.0, 0.0, 0.0, 1.0]], "antennas": [-0.0, -0.0], "body_yaw": -0.13710549839812095, "check_collision": false}, {"head": [[0.9497344020545495, 0.1484695100368488, 0.27561090352797235, -0.012027537897207594], [-0.11131880853762015, 0.9830099345794113, -0.14594379529101625, 0.004682166471704166], [-0.2925964600261799, 0.10792716575357407, 0.9501258013929252, -0.0038800688224721056], [0.0, 0.0, 0.0, 1.0]], "antennas": [-0.006366020269725411, 0.005543103492890927], "body_yaw": -0.13710549839812095, "check_collision": false}, {"head": [[0.949166921890051, 0.1496433315717255, 0.2769278384451092, -0.012148617728815224], [-0.11232169230415052, 0.9828680966311976, -0.14613056512071196, 0.0044459196182995995], [-0.2940510020858586, 0.10759729522939475, 0.9497140781475343, -0.003957359349660961], [0.0, 0.0, 0.0, 1.0]], "antennas": [-0.014785337739901915, 0.01478214194659382], "body_yaw": -0.13710549839812095, "check_collision": false}, {"head": [[0.9487156694438832, 0.15070744502180203, 0.277895384212558, -0.012286111148649356], [-0.11329825386673212, 0.9827501566041401, -0.14616988528861788, 0.00449569743075342], [-0.2951306223054365, 0.10718859878521927, 0.9494253630844645, -0.004002431509602001], [0.0, 0.0, 0.0, 1.0]], "antennas": [-0.026489930730800165, 0.02484249928047715], "body_yaw": -0.13710549839812095, "check_collision": false}, {"head": [[0.9485755203116518, 0.1519697930691757, 0.277686269484091, -0.012380630035448946], [-0.11471854884665163, 0.982627583149653, -0.14588587109103612, 0.0044153446951810905], [-0.29503243349841674, 0.10652800020644299, 0.9495302250881846, -0.003950506532382604], [0.0, 0.0, 0.0, 1.0]], "antennas": [-0.04024782092214951, 0.036134834934631134], "body_yaw": -0.13710549839812095, "check_collision": false}, {"head": [[0.9485229473707179, 0.15229946228801172, 0.277685239251115, -0.012502098020849998], [-0.11523699434470887, 0.9826512457044115, -0.14531677277577412, 0.004487151514191484], [-0.2949994126190152, 0.10583668127048831, 0.9496177880874417, -0.00398044959733579], [0.0, 0.0, 0.0, 1.0]], "antennas": [-0.057701646074310824, 0.048659148909055774], "body_yaw": -0.13710549839812095, "check_collision": false}, {"head": [[0.9484180815111718, 0.15243275773714582, 0.2779701369415725, -0.012626907165223702], [-0.11531803149993104, 0.982630240131417, -0.14539450742808122, 0.004471890766794612], [-0.29530474813935664, 0.10583981078933422, 0.9495225327386542, -0.003912713077906972], [0.0, 0.0, 0.0, 1.0]], "antennas": [-0.07761942786701344, 0.06200478176366086], "body_yaw": -0.13710549839812095, "check_collision": false}, {"head": [[0.9483614069019752, 0.1521856933750787, 0.2782986824094798, -0.012677093475654586], [-0.11510982628979376, 0.982695360178544, -0.14511911305922134, 0.004518447288187138], [-0.29556787679049207, 0.10559045324037628, 0.9494684230631645, -0.003967401813888106], [0.0, 0.0, 0.0, 1.0]], "antennas": [-0.09959050686016716, 0.07535041461826593], "body_yaw": -0.13710549839812095, "check_collision": false}, {"head": [[0.9486042522500373, 0.15165551615153863, 0.277759926976442, -0.012723357622227097], [-0.1147884838581166, 0.9828116478327399, -0.14458516126439055, 0.004447660504647048], [-0.294912828793023, 0.10527045789349129, 0.9497076150627582, -0.004018457229864326], [0.0, 0.0, 0.0, 1.0]], "antennas": [-0.12238290473350132, 0.08951736635305145], "body_yaw": -0.13710549839812095, "check_collision": false}, {"head": [[0.9492173503349134, 0.14991652196761734, 0.2766070466642148, -0.01269408894233123], [-0.11331550298511639, 0.9830754508845424, -0.14395226518323204, 0.004392971017822198], [-0.2935064200428949, 0.10529812110995328, 0.9501401407604655, -0.004110415956599668], [0.0, 0.0, 0.0, 1.0]], "antennas": [-0.14640728092710611, 0.10368431808783697], "body_yaw": -0.13710549839812095, "check_collision": false}, {"head": [[0.9507393513720453, 0.1462603284512405, 0.2733177675783225, -0.012595690469496833], [-0.11018673900991219, 0.9835630788181281, -0.14304737862738534, 0.0041349551134292955], [-0.2897474215571627, 0.10588477844874726, 0.9512280722275998, -0.004193814212489101], [0.0, 0.0, 0.0, 1.0]], "antennas": [-0.17084231656080115, 0.1182619292627127], "body_yaw": -0.13710549839812095, "check_collision": false}, {"head": [[0.9524502805173174, 0.1419535016961695, 0.2696065030719378, -0.01251430424924577], [-0.106375740001096, 0.9840846549090623, -0.1423432257317881, 0.003961190525942849], [-0.28552174187214263, 0.10689525400459625, 0.9523921144096008, -0.004319065531585732], [0.0, 0.0, 0.0, 1.0]], "antennas": [-0.19527735219449618, 0.13283954043758844], "body_yaw": -0.13710549839812095, "check_collision": false}, {"head": [[0.9542914469626717, 0.13745030436648545, 0.2653963980227521, -0.012371849109548479], [-0.10212475567681857, 0.9844889904270366, -0.14266030283826164, 0.003720649110844008], [-0.28088853399852526, 0.10903596451407638, 0.9535265019445682, -0.004434549781776099], [0.0, 0.0, 0.0, 1.0]], "antennas": [-0.2201230472682814, 0.14782781105255438], "body_yaw": -0.13710549839812095, "check_collision": false}, {"head": [[0.9566849170068901, 0.13167978612515963, 0.25964283833287616, -0.012256570222315834], [-0.09684464081881744, 0.9850135732084453, -0.14272132335360765, 0.003519473253397894], [-0.27454523327895186, 0.11139431996813398, 0.9551001101259715, -0.004545511223357835], [0.0, 0.0, 0.0, 1.0]], "antennas": [-0.24496874234206667, 0.16281608166752035], "body_yaw": -0.13710549839812095, "check_collision": false}, {"head": [[0.9596417154527365, 0.12409003762185662, 0.2523676693357043, -0.012079835040134938], [-0.09045031724350912, 0.9858940121594605, -0.14082519979985894, 0.0033425717634352594], [-0.26628277840197956, 0.11231500056149153, 0.9573290043529415, -0.004547597446713293], [0.0, 0.0, 0.0, 1.0]], "antennas": [-0.2698144374158519, 0.17780435228248628], "body_yaw": -0.13710549839812095, "check_collision": false}, {"head": [[0.9630535640648967, 0.11537962841097102, 0.24334209272060953, -0.011765939262307942], [-0.08342451746719398, 0.9869415521601408, -0.1377923165677155, 0.0031852783326181177], [-0.25606284897904524, 0.11240068490662293, 0.9601030691572944, -0.004522217328736978], [0.0, 0.0, 0.0, 1.0]], "antennas": [-0.2946601324896371, 0.19320328233754247], "body_yaw": -0.13710549839812095, "check_collision": false}, {"head": [[0.9666122270942056, 0.1066835978464353, 0.2329794248051095, -0.011512810524055138], [-0.07640112992305406, 0.9878460552729271, -0.13536261828214358, 0.0030918380584409556], [-0.24458877688573574, 0.11304327061907209, 0.9630148229333143, -0.004497895908086414], [0.0, 0.0, 0.0, 1.0]], "antennas": [-0.3195058275634224, 0.21106616903313993], "body_yaw": -0.13710549839812095, "check_collision": false}, {"head": [[0.9698579262533161, 0.0974510729001888, 0.22333582622190054, -0.011084695227559362], [-0.06880391823511932, 0.9887711895853944, -0.1326557781680792, 0.003000903597510116], [-0.23375547847935432, 0.11329087799326876, 0.9656725911220646, -0.004480747117000473], [0.0, 0.0, 0.0, 1.0]], "antennas": [-0.34435152263720764, 0.2305716934890983], "body_yaw": -0.13710549839812095, "check_collision": false}, {"head": [[0.9729616396520786, 0.08710096100552575, 0.213913698386644, -0.01058653103774261], [-0.06001089479215715, 0.9896925225170362, -0.1300284714211077, 0.002845583156438216], [-0.22303439257608423, 0.1136755623068523, 0.968159866066776, -0.004407739216938101], [0.0, 0.0, 0.0, 1.0]], "antennas": [-0.3691972177109929, 0.25130919626532733], "body_yaw": -0.13710549839812095, "check_collision": false}, {"head": [[0.9761031705759841, 0.07572765093054777, 0.20368584456474337, -0.010044292172947663], [-0.050183555125067655, 0.9905325038652015, -0.12777703072753058, 0.0027381205256868752], [-0.21143370399848976, 0.11450188501101677, 0.9706622003263562, -0.0044813079602901715], [0.0, 0.0, 0.0, 1.0]], "antennas": [-0.39404291278477815, 0.2736893368019172], "body_yaw": -0.13710549839812095, "check_collision": false}, {"head": [[0.9785084068810662, 0.06513451604112692, 0.1956496677307836, -0.00971109838296496], [-0.04090080307215166, 0.9912571188447896, -0.12544500248148505, 0.002338476746286536], [-0.20210992546416642, 0.11474676099836063, 0.9726174781841288, -0.004637970017253802], [0.0, 0.0, 0.0, 1.0]], "antennas": [-0.4192992672986536, 0.2968907962186875], "body_yaw": -0.13710549839812095, "check_collision": false}, {"head": [[0.980356569941199, 0.055356934616425865, 0.1893055877754272, -0.009338646559726924], [-0.0321918003340991, 0.9918441249130612, -0.12332444959006932, 0.0022814832372352713], [-0.19458849854083546, 0.11480784670621082, 0.9741429436023785, -0.00476650478768681], [0.0, 0.0, 0.0, 1.0]], "antennas": [-0.44455562181252906, 0.32173489339581873], "body_yaw": -0.13710549839812095, "check_collision": false}, {"head": [[0.9816052204478846, 0.04812927910860672, 0.18475595709460987, -0.00911998384830729], [-0.02566013090186381, 0.9921819278875816, -0.12213345019027609, 0.002171682375077761], [-0.1891897166115503, 0.1151459702541399, 0.975165963650636, -0.004750120278092574], [0.0, 0.0, 0.0, 1.0]], "antennas": [-0.46981197632640453, 0.34698965001304016], "body_yaw": -0.13710549839812095, "check_collision": false}, {"head": [[0.9827792929760973, 0.04048611292263714, 0.1802934717559619, -0.00891738880593565], [-0.018586843406423043, 0.9924129624715711, -0.12153617227222996, 0.002168177516716693], [-0.18384610561441722, 0.1160921469299949, 0.9760754186391526, -0.004802269744250688], [0.0, 0.0, 0.0, 1.0]], "antennas": [-0.49506833084028, 0.37224440663026154], "body_yaw": -0.13710549839812095, "check_collision": false}, {"head": [[0.9841297399887662, 0.03275243199011863, 0.17440164296352434, -0.008556018888245403], [-0.01163996255436574, 0.9926172166018502, -0.12072933602620767, 0.0023579621903313834], [-0.17706825277665367, 0.11678330147897281, 0.9772453603646808, -0.004904120090874099], [0.0, 0.0, 0.0, 1.0]], "antennas": [-0.5203246853541554, 0.39749916324748297], "body_yaw": -0.13710549839812095, "check_collision": false}, {"head": [[0.9851831517103414, 0.025792727042877148, 0.16955498464442081, -0.00835855