{"description": "A last-resort movement when you\u2019re truly outraged by what was just said.", "time": [0.0, 0.01021432876586914, 0.020236492156982422, 0.0303497314453125, 0.04028463363647461, 0.050505638122558594, 0.06046485900878906, 0.07047820091247559, 0.08050227165222168, 0.09058332443237305, 0.10058999061584473, 0.11067938804626465, 0.12097525596618652, 0.13105416297912598, 0.14110207557678223, 0.15105605125427246, 0.1610856056213379, 0.1710822582244873, 0.1811976432800293, 0.19139671325683594, 0.20126938819885254, 0.21164393424987793, 0.22147798538208008, 0.2313847541809082, 0.24146080017089844, 0.25164103507995605, 0.2616729736328125, 0.27167415618896484, 0.28194642066955566, 0.29192662239074707, 0.3018953800201416, 0.311978816986084, 0.32208776473999023, 0.33202052116394043, 0.3421742916107178, 0.35234737396240234, 0.36234045028686523, 0.3722968101501465, 0.382404088973999, 0.392561674118042, 0.40247225761413574, 0.4125635623931885, 0.4232289791107178, 0.432666540145874, 0.4429283142089844, 0.45328283309936523, 0.4629061222076416, 0.4728670120239258, 0.48305678367614746, 0.49300646781921387, 0.5030698776245117, 0.5131475925445557, 0.5232179164886475, 0.5332295894622803, 0.5433621406555176, 0.5534241199493408, 0.563401460647583, 0.5734362602233887, 0.5835683345794678, 0.5936055183410645, 0.6037008762359619, 0.6137509346008301, 0.6238126754760742, 0.6338143348693848, 0.6438648700714111, 0.6540267467498779, 0.6640419960021973, 0.6741366386413574, 0.6842787265777588, 0.6942367553710938, 0.7042427062988281, 0.7142939567565918, 0.7244021892547607, 0.7343933582305908, 0.7445404529571533, 0.7546305656433105, 0.7646012306213379, 0.7746613025665283, 0.7848217487335205, 0.7947871685028076, 0.8048076629638672, 0.815222978591919, 0.8249998092651367, 0.8350033760070801, 0.8450968265533447, 0.8552577495574951, 0.8652307987213135, 0.8753170967102051, 0.8853874206542969, 0.8955783843994141, 0.905548095703125, 0.9155998229980469, 0.9256448745727539, 0.9356639385223389, 0.9457833766937256, 0.9558532238006592, 0.9659171104431152, 0.97593092918396, 0.9860553741455078, 0.9960434436798096, 1.0060710906982422, 1.0161752700805664, 1.0262203216552734, 1.0362341403961182, 1.046337366104126, 1.056403398513794, 1.0663905143737793, 1.0765061378479004, 1.0865569114685059, 1.0966122150421143, 1.106659173965454, 1.116788625717163, 1.126891851425171, 1.1368458271026611, 1.1469120979309082, 1.1570305824279785, 1.1669976711273193, 1.1771039962768555, 1.1871843338012695, 1.1972284317016602, 1.2072691917419434, 1.2173354625701904, 1.2273972034454346, 1.2373754978179932, 1.2474241256713867, 1.2576067447662354, 1.267629861831665, 1.2776679992675781, 1.2878916263580322, 1.2978243827819824, 1.3078515529632568, 1.3182127475738525, 1.328014612197876, 1.3380682468414307, 1.3481667041778564, 1.3581933975219727, 1.3682775497436523, 1.3784191608428955, 1.388418197631836, 1.3983509540557861, 1.4084129333496094, 1.4184839725494385, 1.4285428524017334, 1.4385666847229004, 1.448615312576294, 1.458733320236206, 1.4687769412994385, 1.478863000869751, 1.4889378547668457, 1.4988923072814941, 1.5090365409851074, 1.5191216468811035, 1.5291662216186523, 1.5392491817474365, 1.5492887496948242, 1.5595879554748535, 1.5693681240081787, 1.5801706314086914, 1.5895960330963135, 1.5995852947235107, 1.6096293926239014, 1.6197583675384521, 1.6297998428344727, 1.6398234367370605, 1.6500184535980225, 1.6600143909454346, 1.6699938774108887, 1.680103063583374, 1.6903197765350342, 1.7005963325500488, 1.7109477519989014, 1.720944881439209, 1.730799674987793, 1.7413418292999268, 1.7514419555664062, 1.761366844177246, 1.7712914943695068, 1.7816338539123535, 1.7914843559265137, 1.8014841079711914, 1.8115737438201904, 1.8216166496276855, 1.8315129280090332, 1.8415040969848633, 1.8516275882720947, 1.8615834712982178, 1.871638536453247, 1.8817970752716064, 1.891932725906372, 1.9019343852996826, 1.9122419357299805, 1.922203540802002, 1.9320242404937744, 1.9422967433929443, 1.9524650573730469, 1.962233304977417, 1.9721941947937012, 1.9823050498962402, 1.992410659790039, 2.0024561882019043, 2.0124926567077637, 2.0225884914398193, 2.032593250274658, 2.0426559448242188, 2.0526914596557617, 2.06276273727417, 2.072772741317749, 2.082871913909912, 2.0930135250091553, 2.103135585784912, 2.1134283542633057, 2.1232454776763916, 2.133197069168091, 2.1432974338531494, 2.1533093452453613, 2.1635468006134033, 2.173387289047241, 2.183464527130127, 2.193453550338745, 2.203524589538574, 2.21356463432312, 2.2236533164978027, 2.2336630821228027, 2.2437446117401123, 2.253868818283081, 2.2639389038085938, 2.2739269733428955, 2.284116744995117, 2.294238805770874, 2.3041670322418213, 2.3142144680023193, 2.324427604675293, 2.3343207836151123, 2.3444228172302246, 2.3544440269470215, 2.3645236492156982, 2.374774694442749, 2.384770631790161, 2.3948206901550293, 2.4047586917877197, 2.41540265083313, 2.4251034259796143, 2.4351301193237305, 2.445291757583618, 2.4552876949310303, 2.465337038040161, 2.4753916263580322, 2.4854109287261963, 2.495469093322754, 2.505491018295288, 2.51556134223938, 2.525634765625, 2.535663604736328, 2.545783758163452, 2.55584716796875, 2.56589412689209, 2.5759291648864746, 2.5860371589660645, 2.5960521697998047, 2.6062846183776855, 2.61624813079834, 2.6262381076812744, 2.63627290725708, 2.646347761154175, 2.6564176082611084, 2.666412115097046, 2.6764519214630127, 2.6866626739501953, 2.6966068744659424, 2.707561492919922, 2.716916084289551, 2.726900815963745, 2.736912965774536, 2.747036933898926, 2.7571091651916504, 2.767172336578369, 2.7771835327148438, 2.7872793674468994, 2.7972683906555176, 2.80733060836792, 2.817523956298828, 2.827416181564331, 2.837477207183838, 2.8475193977355957, 2.8576502799987793, 2.8676249980926514, 2.8776931762695312, 2.8877615928649902, 2.8977675437927246, 2.9079113006591797, 2.9180145263671875, 2.9282007217407227, 2.938037157058716, 2.9482932090759277, 2.9581809043884277, 2.968283176422119, 2.9782865047454834, 2.988389015197754, 2.998321056365967, 3.0083932876586914, 3.0185353755950928, 3.0285379886627197, 3.038562297821045, 3.0486950874328613, 3.0589606761932373, 3.0690104961395264, 3.0791304111480713, 3.089017629623413, 3.098989486694336, 3.109053611755371, 3.1192450523376465, 3.1294057369232178, 3.139545440673828, 3.14947247505188, 3.15936541557312, 3.1694185733795166, 3.17954158782959, 3.189552068710327, 3.1995885372161865, 3.2096354961395264, 3.2197864055633545, 3.2298192977905273, 3.2398946285247803, 3.249941825866699, 3.2601089477539062, 3.2700765132904053, 3.2801673412323, 3.290382146835327, 3.3004133701324463, 3.310349941253662, 3.3205039501190186, 3.330625534057617, 3.340637445449829, 3.350780963897705, 3.3608109951019287, 3.3709373474121094, 3.380878210067749, 3.3910598754882812, 3.401170015335083, 3.4111056327819824, 3.4212467670440674, 3.4312100410461426, 3.4412622451782227, 3.4513938426971436, 3.4613869190216064, 3.4714195728302, 3.4815516471862793, 3.491575241088867, 3.5015745162963867, 3.5117011070251465, 3.521735191345215, 3.5317511558532715, 3.5420730113983154, 3.5519444942474365, 3.562009811401367, 3.572031259536743, 3.582102060317993, 3.5921871662139893, 3.6022226810455322, 3.612325429916382, 3.6223957538604736, 3.632641315460205, 3.642416000366211, 3.652570962905884, 3.662604808807373, 3.67258620262146, 3.682697057723999, 3.692983388900757, 3.703017234802246, 3.713047742843628, 3.723109006881714, 3.7331695556640625, 3.7432174682617188, 3.7531344890594482, 3.7631735801696777, 3.773256540298462, 3.7832589149475098, 3.7933239936828613, 3.80338716506958, 3.8133935928344727, 3.8234784603118896, 3.833503484725952, 3.8435912132263184, 3.853731155395508, 3.863753318786621, 3.8738319873809814, 3.883937120437622, 3.893937587738037, 3.9039950370788574, 3.91402530670166, 3.924107551574707, 3.9341490268707275, 3.9441964626312256, 3.9543001651763916, 3.964279890060425, 3.9744324684143066, 3.984365224838257, 3.994504690170288, 4.004554033279419, 4.014620542526245, 4.024662256240845, 4.034776210784912, 4.045040845870972, 4.054899215698242, 4.064898729324341, 4.074981689453125, 4.085059881210327, 4.095127820968628, 4.105169057846069, 4.11524772644043, 4.125357389450073, 4.135392189025879, 4.145458936691284, 4.155508041381836, 4.165699005126953, 4.17585301399231, 4.1858906745910645, 4.19598126411438, 4.205780029296875, 4.215808629989624, 4.225956439971924, 4.235957860946655, 4.246070861816406, 4.256183862686157, 4.266156435012817, 4.276407241821289, 4.2864766120910645, 4.296473503112793, 4.306520462036133, 4.316528558731079, 4.326660633087158, 4.336646556854248, 4.347242832183838, 4.356804847717285, 4.366803407669067, 4.376914024353027, 4.386961460113525, 4.396953344345093, 4.407004356384277, 4.41767954826355, 4.42753791809082, 4.4379799365997314, 4.447693109512329, 4.457747220993042, 4.467712879180908, 4.477810859680176, 4.487858057022095, 4.497895002365112, 4.507942199707031, 4.518106937408447, 4.528038501739502, 4.538097143173218, 4.548220872879028, 4.558236598968506, 4.568290948867798, 4.578415870666504, 4.588451623916626, 4.598448038101196, 4.608490228652954, 4.61858057975769, 4.628676176071167, 4.638682126998901, 4.64881443977356, 4.658988952636719, 4.669005870819092, 4.679163217544556, 4.689140558242798, 4.6990509033203125, 4.709093809127808, 4.719203948974609, 4.729276657104492, 4.739534139633179, 4.749394416809082, 4.759396553039551, 4.769456148147583, 4.779599666595459, 4.789583683013916, 4.799710273742676, 4.809759140014648, 4.819831609725952, 4.829867362976074, 4.839882135391235, 4.8501036167144775, 4.8601462841033936, 4.870239734649658, 4.880213260650635, 4.890254020690918, 4.900306701660156, 4.9106457233428955, 4.920429468154907, 4.93039870262146, 4.940455436706543, 4.950577020645142, 4.960617780685425, 4.9706854820251465, 4.980718612670898, 4.9908223152160645, 5.000855207443237, 5.010970115661621, 5.0211021900177, 5.031024932861328, 5.041093826293945, 5.051301956176758, 5.061239957809448, 5.071300983428955, 5.081341028213501, 5.091436147689819, 5.101497173309326, 5.111499786376953, 5.121533393859863, 5.13168478012085, 5.141735315322876, 5.15185809135437, 5.161955833435059, 5.17184853553772, 5.182001352310181, 5.192055702209473, 5.20200777053833, 5.2121264934539795, 5.222221851348877, 5.232234954833984, 5.242255449295044, 5.252378225326538, 5.262423515319824, 5.272497653961182, 5.282607316970825, 5.292736530303955, 5.3026978969573975, 5.312829971313477, 5.322924375534058, 5.332897424697876, 5.343251466751099, 5.353802680969238, 5.3638365268707275, 5.373383283615112, 5.383458852767944, 5.393552541732788, 5.403634071350098, 5.413612604141235, 5.423670768737793, 5.433695316314697, 5.443845748901367, 5.453866481781006, 5.4639081954956055, 5.473981857299805, 5.484027862548828, 5.494127988815308, 5.504221677780151, 5.51427149772644, 5.52434515953064, 5.534385919570923, 5.544442415237427, 5.5545289516448975, 5.56452202796936, 5.574643135070801, 5.584704399108887, 5.594828367233276, 5.605023145675659, 5.615170478820801, 5.6252264976501465, 5.635199546813965, 5.645293712615967, 5.655298471450806, 5.6652867794036865, 5.675339937210083, 5.6854259967803955, 5.695532560348511, 5.7053797245025635, 5.715625524520874, 5.725651264190674], "set_target_data": [{"head": [[0.9989217386773054, -0.04449692173002451, -0.013243260718622678, -0.0032399674901467147], [0.043051916899194825, 0.9945969710916146, -0.09446373667546151, 0.0022668486824701296], [0.01737505249529233, 0.09379173232187463, 0.9954402134226082, 0.0022121444182158765], [0.0, 0.0, 0.0, 1.0]], "antennas": [-0.0, -0.0], "body_yaw": -0.13710549839812095, "check_collision": false}, {"head": [[0.9989715275745031, -0.04310501130732218, -0.014065741916441117, -0.00328725810031932], [0.04157559752903722, 0.9945901140096464, -0.09519440532081026, 0.0023434164704322627], [0.018093003774050764, 0.09451170887501094, 0.9953593221043132, 0.0022367724629693262], [0.0, 0.0, 0.0, 1.0]], "antennas": [-0.0, -0.0], "body_yaw": -0.13710549839812095, "check_collision": false}, {"head": [[0.9990445424069818, -0.04127138000226928, -0.014376212280463506, -0.003244582580093063], [0.03970992781309665, 0.9946101711114003, -0.09577958631582305, 0.0019536277115669715], [0.0182516826595061, 0.09511719463093847, 0.9952987467919555, 0.00225228843775188], [0.0, 0.0, 0.0, 1.0]], "antennas": [-0.0, -0.0], "body_yaw": -0.13710549839812095, "check_collision": false}, {"head": [[0.9991500701768794, -0.03848915894841599, -0.01475540270479231, -0.003331516598945653], [0.036893751640635485, 0.9946651763468264, -0.09633295413728366, 0.0020530190087038745], [0.018384459617191058, 0.09570669572386489, 0.9952397902205294, 0.002210266235269763], [0.0, 0.0, 0.0, 1.0]], "antennas": [-0.0, -0.0], "body_yaw": -0.13710549839812095, "check_collision": false}, {"head": [[0.9992901853350852, -0.034667216787879755, -0.014741423715260302, -0.0034257245501470197], [0.033091973082781716, 0.9948077897526271, -0.09624127370822212, 0.00214456267116119], [0.018001300243569673, 0.0956851374439867, 0.9952488671994888, 0.00214726978717089], [0.0, 0.0, 0.0, 1.0]], "antennas": [-0.0, -0.0], "body_yaw": -0.13710549839812095, "check_collision": false}, {"head": [[0.999473436057344, -0.029162065469297428, -0.01422759829663028, -0.003573251801873071], [0.027671912468438482, 0.9950363704614917, -0.09558706355548056, 0.002034984964066573], [0.01694449397488592, 0.09514302599972745, 0.995319390310241, 0.0020731279280618007], [0.0, 0.0, 0.0, 1.0]], "antennas": [-0.0, -0.0], "body_yaw": -0.13710549839812095, "check_collision": false}, {"head": [[0.9996501732193881, -0.022459351246192236, -0.013968132446642863, -0.0036890364631672994], [0.021028870894053378, 0.9952296442100073, -0.09526668816823078, 0.002075175722157477], [0.016041127496782402, 0.09493962727555785, 0.9953537810253245, 0.002010891017926618], [0.0, 0.0, 0.0, 1.0]], "antennas": [-0.0, -0.0], "body_yaw": -0.13710549839812095, "check_collision": false}, {"head": [[0.9997843914441122, -0.015085608403116943, -0.014268673513480717, -0.003847067942829404], [0.013669061772001452, 0.9954178361322468, -0.09463872494950973, 0.0022767302491431916], [0.015630974857625074, 0.094423280651032, 0.9954094216432237, 0.001983574008260601], [0.0, 0.0, 0.0, 1.0]], "antennas": [-0.0, -0.0], "body_yaw": -0.13710549839812095, "check_collision": false}, {"head": [[0.9998821284025369, -0.006643605505871926, -0.013841669230788107, -0.004051832426164786], [0.005326776637357988, 0.9956434970768877, -0.09308948479372182, 0.0023674063660831727], [0.014399817772037781, 0.0930047807071616, 0.9955615279899803, 0.002064455415616727], [0.0, 0.0, 0.0, 1.0]], "antennas": [-0.0, -0.0], "body_yaw": -0.13710549839812095, "check_collision": false}, {"head": [[0.9999123282801403, 0.0031761911221112847, -0.012854865356955373, -0.004281789024755487], [-0.004342680892141179, 0.9957718545202165, -0.09175813243543228, 0.0023853625360374204], [0.0125090717504802, 0.09180591242030721, 0.9956983466736383, 0.002045729299333664], [0.0, 0.0, 0.0, 1.0]], "antennas": [-0.0, -0.0], "body_yaw": -0.13710549839812095, "check_collision": false}, {"head": [[0.9998302446804193, 0.014443433831945563, -0.011439800760290135, -0.00457520601652563], [-0.015419260277437726, 0.9957869429297384, -0.09039143047403699, 0.002572047255003638], [0.01008604158178795, 0.09055247931331446, 0.9958406098645617, 0.0019502077761264212], [0.0, 0.0, 0.0, 1.0]], "antennas": [-0.0, -0.0], "body_yaw": -0.13710549839812095, "check_collision": false}, {"head": [[0.99960264433552, 0.026662763329125275, -0.009146064131158451, -0.00480811999763776], [-0.02736776608579581, 0.9957086833596367, -0.08840375140056139, 0.00258075746234591], [0.0067497271729585855, 0.08861893101292831, 0.9960427331441241, 0.001907278068958572], [0.0, 0.0, 0.0, 1.0]], "antennas": [-0.0, -0.0], "body_yaw": -0.13710549839812095, "check_collision": false}, {"head": [[0.9991775335875748, 0.04011305836806789, -0.005932867958305267, -0.0049653692353147615], [-0.04047611718386354, 0.995432060890256, -0.08646789051142306, 0.0027225575391067592], [0.002437275439677161, 0.0866369130344409, 0.9962369723054317, 0.0017580325675454187], [0.0, 0.0, 0.0, 1.0]], "antennas": [-0.0, -0.0], "body_yaw": -0.13710549839812095, "check_collision": false}, {"head": [[0.9984503733607942, 0.055615327535337426, -0.001946093221602208, -0.005116104047114035], [-0.055582926432940154, 0.9949400138490985, -0.08369532323317345, 0.002785207996856384], [-0.00271849679793634, 0.08367379628708237, 0.996489490958167, 0.0016438864692179798], [0.0, 0.0, 0.0, 1.0]], "antennas": [-0.0, -0.0], "body_yaw": -0.13710549839812095, "check_collision": false}, {"head": [[0.9974291551200516, 0.07159143652690449, 0.003121975738882295, -0.0052532063345275305], [-0.07110704225697169, 0.9941993551906616, -0.0806934364117534, 0.0029325352863043184], [-0.008880825297527515, 0.08026399164311886, 0.9967340781710777, 0.0014983490581783041], [0.0, 0.0, 0.0, 1.0]], "antennas": [-0.0, -0.0], "body_yaw": -0.13710549839812095, "check_collision": false}, {"head": [[0.9960852613208433, 0.08795285643932739, 0.008857043725247067, -0.005463484697111758], [-0.08699954640815534, 0.9931472338674716, -0.07803621458121497, 0.0030315489197698816], [-0.015659856454102512, 0.07696016440700519, 0.996911180592476, 0.0013644986460701878], [0.0, 0.0, 0.0, 1.0]], "antennas": [-0.0, -0.0], "body_yaw": -0.13710549839812095, "check_collision": false}, {"head": [[0.9947481165063244, 0.10170591715024839, 0.011493090260957399, -0.005690221150076582], [-0.10055109417823259, 0.9920316106124142, -0.07591285138433018, 0.0032499713826429923], [-0.019122295016025227, 0.07435852313195854, 0.9970482174252927, 0.001209341802566709], [0.0, 0.0, 0.0, 1.0]], "antennas": [-0.0, -0.0], "body_yaw": -0.13710549839812095, "check_collision": false}, {"head": [[0.9935023792977176, 0.11314230150447367, 0.012322416161016678, -0.005870066776456514], [-0.11192896436941653, 0.9909368686394209, -0.07426997580644147, 0.00319458375319672], [-0.020613812480092027, 0.07240816239465196, 0.9971620373608622, 0.0011851726122247262], [0.0, 0.0, 0.0, 1.0]], "antennas": [-0.0, -0.0], "body_yaw": -0.13710549839812095, "check_collision": false}, {"head": [[0.9928631690949302, 0.11883930490356578, 0.009997352890084812, -0.005948893616804344], [-0.11777845822085573, 0.9902536815694504, -0.07433626919120477, 0.003226922812199757], [-0.018733986065162602, 0.0726282709981894, 0.9971831185985468, 0.0011445274722852714], [0.0, 0.0, 0.0, 1.0]], "antennas": [-0.0, -0.0], "body_yaw": -0.13710549839812095, "check_collision": false}, {"head": [[0.992494365788956, 0.12206997834546944, 0.007338546444252332, -0.006028353489422458], [-0.12118170178165973, 0.9897862742225687, -0.07508745909875156, 0.00311977255990028], [-0.016429517049466724, 0.07363458255020136, 0.9971499482134965, 0.001162823590895644], [0.0, 0.0, 0.0, 1.0]], "antennas": [-0.0, -0.0], "body_yaw": -0.13710549839812095, "check_collision": false}, {"head": [[0.9923207914840304, 0.12359090951419736, 0.004973316193576526, -0.006075428519107081], [-0.12284619651362945, 0.9894379350045693, -0.07695053460521768, 0.0030541644912503575], [-0.014431174264159713, 0.07574866242612836, 0.997022507945538, 0.0011416027597846421], [0.0, 0.0, 0.0, 1.0]], "antennas": [-0.0, -0.0], "body_yaw": -0.13710549839812095, "check_collision": false}, {"head": [[0.9921280158445894, 0.12513752522775792, 0.004753941117713043, -0.005932762392954361], [-0.12437706729129992, 0.9890952404029416, -0.07887300263247755, 0.003172828507055919], [-0.014572072889396485, 0.07766083435116834, 0.9968733367382171, 0.0009165259178899863], [0.0, 0.0, 0.0, 1.0]], "antennas": [-0.0, -0.0], "body_yaw": -0.13710549839812095, "check_collision": false}, {"head": [[0.9918610692802283, 0.12725491850805748, 0.004219592609468203, -0.005960495597256647], [-0.12650909987640868, 0.9887103966743819, -0.08029445283733651, 0.003506367601278613], [-0.014389819135175917, 0.07910712498564247, 0.9967622564492312, 0.0006038173786603304], [0.0, 0.0, 0.0, 1.0]], "antennas": [-0.0, -0.0], "body_yaw": -0.13710549839812095, "check_collision": false}, {"head": [[0.9915927426026908, 0.12931976558256553, 0.004497893656372402, -0.0058815110915144166], [-0.12853511197131634, 0.9883928875772235, -0.0809828671836158, 0.0035196441953497313], [-0.014918371499426429, 0.07972388610967415, 0.9967053447109515, 0.0004564895999850091], [0.0, 0.0, 0.0, 1.0]], "antennas": [-0.0, -0.0], "body_yaw": -0.13710549839812095, "check_collision": false}, {"head": [[0.991226282130443, 0.13209696122359563, 0.004566229226837926, -0.005896841390622323], [-0.13127998896469015, 0.9879356310622859, -0.0821507965572733, 0.0036974429055468484], [-0.015363011140104799, 0.08083057412301085, 0.996609450173765, 0.00022343307672817306], [0.0, 0.0, 0.0, 1.0]], "antennas": [-0.0, -0.0], "body_yaw": -0.13710549839812095, "check_collision": false}, {"head": [[0.9908644848157412, 0.13478447000610164, 0.004551854128856868, -0.005840678850247565], [-0.13395693464188005, 0.987561281374699, -0.08233015966773054, 0.00375025643087129], [-0.015592061832457385, 0.08096827881792486, 0.996594714732662, 9.969181062580016e-05], [0.0, 0.0, 0.0, 1.0]], "antennas": [-0.0, -0.0], "body_yaw": -0.13710549839812095, "check_collision": false}, {"head": [[0.9905101066671357, 0.13736586090346756, 0.004510969796881684, -0.005860758594089185], [-0.1365231933412425, 0.9871578625442767, -0.08295041951023713, 0.003777437499302479], [-0.01584759509101903, 0.08154737687543245, 0.9965434657126436, 5.7212777369362844e-05], [0.0, 0.0, 0.0, 1.0]], "antennas": [-0.0, -0.0], "body_yaw": -0.13710549839812095, "check_collision": false}, {"head": [[0.9901632956947468, 0.13985446142226574, 0.004168630375253696, -0.00585400481041112], [-0.13902979859499184, 0.9868000265688849, -0.08304470281892803, 0.0038726867433228214], [-0.0157277767517695, 0.08164825279169213, 0.9965371041032595, -1.4597063682621252e-05], [0.0, 0.0, 0.0, 1.0]], "antennas": [-0.0, -0.0], "body_yaw": -0.13710549839812095, "check_collision": false}, {"head": [[0.9898398551098117, 0.1421374477869857, 0.0037426157682365555, -0.005845230754042575], [-0.14133694046429876, 0.986456661071766, -0.08322935231836126, 0.0037513273930161067], [-0.015521935973904888, 0.08185476017767421, 0.9965233904630022, -6.227844345119279e-05], [0.0, 0.0, 0.0, 1.0]], "antennas": [-0.0, -0.0], "body_yaw": -0.13710549839812095, "check_collision": false}, {"head": [[0.9897383247504679, 0.14283651576022371, 0.003972189020764385, -0.005858368048383366], [-0.14202158544923704, 0.9863942256950338, -0.08280278245312649, 0.0038166250036523693], [-0.015745405254307576, 0.08138895060740182, 0.9965580369112496, -0.00010264109951274723], [0.0, 0.0, 0.0, 1.0]], "antennas": [-0.0, -0.0], "body_yaw": -0.13710549839812095, "check_collision": false}, {"head": [[0.9896687798048951, 0.14330046495509738, 0.0045478591823694655, -0.0058271090626988604], [-0.14244675434720963, 0.9863820665777945, -0.08221521093851711, 0.004062243409589456], [-0.016267404692681304, 0.08071799971116761, 0.9966042223807765, -0.00012027089902933031], [0.0, 0.0, 0.0, 1.0]], "antennas": [-0.0, -0.0], "body_yaw": -0.13710549839812095, "check_collision": false}, {"head": [[0.9896535868586988, 0.14338926025618107, 0.005029717775116418, -0.005840208002888359], [-0.14250196928148703, 0.9864018218261881, -0.0818818334484237, 0.00415004228509923], [-0.01670229830323569, 0.0803179054829149, 0.9966293530145635, -0.0001494984106832923], [0.0, 0.0, 0.0, 1.0]], "antennas": [-0.0, -0.0], "body_yaw": -0.13710549839812095, "check_collision": false}, {"head": [[0.9895065919165589, 0.14437585767645258, 0.005684740439624194, -0.005907649622418288], [-0.14343538766240635, 0.9862790325689, -0.08173101908755645, 0.00430854562368147], [-0.01740672628073433, 0.08005798920247753, 0.9966382113109271, -0.0002983907718268634], [0.0, 0.0, 0.0, 1.0]], "antennas": [-0.0, -0.0], "body_yaw": -0.13710549839812095, "check_collision": false}, {"head": [[0.9894083478975996, 0.14499376623709972, 0.006923067450451654, -0.005933922873832289], [-0.1439595041834801, 0.9862346944451367, -0.08134364528317048, 0.004399452356745818], [-0.018622090800680842, 0.07948544033399427, 0.996662070367445, -0.00035455458510497286], [0.0, 0.0, 0.0, 1.0]], "antennas": [-0.0, -0.0], "body_yaw": -0.13710549839812095, "check_collision": false}, {"head": [[0.9893355781953993, 0.14541579829860993, 0.008328224417768298, -0.005937668437829672], [-0.1442751713426925, 0.9862153738713979, -0.08101796883244737, 0.004339017011441709], [-0.019994715572156502, 0.07895240303421226, 0.9966778463497178, -0.0005054057204244025], [0.0, 0.0, 0.0, 1.0]], "antennas": [-0.0, -0.0], "body_yaw": -0.13710549839812095, "check_collision": false}, {"head": [[0.9893560873742805, 0.14519640615073084, 0.009619564250403867, -0.005963999119459957], [-0.14395426468077857, 0.9862609283070194, -0.08103425803444725, 0.004443636810760359], [-0.021253283409205057, 0.07878695917402218, 0.9966648950416783, -0.0005675175840233486], [0.0, 0.0, 0.0, 1.0]], "antennas": [-0.0, -0.0], "body_yaw": -0.13710549839812095, "check_collision": false}, {"head": [[0.9893729043544118, 0.14499660107403503, 0.01082782555699574, -0.005922134023673312], [-0.1436622332735817, 0.9863117777037256, -0.0809335523362433, 0.0044480516201383675], [-0.022414701875389104, 0.07851791413361406, 0.9966606836330726, -0.0006613221083841562], [0.0, 0.0, 0.0, 1.0]], "antennas": [-0.0, -0.0], "body_yaw": -0.13710549839812095, "check_collision": false}, {"head": [[0.9893554370592723, 0.14504171362438684, 0.011777965450686073, -0.005947986554515578], [-0.14364131081375164, 0.9863451185122132, -0.0805635216139122, 0.004556587376406722], [-0.02330220995878686, 0.0780141557413106, 0.9966798876846101, -0.0007239788288564435], [0.0, 0.0, 0.0, 1.0]], "antennas": [-0.0, -0.0], "body_yaw": -0.13710549839812095, "check_collision": false}, {"head": [[0.9892917363976824, 0.14534780951320708, 0.013261770808249715, -0.006043440865606407], [-0.14383067313818187, 0.9863169377080796, -0.08057068855839145, 0.0046292807574560176], [-0.02479108226511228, 0.07780046696433313, 0.9966606692251159, -0.0008390030756081927], [0.0, 0.0, 0.0, 1.0]], "antennas": [-0.0, -0.0], "body_yaw": -0.13710549839812095, "check_collision": false}, {"head": [[0.9894293153476482, 0.14431035791096686, 0.014288125499591305, -0.006050012151466864], [-0.14270935572396737, 0.9864571377607187, -0.08084772816709124, 0.004745371383526233], [-0.02576178797237428, 0.07795406314322803, 0.9966240486361582, -0.0009485946665897542], [0.0, 0.0, 0.0, 1.0]], "antennas": [-0.0, -0.0], "body_yaw": -0.13710549839812095, "check_collision": false}, {"head": [[0.9896346598280914, 0.1428344738955431, 0.014884661028072569, -0.006129361406002665], [-0.141167462917052, 0.9866042606874025, -0.08175438952757189, 0.0048382079492344], [-0.026362615206006166, 0.07880574763585857, 0.9965413522072493, -0.0008898462860438842], [0.0, 0.0, 0.0, 1.0]], "antennas": [-0.0, -0.0], "body_yaw": -0.13710549839812095, "check_collision": false}, {"head": [[0.9898367836787726, 0.14143116681144471, 0.014844754319824932, -0.006208013353042215], [-0.1397507705287183, 0.9867401363534104, -0.08254468756911339, 0.004950744965380258], [-0.026322306378662792, 0.0796312021986753, 0.9964767974334884, -0.0009082166762693371], [0.0, 0.0, 0.0, 1.0]], "antennas": [-0.0, -0.0], "body_yaw": -0.13710549839812095, "check_collision": false}, {"head": [[0.9899651807013253, 0.14055322498981795, 0.014619574000427446, -0.006286842834436108], [-0.13887879045814686, 0.9868159761095613, -0.08310782668206325, 0.005082818205232726], [-0.026107902249596603, 0.08024350590481043, 0.9964333179898343, -0.0008866323147630489], [0.0, 0.0, 0.0, 1.0]], "antennas": [-0.0, -0.0], "body_yaw": -0.13710549839812095, "check_collision": false}, {"head": [[0.9901388147084472, 0.13943059176341996, 0.01357341844393831, -0.006383462777035175], [-0.13783036320071804, 0.9869177083414613, -0.08364345725755794, 0.0051961629136778025], [-0.02505830376761094, 0.08094780443311171, 0.9964032990560345, -0.0008826944281286625], [0.0, 0.0, 0.0, 1.0]], "antennas": [-0.0, -0.0], "body_yaw": -0.13710549839812095, "check_collision": false}, {"head": [[0.9903725192871232, 0.1377969422924969, 0.013201353556179038, -0.0063485393623032675], [-0.1362082681862854, 0.9870604157717292, -0.08461112984846787, 0.005170462997808072], [-0.02468968850694396, 0.08199840432215501, 0.9963265935274691, -0.0008225567904678893], [0.0, 0.0, 0.0, 1.0]], "antennas": [-0.0, -0.0], "body_yaw": -0.13710549839812095, "check_collision": false}, {"head": [[0.9908554585544186, 0.1343922808519955, 0.012007293629779255, -0.006351191953177942], [-0.13290208114606888, 0.9874703229131793, -0.08508465309787387, 0.005265809126425824], [-0.02329156671323555, 0.08271079864890783, 0.996301373434215, -0.0008301248404879463], [0.0, 0.0, 0.0, 1.0]], "antennas": [-0.0, -0.0], "body_yaw": -0.13710549839812095, "check_collision": false}, {"head": [[0.9915172118369385, 0.12957823626538814, 0.010153783405959606, -0.006274812916425124], [-0.12823939028961465, 0.9880095682181798, -0.08597529812378767, 0.005189392461024143], [-0.021172562651974404, 0.08394387288943443, 0.996245526361384, -0.0007620697920021085], [0.0, 0.0, 0.0, 1.0]], "antennas": [-0.0, -0.0], "body_yaw": -0.13710549839812095, "check_collision": false}, {"head": [[0.9923655823418301, 0.12305576879533871, 0.008235821121661121, -0.0062580381224338726], [-0.12187107473379087, 0.9886737996704834, -0.08758743624721119, 0.005281883850921087], [-0.018920679865972415, 0.08591504880587958, 0.9961227897513902, -0.000727671206967097], [0.0, 0.0, 0.0, 1.0]], "antennas": [-0.0, 0.004619252910742439], "body_yaw": -0.13710549839812095, "check_collision": false}, {"head": [[0.9929561395009935, 0.11831030519374214, 0.006385664589307916, -0.0062302125387223885], [-0.11726087225828258, 0.9890092619393014, -0.09005868994997109, 0.0052125917689646905], [-0.016970352515793034, 0.08867554050154915, 0.9959159882501374, -0.0007118817539266703], [0.0, 0.0, 0.0, 1.0]], "antennas": [-0.0, 0.012318451622161516], "body_yaw": -0.13710549839812095, "check_collision": false}, {"head": [[0.9935245018260245, 0.11352026441800393, 0.0047131558234941, -0.006239268340543582], [-0.11260270245033711, 0.9893316241997722, -0.09243142733465574, 0.005376120278848637], [-0.01515571417752767, 0.09130217371293724, 0.9957078976301543, -0.0006943206607170643], [0.0, 0.0, 0.0, 1.0]], "antennas": [-0.0, 0.02104429893380614], "body_yaw": -0.13710549839812095, "check_collision": false}, {"head": [[0.9941027751714067, 0.10837804153834596, 0.0037245816973581394, -0.006168018178814964], [-0.10754691722093385, 0.989719407498479, -0.09428231550579044, 0.0053219473965761665], [-0.013904423496906971, 0.09332574421440404, 0.9955385338971297, -0.000790044770268507], [0.0, 0.0, 0.0, 1.0]], "antennas": [-0.0, 0.03182344344590186], "body_yaw": -0.13710549839812095, "check_collision": false}, {"head": [[0.9948588064800611, 0.10125449314812313, 0.001866222490835053, -0.006086653183729595], [-0.10061628614053694, 0.9903456343695365, -0.09535138933694816, 0.005475021541972815], [-0.011502961894842772, 0.09467339701583209, 0.9954419268672224, -0.0008021147614501472], [0.0, 0.0, 0.0, 1.0]], "antennas": [-0.0, 0.044313668958373485], "body_yaw": -0.13710549839812095, "check_collision": false}, {"head": [[0.995611871727354, 0.09357852403016965, 0.0002464059446721763, -0.006030572369589839], [-0.09310881536456093, 0.9908712057921626, -0.0974935999611966, 0.005383102376688184], [-0.00936746374226826, 0.09704284297319764, 0.9952361213554884, -0.0007920719104899126], [0.0, 0.0, 0.0, 1.0]], "antennas": [-0.0, 0.05919940787137139], "body_yaw": -0.13710549839812095, "check_collision": false}, {"head": [[0.996394229636632, 0.08484353163473997, 0.00033806296299247144, -0.006056327764802669], [-0.0843793392990617, 0.9913435982850137, -0.1005882559684516, 0.005617543118595344], [-0.008869399431522498, 0.10019703228671893, 0.9949280820615417, -0.0007851114215019511], [0.0, 0.0, 0.0, 1.0]], "antennas": [-0.0, 0.0757962277847452], "body_yaw": -0.13710549839812095, "check_collision": false}, {"head": [[0.9970084968676708, 0.07729139704814159, -0.00031163442395891255, -0.006079377888736682], [-0.07691322033302417, 0.9917154478325247, -0.10288258875212246, 0.00551051197777303], [-0.0076428863442645194, 0.10259878397272167, 0.9946934582149655, -0.000592904973068688], [0.0, 0.0, 0.0, 1.0]], "antennas": [-0.0, 0.09444634489857011], "body_yaw": -0.13710549839812095, "check_collision": false}, {"head": [[0.9976351436893958, 0.06872743686132493, -0.0008120950138402112, -0.006197508088236287], [-0.06844211110224219, 0.9922702513993417, -0.10351534000212609, 0.005696384750073677], [-0.006308526270631325, 0.10332612259424054, 0.9946275257029301, -0.0005378839401380414], [0.0, 0.0, 0.0, 1.0]], "antennas": [-0.0, 0.1151497592128461], "body_yaw": -0.13710549839812095, "check_collision": false}, {"head": [[0.9983392009670282, 0.05760697109423425, -0.0005260169801520223, -0.006299395580838366], [-0.05734104146333867, 0.992767498059989, -0.10547369226309025, 0.00578278956778251], [-0.005553807380079406, 0.10532868401844508, 0.9944219544773372, -0.0003251764929519968], [0.0, 0.0, 0.0, 1.0]], "antennas": [-0.0, 0.13756425452749801], "body_yaw": -0.13710549839812095, "check_collision": false}, {"head": [[0.9989958301077725, 0.04480275193743562, -0.00021176901367174006, -0.006414921414525012], [-0.044565814715883764, 0.993204514905755, -0.10751130047364016, 0.00600720229438127], [-0.004606472185095694, 0.10741277852125616, 0.9942038399766676, -0.00028409885563257693], [0.0, 0.0, 0.0, 1.0]], "antennas": [-0.0, 0.16168983084252583], "body_yaw": -0.13710549839812095, "check_collision": false}, {"head": [[0.9994154821007665, 0.034162518710316746, -0.0012713979155892742, -0.0064683375119766705], [-0.03409661231662859, 0.9934175548303318, -0.10935713412235266, 0.006041995929863473], [-0.002472886132040413, 0.10933656328187728, 0.994001710644346, -0.00018385303811852167], [0.0, 0.0, 0.0, 1.0]], "antennas": [-0.0, 0.18718427195785436], "body_yaw": -0.13710549839812095, "check_collision": false}, {"head": [[0.999719233139009, 0.023521165562570535, -0.0028652508668862153, -0.006592314033064966], [-0.023693694320480616, 0.9936153984570302, -0.11030434623588056, 0.006300075404962274], [0.00025247059169524713, 0.11034126480902573, 0.9938937274874738, -9.85621617785055e-05], [0.0, 0.0, 0.0, 1.0]], "antennas": [-0.0, 0.2133631454733333], "body_yaw": -0.13710549839812095, "check_collision": false}, {"head": [[0.99989171479527, 0.014043672296901108, -0.004397039025533562, -0.006667018635373206], [-0.014446895233958867, 0.9936421452968831, -0.11165381456944103, 0.006389499155020313], [0.002801053707773093, 0.11170524767541297, 0.9937374360161245, 6.444275585221028e-05], [0.0, 0.0, 0.0, 1.0]], "antennas": [-0.0, 0.24022645138896256], "body_yaw": -0.13710549839812095, "check_collision": false}, {"head": [[0.9999783935596955, 0.003391591335659003, -0.0056311208460000095, -0.006725246038415681], [-0.0040048038804202, 0.9936180992388316, -0.1127254825267582, 0.006209700137997629], [0.005212864821740958, 0.11274559846496439, 0.9936102133468269, 0.00028626940626702395], [0.0, 0.0, 0.0, 1.0]], "antennas": [-0.0, 0.26880083830496776], "body_yaw": -0.13710549839812095, "check_collision": false}, {"head": [[0.9999569152216268, -0.006482291357683078, -0.006644365974436692, -0.006768394675100212], [0.005689311608983835, 0.9935665720569623, -0.11310658081823914, 0.006537474663544777], [0.007334809736048137, 0.11306390577779933, 0.9935606442368804, 0.00033216448355233123], [0.0, 0.0, 0.0, 1.0]], "antennas": [-0.0, 0.29908630622134885], "body_yaw": -0.13710549839812095, "check_collision": false}, {"head": [[0.9998676274069497, -0.014984206873847274, -0.006340442252629303, -0.006779028338164957], [0.014164883630460793, 0.9933913089439105, -0.11389935639168305, 0.0069010481443732685], [0.008005231747593737, 0.11379446761185658, 0.9934720607070948, 0.0003097480119815236], [0.0, 0.0, 0.0, 1.0]], "antennas": [-0.0, 0.3300562065378803], "body_yaw": -0.13710549839812095, "check_collision": false}, {"head": [[0.9997051701044535, -0.023675499662357217, -0.005389209790290507, -0.006763864339568829], [0.02290229161183562, 0.9931459104251941, -0.11461538136148712, 0.006757217715341523], [0.008065848086375265, 0.11445816406639768, 0.993395324517484, 0.0004369579217310942], [0.0, 0.0, 0.0, 1.0]], "antennas": [-0.0, 0.3627371878547877], "body_yaw": -0.13710549839812095, "check_collision": false}, {"head": [[0.9994676793441059, -0.03228638916056338, -0.004684764826532703, -0.006772848465993891], [0.03153864879250311, 0.9929277508164835, -0.11445433714308101, 0.007026137902673926], [0.008346950272429128, 0.11424565958272362, 0.9934174639534267, 0.0004278881902937663], [0.0, 0.0, 0.0, 1.0]], "antennas": [-0.0, 0.3961026015718454], "body_yaw": -0.13710549839812095, "check_collision": false}, {"head": [[0.99921815406686, -0.0392021566594608, -0.005125572793794637, -0.006756645241805571], [0.038371877490818516, 0.9928425736139934, -0.11309828927694748, 0.00712932509546314], [0.009522583737988841, 0.11281318598811743, 0.9935705840382775, 0.0004198506161407471], [0.0, 0.0, 0.0, 1.0]], "antennas": [-0.0, 0.43015244768905353], "body_yaw": -0.13710549839812095, "check_collision": false}, {"head": [[0.9989366554290305, -0.04579616295004187, -0.005316944547006643, -0.006782637724266915], [0.04492574383778441, 0.9928207141747809, -0.11085444080459855, 0.007283189519218334], [0.010355480717210007, 0.11049769664808257, 0.993822430343864, 0.0004200382634849102], [0.0, 0.0, 0.0, 1.0]], "antennas": [-0.0, 0.4645445100063368], "body_yaw": -0.13710549839812095, "check_collision": false}, {"head": [[0.9985787663576873, -0.053086445623261515, -0.004719816802352434, -0.006749991986668331], [0.052269744618539234, 0.9927992223578933, -0.10778486852557237, 0.007354975156273209], [0.010407746013040405, 0.10738497742538633, 0.9941630376584503, 0.0004628964071192713], [0.0, 0.0, 0.0, 1.0]], "antennas": [-0.0, 0.4989365723236201], "body_yaw": -0.13710549839812095, "check_collision": false}, {"head": [[0.9981452964406736, -0.06070030019062077, -0.0046304157618879006, -0.006759123774457542], [0.05988865591484166, 0.992749202578855, -0.104222692690991, 0.0074795506018692955], [0.010923190288240748, 0.1037520811155881, 0.9945432064913574, 0.0004424079283620856], [0.0, 0.0, 0.0, 1.0]], "antennas": [-0.0, 0.5336708508409785], "body_yaw": -0.13710549839812095, "check_collision": false}, {"head": [[0.9974815850785776, -0.0707078352425915, -0.0055578291116760836, -0.006593077161053642], [0.06979174664414539, 0.9924702169572717, -0.10065773965843444, 0.007158056987787178], [0.012633270735936857, 0.10001635110366844, 0.9949055884768262, 0.0005666277678172386], [0.0, 0.0, 0.0, 1.0]], "antennas": [-0.0, 0.568405129358337], "body_yaw": -0.13710549839812095, "check_collision": false}, {"head": [[0.9965511513059063, -0.08270060808704122, -0.0068126538812802945, -0.0066088770591888925], [0.08162549424805376, 0.9917434482196346, -0.09890506358215388, 0.00744347978705494], [0.014935913752879396, 0.0980078687425789, 0.9950735531330858, 0.0005439849153620039], [0.0, 0.0, 0.0, 1.0]], "antennas": [-0.0, 0.6027971916756203], "body_yaw": -0.13710549839812095, "check_collision": false}, {"head": [[0.995441512669619, -0.09510001695030426, -0.007223685352539086, -0.006713594611158138], [0.09391451655412392, 0.9905926837164026, -0.09952988771188338, 0.007473002665585333], [0.016621023868156552, 0.0983977730621317, 0.9950083516342901, 0.0005928757089234108], [0.0, 0.0, 0.0, 1.0]], "antennas": [-0.0, 0.6371892539929036], "body_yaw": -0.13710549839812095, "check_collision": false}, {"head": [[0.9941124192471914, -0.10805989877790116, -0.007972212654322533, -0.006797028539777792], [0.10671583373589365, 0.9891768662071071, -0.10070182814000814, 0.007816625492550865], [0.018767757685698286, 0.09925817667475254, 0.9948847097200028, 0.0006064604875505844], [0.