{"description": "When you don\u2019t want to talk to someone anymore maybe because they hurt your feelings or said something mean.", "time": [0.0, 0.010055780410766602, 0.020023107528686523, 0.03011488914489746, 0.04021024703979492, 0.050203800201416016, 0.06029009819030762, 0.07036280632019043, 0.08039307594299316, 0.09041523933410645, 0.10056090354919434, 0.11057448387145996, 0.12060070037841797, 0.130692720413208, 0.14077496528625488, 0.1508636474609375, 0.1609339714050293, 0.17109465599060059, 0.18107914924621582, 0.19104456901550293, 0.20118451118469238, 0.21125078201293945, 0.22147655487060547, 0.23153352737426758, 0.24161410331726074, 0.25144004821777344, 0.2615690231323242, 0.2716846466064453, 0.2816786766052246, 0.2917194366455078, 0.3019411563873291, 0.31211113929748535, 0.32209229469299316, 0.33217811584472656, 0.3422536849975586, 0.35228896141052246, 0.36237168312072754, 0.37238454818725586, 0.3825254440307617, 0.39247775077819824, 0.4026625156402588, 0.4130210876464844, 0.4230647087097168, 0.433154821395874, 0.44314002990722656, 0.4531834125518799, 0.46327996253967285, 0.4733707904815674, 0.48340678215026855, 0.49344778060913086, 0.5035581588745117, 0.5135724544525146, 0.5235896110534668, 0.5337741374969482, 0.5439658164978027, 0.5538380146026611, 0.5638809204101562, 0.5739631652832031, 0.5839805603027344, 0.5939931869506836, 0.6040968894958496, 0.614159107208252, 0.6242079734802246, 0.6342401504516602, 0.6443123817443848, 0.6543087959289551, 0.664475679397583, 0.6745162010192871, 0.6845886707305908, 0.6946189403533936, 0.7047970294952393, 0.714766263961792, 0.7247602939605713, 0.734896183013916, 0.7449100017547607, 0.7549853324890137, 0.764955997467041, 0.7750730514526367, 0.7851066589355469, 0.7951607704162598, 0.8052978515625, 0.8153886795043945, 0.8253493309020996, 0.8354954719543457, 0.8455393314361572, 0.8555748462677002, 0.8656175136566162, 0.8757874965667725, 0.8856806755065918, 0.8958673477172852, 0.9058849811553955, 0.9159269332885742, 0.9259448051452637, 0.9360549449920654, 0.94612717628479, 0.956108808517456, 0.9663205146789551, 0.9763607978820801, 0.9863142967224121, 0.9964287281036377, 1.0065608024597168, 1.0165424346923828, 1.0265674591064453, 1.03672456741333, 1.0467290878295898, 1.0567200183868408, 1.0668444633483887, 1.0768988132476807, 1.0869200229644775, 1.0970139503479004, 1.107041358947754, 1.1171293258666992, 1.1271579265594482, 1.137350082397461, 1.1473414897918701, 1.1575047969818115, 1.1675128936767578, 1.177659511566162, 1.187586784362793, 1.1975922584533691, 1.2076590061187744, 1.2177479267120361, 1.227729320526123, 1.2378432750701904, 1.2479002475738525, 1.2579615116119385, 1.2681519985198975, 1.2781543731689453, 1.2881219387054443, 1.2982361316680908, 1.3082809448242188, 1.318812370300293, 1.3288278579711914, 1.3389201164245605, 1.3489718437194824, 1.3589799404144287, 1.3691396713256836, 1.37900972366333, 1.3890571594238281, 1.3991482257843018, 1.4092066287994385, 1.4192123413085938, 1.429307222366333, 1.4394071102142334, 1.449462652206421, 1.4595139026641846, 1.4696087837219238, 1.4796440601348877, 1.489732027053833, 1.499793529510498, 1.5098333358764648, 1.51985502243042, 1.5299150943756104, 1.540022373199463, 1.549994945526123, 1.5600779056549072, 1.5702693462371826, 1.5802183151245117, 1.5902085304260254, 1.6003363132476807, 1.6104426383972168, 1.620422601699829, 1.630537986755371, 1.6405558586120605, 1.6506869792938232, 1.660679578781128, 1.6709303855895996, 1.680938720703125, 1.6909105777740479, 1.70111083984375, 1.7110505104064941, 1.7211072444915771, 1.731092929840088, 1.7412183284759521, 1.7511913776397705, 1.7612857818603516, 1.771432876586914, 1.7813880443572998, 1.7914369106292725, 1.8015294075012207, 1.8116209506988525, 1.8216745853424072, 1.8318061828613281, 1.8418164253234863, 1.8518486022949219, 1.862022876739502, 1.8720662593841553, 1.8819947242736816, 1.8921866416931152, 1.9022445678710938, 1.9121482372283936, 1.922351360321045, 1.9323925971984863, 1.9424314498901367, 1.952423334121704, 1.9625022411346436, 1.972597360610962, 1.9826421737670898, 1.9926807880401611, 2.00274920463562, 2.0128352642059326, 2.022861957550049, 2.032951593399048, 2.0429930686950684, 2.0529367923736572, 2.063062906265259, 2.073528289794922, 2.083275318145752, 2.093261957168579, 2.103325128555298, 2.113321542739868, 2.123462438583374, 2.133500337600708, 2.143571615219116, 2.153538465499878, 2.163681983947754, 2.1738369464874268, 2.1838417053222656, 2.1938536167144775, 2.2038984298706055, 2.2141306400299072, 2.2241179943084717, 2.2341699600219727, 2.244220018386841, 2.254304885864258, 2.2643282413482666, 2.2748475074768066, 2.2844972610473633, 2.2946157455444336, 2.304804801940918, 2.314645528793335, 2.324707508087158, 2.334998846054077, 2.3450818061828613, 2.355102062225342, 2.3650193214416504, 2.3751280307769775, 2.3851540088653564, 2.3951363563537598, 2.4057421684265137, 2.415715456008911, 2.425736904144287, 2.4358737468719482, 2.4459047317504883, 2.4559056758880615, 2.4659512042999268, 2.4760642051696777, 2.4860613346099854, 2.4961485862731934, 2.5062050819396973, 2.5162570476531982, 2.526341438293457, 2.5364341735839844, 2.5464730262756348, 2.5565333366394043, 2.566678762435913, 2.576826810836792, 2.586704969406128, 2.5967955589294434, 2.606898784637451, 2.6168887615203857, 2.6269266605377197, 2.637031316757202, 2.6470086574554443, 2.6570537090301514, 2.6670966148376465, 2.6772618293762207, 2.6872076988220215, 2.697392225265503, 2.707359790802002, 2.7174673080444336, 2.7275681495666504, 2.737656354904175, 2.7476580142974854, 2.7577154636383057, 2.7681384086608887, 2.777914047241211, 2.787871837615967, 2.7979490756988525, 2.8080039024353027, 2.8180456161499023, 2.8281397819519043, 2.838179588317871, 2.848233699798584, 2.858351230621338, 2.8684144020080566, 2.8784565925598145, 2.888503074645996, 2.8987746238708496, 2.9086480140686035, 2.918710231781006, 2.928784132003784, 2.938822031021118, 2.948840618133545, 2.9589321613311768, 2.9690332412719727, 2.9790382385253906, 2.988985776901245, 2.999143123626709, 3.0091464519500732, 3.019230604171753, 3.0292460918426514, 3.039625644683838, 3.0494766235351562, 3.059462547302246, 3.0695960521698, 3.079721689224243, 3.0896544456481934, 3.099724054336548, 3.109835147857666, 3.1198112964630127, 3.1298933029174805, 3.1400084495544434, 3.149949550628662, 3.160108804702759, 3.1701481342315674, 3.1802425384521484, 3.1902291774749756, 3.2003352642059326, 3.210378408432007, 3.220411777496338, 3.2304980754852295, 3.240645170211792, 3.2505860328674316, 3.2606706619262695, 3.2709364891052246, 3.2810580730438232, 3.2908740043640137, 3.3009843826293945, 3.3112130165100098, 3.3210926055908203, 3.331117630004883, 3.341143846511841, 3.351212501525879, 3.3613293170928955, 3.371330976486206, 3.381381034851074, 3.3914098739624023, 3.4015259742736816, 3.4115710258483887, 3.4216151237487793, 3.4317233562469482, 3.441767454147339, 3.4517769813537598, 3.462103843688965, 3.4719598293304443, 3.482025623321533, 3.4920177459716797, 3.50209379196167, 3.512141466140747, 3.5222020149230957, 3.532245397567749, 3.542379856109619, 3.552365779876709, 3.562516450881958, 3.5725762844085693, 3.582709789276123, 3.5926713943481445, 3.6026923656463623, 3.6128268241882324, 3.6228933334350586, 3.6329004764556885, 3.642951250076294, 3.652968168258667, 3.6630470752716064, 3.673203229904175, 3.683246612548828, 3.693251371383667, 3.703458070755005, 3.7133798599243164, 3.7234420776367188, 3.7334959506988525, 3.743546962738037, 3.7536211013793945, 3.7636897563934326, 3.7737700939178467, 3.7838776111602783, 3.793940544128418, 3.8040175437927246, 3.814192533493042, 3.8241114616394043, 3.8341829776763916, 3.8441548347473145, 3.854233741760254, 3.864285707473755, 3.874342203140259, 3.8844118118286133, 3.894533395767212, 3.9045498371124268, 3.914569139480591, 3.924630880355835, 3.9347236156463623, 3.944801092147827, 3.954817533493042, 3.9649507999420166, 3.9750077724456787, 3.9851715564727783, 3.9951560497283936, 4.005172967910767, 4.015305042266846, 4.025188207626343, 4.035405874252319, 4.04537558555603, 4.055403232574463, 4.065481901168823, 4.07576060295105, 4.085846185684204, 4.095902919769287, 4.105937719345093, 4.115813970565796, 4.125825881958008, 4.135910987854004, 4.146028757095337, 4.156093120574951, 4.166165828704834, 4.176151514053345, 4.186178207397461, 4.196333408355713, 4.206428289413452, 4.2163426876068115, 4.226395606994629, 4.236470460891724, 4.246545314788818, 4.25658106803894, 4.266731262207031, 4.276862859725952, 4.286870241165161, 4.296932697296143, 4.306944847106934, 4.3170857429504395, 4.327119588851929, 4.337184906005859, 4.347227573394775, 4.357270956039429, 4.367326974868774, 4.377372980117798, 4.3873984813690186, 4.397465467453003, 4.4075212478637695, 4.417985916137695, 4.4277143478393555, 4.4377710819244385, 4.447783946990967, 4.457804203033447, 4.467882871627808, 4.478025674819946, 4.488078355789185, 4.4982078075408936, 4.508103132247925, 4.5181725025177, 4.528250217437744, 4.538347482681274, 4.548391580581665, 4.55851674079895, 4.568542242050171, 4.578630447387695, 4.588676691055298, 4.598753929138184, 4.6087868213653564, 4.618834018707275, 4.629090785980225, 4.639187812805176, 4.64902138710022, 4.658987283706665, 4.669092178344727, 4.679174184799194, 4.689208745956421, 4.699281454086304, 4.709329843521118, 4.719381332397461, 4.729477643966675, 4.739542484283447, 4.7495787143707275, 4.760029554367065, 4.769775152206421, 4.779742002487183, 4.78980278968811, 4.7998902797698975, 4.8099188804626465, 4.819972276687622, 4.830154657363892, 4.840117931365967, 4.850226402282715], "set_target_data": [{"head": [[0.9974085807366573, 0.0714700437962915, 0.008255659431177738, -0.02592458079314508], [-0.07051679129228024, 0.9939000824167364, -0.0847939167502352, 0.001127700648714109], [-0.014265525532850463, 0.08399201754786584, 0.9963643087593568, -0.0007528384680769457], [0.0, 0.0, 0.0, 1.0]], "antennas": [-0.2029712245837351, 0.31957618242911146], "body_yaw": -0.13710549839812095, "check_collision": false}, {"head": [[0.9976248790798189, 0.06860997921649321, 0.006105030130118575, -0.025816621292458857], [-0.0678507123741872, 0.9941072630236784, -0.08454011139031549, 0.0008957918095812561], [-0.011869350078778833, 0.08392508775976347, 0.9964013740321838, -0.0008252407648498012], [0.0, 0.0, 0.0, 1.0]], "antennas": [-0.2029712245837351, 0.31957618242911146], "body_yaw": -0.13710549839812095, "check_collision": false}, {"head": [[0.9978077731223478, 0.06606849930979408, 0.003821164164540642, -0.025803009235682357], [-0.06551283637060604, 0.9942885908123279, -0.08425121038366638, 0.0007543526222863091], [-0.009365690967506262, 0.08381617731313183, 0.9964372194239406, -0.000863340970633843], [0.0, 0.0, 0.0, 1.0]], "antennas": [-0.2029712245837351, 0.31957618242911146], "body_yaw": -0.13710549839812095, "check_collision": false}, {"head": [[0.9979395011310833, 0.06413737830549257, 0.001774481992635656, -0.025792491390087727], [-0.063760241428514, 0.9944024623604498, -0.0842518514007329, 0.000690710734902459], [-0.007168242129118126, 0.08396510915595658, 0.9964429119368585, -0.0009718089915755641], [0.0, 0.0, 0.0, 1.0]], "antennas": [-0.2029712245837351, 0.31957618242911146], "body_yaw": -0.13710549839812095, "check_collision": false}, {"head": [[0.9980407792926985, 0.0625661407948642, 0.00028442021707037737, -0.0257675465116198], [-0.062319976003792195, 0.9944968506896903, -0.08421540571162806, 0.0006253145887570519], [-0.005551887940999301, 0.08403268408378123, 0.9964475322594589, -0.0010094016717768235], [0.0, 0.0, 0.0, 1.0]], "antennas": [-0.2029712245837351, 0.31957618242911146], "body_yaw": -0.13710549839812095, "check_collision": false}, {"head": [[0.9981311170393758, 0.06109982100118303, -0.001041667581826435, -0.02583838039348846], [-0.060970982443246176, 0.9945932133852837, -0.08406473212852501, 0.0005939945106233774], [-0.004100304578077247, 0.08397113647890382, 0.9964597511895842, -0.001061081717864511], [0.0, 0.0, 0.0, 1.0]], "antennas": [-0.2029712245837351, 0.31957618242911146], "body_yaw": -0.13710549839812095, "check_collision": false}, {"head": [[0.9981946847839952, 0.06002156482862059, -0.0021870126895529125, -0.025838291732208342], [-0.059992786584750143, 0.994653245856154, -0.08405823020748177, 0.0005632915027088403], [-0.0028699872433850778, 0.08403768359100025, 0.9964584441460075, -0.0010923657161864293], [0.0, 0.0, 0.0, 1.0]], "antennas": [-0.2029712245837351, 0.31957618242911146], "body_yaw": -0.13710549839812095, "check_collision": false}, {"head": [[0.998256981157472, 0.05893071469357795, -0.0031891121138557204, -0.025880623346458933], [-0.05899054900892179, 0.9947367158314236, -0.08377936085062576, 0.0005614204032797776], [-0.0017648507009434913, 0.0838214593204955, 0.9964792262056373, -0.0010369947380083917], [0.0, 0.0, 0.0, 1.0]], "antennas": [-0.2029712245837351, 0.31957618242911146], "body_yaw": -0.13710549839812095, "check_collision": false}, {"head": [[0.9983195343997585, 0.05779147216168423, -0.004272350785568273, -0.025900886167486325], [-0.05794643988226511, 0.9948389163014996, -0.08329310125712226, 0.0005170482843608361], [-0.0005633301169867262, 0.08340069758367412, 0.9965159337921979, -0.0010450603170482648], [0.0, 0.0, 0.0, 1.0]], "antennas": [-0.2029712245837351, 0.31957618242911146], "body_yaw": -0.13710549839812095, "check_collision": false}, {"head": [[0.9984104347677735, 0.056070918567941455, -0.00571452865710991, -0.025909810281778387], [-0.056351772692616015, 0.9949669823090602, -0.08285639280829295, 0.0006039976541598185], [0.0010399332792961308, 0.08304671098694806, 0.9965451130445752, -0.0011200991605684347], [0.0, 0.0, 0.0, 1.0]], "antennas": [-0.2029712245837351, 0.31957618242911146], "body_yaw": -0.13710549839812095, "check_collision": false}, {"head": [[0.9984914356097224, 0.05448766435954861, -0.006778454593555209, -0.025919703086366715], [-0.054862122692277436, 0.9950591963034852, -0.08274867579339225, 0.0005532604384376194], [0.00223618150721525, 0.08299572449532337, 0.9965473943610326, -0.001155889642886489], [0.0, 0.0, 0.0, 1.0]], "antennas": [-0.2029712245837351, 0.31957618242911146], "body_yaw": -0.13710549839812095, "check_collision": false}, {"head": [[0.9985378266965299, 0.05355509100398281, -0.007352610674209406, -0.025891597986030284], [-0.053979586145039365, 0.9951311876856473, -0.08246286179222513, 0.000591346254947795], [0.002900506125084699, 0.08273917767846418, 0.9965670150779176, -0.001135153100426391], [0.0, 0.0, 0.0, 1.0]], "antennas": [-0.2029712245837351, 0.31957618242911146], "body_yaw": -0.13710549839812095, "check_collision": false}, {"head": [[0.9985668743118677, 0.05294965828911558, -0.007780180852192523, -0.025897223086595082], [-0.05341116679513965, 0.9951724498710053, -0.08233493960235581, 0.000579375544394873], [0.0033830147219162084, 0.08263249182257364, 0.996574345699599, -0.0011509943421500485], [0.0, 0.0, 0.0, 1.0]], "antennas": [-0.2029712245837351, 0.31957618242911146], "body_yaw": -0.13710549839812095, "check_collision": false}, {"head": [[0.9985940149551253, 0.05233207627646431, -0.008446720570574127, -0.02598366896963251], [-0.052852709664901805, 0.995163081887169, -0.08280719491632149, 0.0004894668286814403], [0.004072392034251312, 0.08313720130859822, 0.9965297895104256, -0.001039373546180002], [0.0, 0.0, 0.0, 1.0]], "antennas": [-0.2029712245837351, 0.31957618242911146], "body_yaw": -0.13710549839812095, "check_collision": false}, {"head": [[0.9986132593347705, 0.05188173017508643, -0.008935566844170788, -0.025985774796796455], [-0.05244647269759359, 0.9951498811102356, -0.08322308350370862, 0.0005004413817934171], [0.004574470719951024, 0.08357631363205854, 0.996490880047233, -0.0010374320080999162], [0.0, 0.0, 0.0, 1.0]], "antennas": [-0.2029712245837351, 0.31957618242911146], "body_yaw": -0.13710549839812095, "check_collision": false}, {"head": [[0.998628672126817, 0.05147304548371423, -0.00955514494196418, -0.026039866799253727], [-0.05209358208332, 0.995126989665935, -0.08371698241183044, 0.0004722089266244872], [0.005199414578475047, 0.08409994070774256, 0.9964437596076337, -0.0011157098951783424], [0.0, 0.0, 0.0, 1.0]], "antennas": [-0.2029712245837351, 0.31957618242911146], "body_yaw": -0.13710549839812095, "check_collision": false}, {"head": [[0.9986557443666252, 0.050859769038107246, -0.00999940682901811, -0.02604622987740219], [-0.051522045939139956, 0.9951238946027664, -0.0841065584414649, 0.0004582930148232488], [0.005673008530487026, 0.084508687624485, 0.9964065930583761, -0.0011255941088226269], [0.0, 0.0, 0.0, 1.0]], "antennas": [-0.2029712245837351, 0.31957618242911146], "body_yaw": -0.13710549839812095, "check_collision": false}, {"head": [[0.9986834725471884, 0.05029523071124946, -0.010085208415901608, -0.02599026973395359], [-0.05096757926296423, 0.9951404792648902, -0.08424804088237699, 0.0003380268493655171], [0.005798924483336703, 0.08465114468303069, 0.9963937756623582, -0.0011842922885553792], [0.0, 0.0, 0.0, 1.0]], "antennas": [-0.2029712245837351, 0.31957618242911146], "body_yaw": -0.13710549839812095, "check_collision": false}, {"head": [[0.9987016466861877, 0.04994621472508821, -0.010019807429900263, -0.02599639048379976], [-0.05061468853549781, 0.9951522877980384, -0.0843212748645579, 0.0003175692041777478], [0.005759705786882639, 0.0847189454901627, 0.9963882406292656, -0.0011957555705934837], [0.0, 0.0, 0.0, 1.0]], "antennas": [-0.2029712245837351, 0.31957618242911146], "body_yaw": -0.13710549839812095, "check_collision": false}, {"head": [[0.9987085533896991, 0.049845180151564666, -0.00983277183264248, -0.0259204011350077], [-0.05049723627900739, 0.9951723166671008, -0.08415514997680233, 0.00028971033356918474], [0.0055905737126741755, 0.08454299589613594, 0.9964041485915589, -0.001174522023009274], [0.0, 0.0, 0.0, 1.0]], "antennas": [-0.2029712245837351, 0.31957618242911146], "body_yaw": -0.13710549839812095, "check_collision": false}, {"head": [[0.9987169267883031, 0.04970310618394983, -0.009700586693276036, -0.025915670287638436], [-0.05034528269868533, 0.9951677881891854, -0.08429961957585423, 0.0002891123948767678], [0.005463758460639699, 0.08467983577163633, 0.9963932319908502, -0.0011771270917776983], [0.0, 0.0, 0.0, 1.0]], "antennas": [-0.2029712245837351, 0.31957618242911146], "body_yaw": -0.13710549839812095, "check_collision": false}, {"head": [[0.998727559069734, 0.04948608599674658, -0.009715454046674976, -0.025833178977256253], [-0.050131822029603014, 0.9951550141950537, -0.08457717270300609, 0.00037764097774195884], [0.005482989567987583, 0.08495660665989734, 0.9963695658791633, -0.0011807844002972873], [0.0, 0.0, 0.0, 1.0]], "antennas": [-0.2029712245837351, 0.31957618242911146], "body_yaw": -0.13710549839812095, "check_collision": false}, {"head": [[0.9987350132147992, 0.04933088587284733, -0.009738433027707497, -0.02581008618572124], [-0.04997947373479107, 0.9951573902095574, -0.08463935796363309, 0.0003827783140254899], [0.005515939088528897, 0.08501901205202753, 0.9963640609765433, -0.0011811718280707612], [0.0, 0.0, 0.0, 1.0]], "antennas": [-0.2029712245837351, 0.31957618242911146], "body_yaw": -0.13710549839812095, "check_collision": false}, {"head": [[0.9987367811140708, 0.04926916125452457, -0.009868728346661937, -0.025969264614966125], [-0.04992894747742609, 0.9951614455215083, -0.08462149579946211, 0.00027987573877939764], [0.0056517478447804075, 0.08500733554710212, 0.996364296153511, -0.0011023303655207112], [0.0, 0.0, 0.0, 1.0]], "antennas": [-0.2029712245837351, 0.31957618242911146], "body_yaw": -0.13710549839812095, "check_collision": false}, {"head": [[0.9987388130420655, 0.04927202589835868, -0.009646283595166357, -0.025959492429963742], [-0.04991260991458351, 0.9951666738108015, -0.08456963230297881, 0.00027394086857341834], [0.005432742846990359, 0.08494444537589194, 0.9963708779891859, -0.0011104615046143036], [0.0, 0.0, 0.0, 1.0]], "antennas": [-0.2029712245837351, 0.31957618242911146], "body_yaw": -0.13710549839812095, "check_collision": false}, {"head": [[0.9987364812608867, 0.04940737746099258, -0.00918433726783726, -0.02604323917459472], [-0.05000934899716257, 0.9951428561884025, -0.0847924571531469, 0.00031591207462757995], [0.004950354684502591, 0.08514462302233336, 0.9963563053239951, -0.0012979777788270658], [0.0, 0.0, 0.0, 1.0]], "antennas": [-0.2029712245837351, 0.31957618242911146], "body_yaw": -0.13710549839812095, "check_collision": false}, {"head": [[0.9987336838915858, 0.04953997871373828, -0.008764654550200382, -0.026044531975355067], [-0.050105593905018224, 0.9951407947191743, -0.08475982624519506, 0.0002975291085263003], [0.004523065306558317, 0.08509165173348447, 0.9963628619561751, -0.0013188349926465132], [0.0, 0.0, 0.0, 1.0]], "antennas": [-0.2029712245837351, 0.31957618242911146], "body_yaw": -0.13710549839812095, "check_collision": false}, {"head": [[0.9987353466441594, 0.049561803768985, -0.008446003240333351, -0.02589721477871234], [-0.05010016199190438, 0.9951423876671038, -0.08474433335982336, 0.00024528479937376], [0.00420489381031641, 0.08506030728477622, 0.9963669319044384, -0.0011573630087155524], [0.0, 0.0, 0.0, 1.0]], "antennas": [-0.2029712245837351, 0.31957618242911146], "body_yaw": -0.13710549839812095, "check_collision": false}, {"head": [[0.99873868499195, 0.049534346033540844, -0.008208998938966719, -0.025903769183487437], [-0.05005346744065242, 0.9951271026473398, -0.08495116228679951, 0.000252130929007284], [0.0039609970611032275, 0.08525490097196779, 0.9963512996742373, -0.0011440098578763287], [0.0, 0.0, 0.0, 1.0]], "antennas": [-0.2029712245837351, 0.31957618242911146], "body_yaw": -0.13710549839812095, "check_collision": false}, {"head": [[0.9987470158984338, 0.049393798045375276, -0.008040581361182979, -0.02576423563858587], [-0.049900272581112404, 0.9951078024854171, -0.08526678268220415, 0.00034100957895256967], [0.003789595005248305, 0.08556117196074532, 0.9963257122158393, -0.0010957453509874999], [0.0, 0.0, 0.0, 1.0]], "antennas": [-0.2029712245837351, 0.31957618242911146], "body_yaw": -0.13710549839812095, "check_collision": false}, {"head": [[0.9987518444962585, 0.049310731456814326, -0.00795014959075856, -0.025760720811359005], [-0.049810052337796805, 0.9951058417758495, -0.0853423830794762, 0.00035283949241305887], [0.0037029449668390963, 0.08563185988154212, 0.9963199650573106, -0.0010779211876285628], [0.0, 0.0, 0.0, 1.0]], "antennas": [-0.2029712245837351, 0.31957618242911146], "body_yaw": -0.13710549839812095, "check_collision": false}, {"head": [[0.9987523847481541, 0.04936009193785276, -0.0075667221280008735, -0.025825486530187524], [-0.04982638305507353, 0.9951055047990806, -0.0853367791178968, 0.0002641871623111948], [0.003317455579919061, 0.08560733404594698, 0.9963234308426262, -0.0010761911323112234], [0.0, 0.0, 0.0, 1.0]], "antennas": [-0.2029712245837351, 0.31957618242911146], "body_yaw": -0.13710549839812095, "check_collision": false}, {"head": [[0.9987549297461744, 0.04937852761907793, -0.007095866253413882, -0.02582373158424798], [-0.04980448892799927, 0.9951053508947243, -0.08535135325997281, 0.0002732689908930379], [0.002846610323732208, 0.08559849082115778, 0.9963256471549878, -0.0010768933571568846], [0.0, 0.0, 0.0, 1.0]], "antennas": [-0.2029712245837351, 0.31957618242911146], "body_yaw": -0.13710549839812095, "check_collision": false}, {"head": [[0.9987568441278089, 0.04940157568185128, -0.006652114551798911, -0.025985218700286083], [-0.04978977155116155, 0.9950954305558534, -0.08547550956703395, 0.00026983308216252735], [0.002396863939208564, 0.08570045744925339, 0.996318064995434, -0.001175353560084304], [0.0, 0.0, 0.0, 1.0]], "antennas": [-0.2029712245837351, 0.31957618242911146], "body_yaw": -0.13710549839812095, "check_collision": false}, {"head": [[0.9987631741607456, 0.04937156827928709, -0.005879641655430897, -0.025985863126098113], [-0.049694154561596794, 0.9950755198163295, -0.08576246769228503, 0.0002704772045140809], [0.0016164599471418391, 0.08594857827739676, 0.9962982630464302, -0.0011997331698302988], [0.0, 0.0, 0.0, 1.0]], "antennas": [-0.2029712245837351, 0.31957618242911146], "body_yaw": -0.13710549839812095, "check_collision": false}, {"head": [[0.9987634938696264, 0.049467532479772834, -0.004944344617784506, -0.02594864901872706], [-0.049709584856860854, 0.9950507977129023, -0.08603991599411998, 0.0001719303095480615], [0.0006636917170979111, 0.08617930842887575, 0.99627942180496, -0.001124731253535573], [0.0, 0.0, 0.0, 1.0]], "antennas": [-0.2029712245837351, 0.31957618242911146], "body_yaw": -0.13710549839812095, "check_collision": false}, {"head": [[0.9987499205430395, 0.04983405191153404, -0.0038940320171586117, -0.02595510009824653], [-0.049984161140590073, 0.9950179286230734, -0.08626068254842369, 0.0001816408615649065], [-0.00042408766033741395, 0.08634748976505878, 0.9962649904322289, -0.0011352257165040975], [0.0, 0.0, 0.0, 1.0]], "antennas": [-0.2029712245837351, 0.31957618242911146], "body_yaw": -0.13710549839812095, "check_collision": false}, {"head": [[0.9987419612242097, 0.05004551778297203, -0.003152941460488914, -0.025880007019901872], [-0.050130599337255916, 0.9949915761248852, -0.08647939899539218, 0.00018835345268469403], [-0.001190756107083271, 0.08652866340323855, 0.9962486499411392, -0.0010663751126980831], [0.0, 0.0, 0.0, 1.0]], "antennas": [-0.2029712245837351, 0.31957618242911146], "body_yaw": -0.13710549839812095, "check_collision": false}, {"head": [[0.9987373841525412, 0.05016913179925266, -0.0025876071280543883, -0.025924478088131215], [-0.05020392845215236, 0.9949433325813253, -0.08699040475787037, 0.00021371956581985735], [-0.0017897106221703085, 0.08701047733736533, 0.9962057888656406, -0.0010441474320369588], [0.0, 0.0, 0.0, 1.0]], "antennas": [-0.2029712245837351, 0.31957618242911146], "body_yaw": -0.13710549839812095, "check_collision": false}, {"head": [[0.9987296010222647, 0.05035075913464999, -0.0019962706411894445, -0.025997308729882627], [-0.05033223024316539, 0.9948935690125784, -0.08748401531801822, 0.0004999740033408383], [-0.0024188097604815697, 0.08747335246793003, 0.9961639232412326, -0.0011533144824853476], [0.0, 0.0, 0.0, 1.0]], "antennas": [-0.2029712245837351, 0.31957618242911146], "body_yaw": -0.13710549839812095, "check_collision": false}, {"head": [[0.9987120193184239, 0.05072931603502618, -0.000915949526125479, -0.026064876504289604], [-0.050611507606656454, 0.9947961314058862, -0.08842585729108993, 0.0005493708138070777], [-0.003574600215035144, 0.08835832408155603, 0.996082340370916, -0.0011777614777757645], [0.0, 0.0, 0.0, 1.0]], "antennas": [-0.2029712245837351, 0.31957618242911146], "body_yaw": -0.13710549839812095, "check_collision": false}, {"head": [[0.9986851663554387, 0.05126153979347137, 0.0004393627340283867, -0.026221438759110826], [-0.05101855808623795, 0.9947150486887057, -0.08910150752387319, 0.000718316863788121], [-0.005004521196964365, 0.0889619382108327, 0.9960224537214817, -0.001282446886747281], [0.0, 0.0, 0.0, 1.0]], "antennas": [-0.2029712245837351, 0.31957618242911146], "body_yaw": -0.13710549839812095, "check_collision": false}, {"head": [[0.9986463838156585, 0.051969563684244095, 0.002136478967230413, -0.026288639813298615], [-0.0515694995049422, 0.9946421135432462, -0.08959716896773966, 0.0007617317444519982], [-0.006781357734103677, 0.08936571163871086, 0.9959757942694133, -0.00131480030643988], [0.0, 0.0, 0.0, 1.0]], "antennas": [-0.2029712245837351, 0.31957618242911146], "body_yaw": -0.13710549839812095, "check_collision": false}, {"head": [[0.9986097612341578, 0.05258560015042764, 0.0036468376270840375, -0.026353908886906547], [-0.052042814621799785, 0.9945599185154219, -0.09023366294703275, 0.0008072726240885807], [-0.008371989853072795, 0.08991842491623767, 0.9959139454021535, -0.0013928132185489512], [0.0, 0.0, 0.0, 1.0]], "antennas": [-0.2029712245837351, 0.31957618242911146], "body_yaw": -0.13710549839812095, "check_collision": false}, {"head": [[0.9985679076941855, 0.053227787603385056, 0.005379251816517631, -0.02644059450013491], [-0.05251368009599267, 0.994418828084114, -0.09150687271780647, 0.0008647902815128207], [-0.010219937672624198, 0.09109334212040976, 0.9957899155420793, -0.001434514421872592], [0.0, 0.0, 0.0, 1.0]], "antennas": [-0.2029712245837351, 0.31957618242911146], "body_yaw": -0.13710549839812095, "check_collision": false}, {"head": [[0.9985332241031285, 0.05368939975985581, 0.00698918562052247, -0.026397612560032525], [-0.052810687303943914, 0.994278207515655, -0.09285406488647334, 0.0009945093877093518], [-0.01193447395978473, 0.09234876508585667, 0.9956551983083405, -0.0014601895628916246], [0.0, 0.0, 0.0, 1.0]], "antennas": [-0.2029712245837351, 0.31957618242911146], "body_yaw": -0.13710549839812095, "check_collision": false}, {"head": [[0.9984965987104543, 0.05412876960062452, 0.00863820960480272, -0.0264612446925639], [-0.05308106918621843, 0.9941616973448135, -0.09394104335447481, 0.0010470723314889643], [-0.01367269021450759, 0.09334128686707685, 0.995540286331144, -0.0014928161384991662], [0.0, 0.0, 0.0, 1.0]], "antennas": [-0.2029712245837351, 0.31957618242911146], "body_yaw": -0.13710549839812095, "check_collision": false}, {"head": [[0.9984663990875815, 0.054391824797243825, 0.010314033561336006, -0.026518093016308378], [-0.05317414109934846, 0.9940801065763405, -0.09474836371947619, 0.0010518792072454035], [-0.015406511981140129, 0.09405461766653193, 0.9954478229842977, -0.0014224346688729312], [0.0, 0.0, 0.0, 1.0]], "antennas": [-0.2029712245837351, 0.31957618242911146], "body_yaw": -0.13710549839812095, "check_collision": false}, {"head": [[0.9984344926508308, 0.054567627448287734, 0.012285679457902826, -0.026605650001969544], [-0.05314407298273878, 0.99397357328043, -0.09587618644344599, 0.0011106093133854238], [-0.01744337673395819, 0.09507318052320517, 0.9953174463221865, -0.0014701366128165878], [0.0, 0.0, 0.0, 1.0]], "antennas": [-0.2029712245837351, 0.31957618242911146], "body_yaw": -0.13710549839812095, "check_collision": false}, {"head": [[0.9983868589636578, 0.05491968926452489, 0.014405123386097033, -0.026768531976142828], [-0.05326012567818265, 0.9938044652642397, -0.09755021185831513, 0.0011205581232713625], [-0.0196733032667328, 0.09662563092650937, 0.9951263480516575, -0.0015483592798494223], [0.0, 0.0, 0.0, 1.0]], "antennas": [-0.2029712245837351, 0.31957618242911146], "body_yaw": -0.13710549839812095, "check_collision": false}, {"head": [[0.9983294780220705, 0.055158854766080775, 0.01719750136137034, -0.02693267899690926], [-0.053169681165413124, 0.9935510028860384, -0.10014684053386548, 0.0011932745853744722], [-0.022610579757012854, 0.09906515737150766, 0.9948240328208853, -0.0016236601400604917], [0.0, 0.0, 0.0, 1.0]], "antennas": [-0.2029712245837351, 0.31957618242911146], "body_yaw": -0.13710549839812095, "check_collision": false}, {"head": [[0.998264674543609, 0.055320326722985036, 0.020181699869051037, -0.02701604545560706], [-0.05297164505265814, 0.9933114975489006, -0.102597629882836, 0.001260751512398687], [-0.025722448926131916, 0.10135053176191228, 0.9945181875324453, -0.0017025964123952315], [0.0, 0.0, 0.0, 1.0]], "antennas": [-0.2029712245837351, 0.31957618242911146], "body_yaw": -0.13710549839812095, "check_collision": false}, {"head": [[0.9981964686093852, 0.055335066982933265, 0.023277465878986353, -0.02715259156735734], [-0.05261717596523313, 0.9931310965982816, -0.10450864922550064, 0.0013351547371595433], [-0.028900568319615752, 0.10309537007785234, 0.9942515284470597, -0.0017730063827616233], [0.0, 0.0, 0.0, 1.0]], "antennas": [-0.2029712245837351, 0.31957618242911146], "body_yaw": -0.13710549839812095, "check_collision": false}, {"head": [[0.9981319598802276, 0.055186243055300316, 0.02621200570534179, -0.027200129789452337], [-0.052127487075427054, 0.9930277770386879, -0.1057287052829223, 0.0013794739145650547], [-0.03186401978496653, 0.10416483383101599, 0.9940494814827379, -0.001818864661570831], [0.0, 0.0, 0.0, 1.0]], "antennas": [-0.2029712245837351, 0.31957618242911146], "body_yaw": -0.13710549839812095, "check_collision": false}, {"head": [[0.9980453423342368, 0.05496351258946521, 0.029740661202528263, -0.027327403119231784], [-0.0514874751398196, 0.9929081820917997, -0.10715587636188702, 0.0014402325831312617], [-0.03541940920826221, 0.10541515175241771, 0.9937973189903222, -0.0018990464698079319], [0.0, 0.0, 0.0, 1.0]], "antennas": [-0.2029712245837351, 0.31957618242911146], "body_yaw": -0.13710549839812095, "check_collision": false}, {"head": [[0.9979324870072829, 0.05496120634759831, 0.03331692020995476, -0.027508817608903374], [-0.05103972752631088, 0.9927419240883313, -0.10889636528111714, 0.0014278280757280964], [-0.039060179076646814, 0.1069707341015068, 0.9934946222583622, -0.0019146404860745387], [0.0, 0.0, 0.0, 1.0]], "antennas": [-0.2029712245837351, 0.31957618242911146], "body_yaw": -0.13710549839812095, "check_collision": false}, {"head": [[0.9978048059316342, 0.05505198504114709, 0.0368082626968948, -0.027644234489685924], [-0.05068649121460841, 0.9925799128019382, -0.11052599834631066, 0.0015128089554197303], [-0.04261981778569361, 0.10841769064652945, 0.993191399221111, -0.0019755948504593963], [0.0, 0.0, 0.0, 1.0]], "antennas": [-0.2029712245837351, 0.31957618242911146], "body_yaw": -0.13710549839812095, "check_collision": false}, {"head": [[0.9976815080603993, 0.055050062083992275, 0.040013736877177616, -0.02787097873979792], [-0.05026276720113366, 0.9924218016546446, -0.11212770323980577, 0.0014624930456551832], [-0.04588314186727027, 0.10985653492213333, 0.9928878481617599, -0.002113806056876057], [0.0, 0.0, 0.0, 1.0]], "antennas": [-0.2029712245837351, 0.31957618242911146], "body_yaw": -0.13710549839812095, "check_collision": false}, {"head": [[0.9975666552766488, 0.054982495391203944, 0.04286832724420204, -0.027986689962541552], [-0.049807385798655145, 0.9922729953644982, -0.11363770056750808, 0.0015084203981503737], [-0.0487851678285899, 0.11122602155486339, 0.9925969874672266, -0.0021848904724156033], [0.0, 0.0, 0.0, 1.0]], "antennas": [-0.2029712245837351, 0.31957618242911146], "body_yaw": -0.13710549839812095, "check_collision": false}, {"head": [[0.9974639573810844, 0.05457081231210724, 0.045691138848395874, -0.02797701142983395], [-0.04899055744819143, 0.9921075985185164, -0.11542286707034359, 0.0014549413364188836], [-0.05162924565187914, 0.11289171539763011, 0.992265025881694, -0.0022498552546141876], [0.0, 0.0, 0.0, 1.0]], "antennas": [-0.2029712245837351, 0.31957618242911146], "body_yaw": -0.13710549839812095, "check_collision": false}, {"head": [[0.99735083778111, 0.05437364579957564, 0.048319902936375815, -0.02809121339696891], [-0.04837866502431211, 0.99188340676786, -0.11758746595215787, 0.001479558236449116], [-0.05432136916337705, 0.11493830528177616, 0.9918862711173947, -0.0023366789946542305], [0.0, 0.0, 0.0, 1.0]], "antennas": [-0.2029712245837351, 0.326351264242273], "body_yaw": -0.13710549839812095, "check_collision": false}, {"head": [[0.9971443516291747, 0.054596826862781896, 0.05217593804185612, -0.02805148279576124], [-0.04801714233307803, 0.9916166625669042, -0.11996144614766427, 0.0014145660063768946], [-0.05828804385289592, 0.11711353899609322, 0.9914065376663667, -0.0024364917549944427], [0.0, 0.0, 0.0, 1.0]], "antennas": [-0.2029712245837351, 0.3372329404563368], "body_yaw": -0.13710549839812095, "check_collision": false}, {"head": [[0.9968051582648365, 0.05543659325847424, 0.05750009203913323, -0.028197723002441402], [-0.048028899638276314, 0.9912375849149114, -0.12304988846638636, 0.0014292406440397122], [-0.06381771898266722, 0.11989509739746755, 0.9907332962830618, -0.0026115632434766684], [0.0, 0.0, 0.0, 1.0]], "antennas": [-0.2029712245837351, 0.3534531893915734], "body_yaw": -0.13710549839812095, "check_collision": false}, {"head": [[0.9963771619376076, 0.05654974341341412, 0.06351911278533248, -0.02835223227941827], [-0.04819269792629734, 0.9908386053876036, -0.12615990623067952, 0.0015078606179452503], [-0.07007149945408203, 0.12264169190542919, 0.9899742422764497, -0.0027553371747447448], [0.0, 0.0, 0.0, 1.0]], "antennas": [-0.2029712245837351, 0.373369373287622], "body_yaw": -0.13710549839812095, "check_collision": false}, {"head": [[0.9958297388147335, 0.058207885650294354, 0.07024936540853689, -0.028515534074390607], [-0.04874638074908196, 0.9903677911550428, -0.12959717823528036, 0.0015454080151960023], [-0.07711628658101617, 0.12563232183957976, 0.989075122552959, -0.002944350479679893], [0.0, 0.0, 0.0, 1.0]], "antennas": [-0.2029712245837351, 0.39862412990484336], "body_yaw": -0.13710549839812095, "check_collision": false}, {"head": [[0.9953787146275703, 0.059172599929619596, 0.07562947761247325, -0.02870351241626804], [-0.04878939603066848, 0.9899895810119153, -0.1324395119396615, 0.0018372796729895155], [-0.08270918510860205, 0.12813755462557544, 0.9883015520544574, -0.003269755097580875], [0.0, 0.0, 0.0, 1.0]], "antennas": [-0.2029712245837351, 0.4263428431626061], "body_yaw": -0.13710549839812095, "check_collision": false}, {"head": [[0.9950238887004142, 0.06003261747530219, 0.07952072531465816, -0.028842930912600144], [-0.0489599390264815, 0.9896992422814594, -0.13453004942401495, 0.0019068539716367364], [-0.08677779258559466, 0.12996728306219504, 0.9877135819899423, -0.003357576904296446], [0.0, 0.0, 0.0, 1.0]], "antennas": [-0.2029712245837351, 0.4577574913811808], "body_yaw": -0.13710549839812095, "check_collision": false}, {"head": [[0.99477933924452, 0.06056621016733834, 0.08213282168659612, -0.02888277335376869], [-0.049133183390441516, 0.989666869423776, -0.13470492884398905, 0.001872685919993275], [-0.08944269954645619, 0.12996623311810152, 0.9874759651489923, -0.003348359515777501], [0.0, 0.0, 0.0, 1.0]], "antennas": [-0.2029712245837351, 0.49040411792002614], "body_yaw": -0.13710549839812095, "check_collision": false}, {"head": [[0.994555703645347, 0.061092204642928, 0.08441975407672961, -0.02897318669144822], [-0.04938680784315923, 0.9896975389418075, -0.13438647485365712, 0.0018996522798127718], [-0.09175998887081321, 0.12948561288574245, 0.9873264812097526, -0.0033740578998890953], [0.0, 0.0, 0.0, 1.0]], "antennas": [-0.2029712245837351, 0.5263360199795932], "body_yaw": -0.13710549839812095, "check_collision": false}, {"head": [[0.9942968080954987, 0.06173244544477152, 0.08696529532239752, -0.028956989016418196], [-0.049704554316123, 0.9896995277117797, -0.1342546167821288, 0.0019513434419987132], [-0.09435737751410372, 0.1291663656935852, 0.9871234650651216, -0.003306889994957431], [0.0, 0.0, 0.0, 1.0]], "antennas": [-0.2029712245837351, 0.5630892409193408], "body_yaw": -0.13710549839812095, "check_collision": false}, {"head": [[0.9940761107683094, 0.06233857241748435, 0.08903138990660496, -0.02897805260649872], [-0.05005010475850376, 0.9896975783725047, -0.1341405620133693, 0.001987024182336171], [-0.09647628212889765, 0.12888989779090462, 0.9869547716253443, -0.003335964910108959], [0.0, 0.0, 0.0, 1.0]], "antennas": [-0.2029712245837351, 0.6014850996194492], "body_yaw": -0.13710549839812095, "check_collision": false}, {"head": [[0.9938388577361577, 0.06289183191970195, 0.09126303924082946, -0.029030928179216715], [-0.05025652521236509, 0.989613261350966, -0.13468435184490996, 0.0020422335299401517], [-0.09878565952236251, 0.12926797915991628, 0.986676838198122, -0.0034617805169432376], [0.0, 0.0, 0.0, 1.0]], "antennas": [-0.2029712245837351, 0.6411129366398283], "body_yaw": -0.13710549839812095, "check_collision": false}, {"head": [[0.9936764990919121, 0.06333802024901593, 0.09271089657303758, -0.02905877741432247], [-0.05046063652519197, 0.9895339448740893, -0.13518985207253956, 0.0020949981992985298], [-0.10030323680676353, 0.12965672806629788, 0.9864727028931051, -0.0034745448935275553], [0.0, 0.0, 0.0, 1.0]], "antennas": [-0.2029712245837351, 0.6823834114205682], "body_yaw": -0.13710549839812095, "check_collision": false}, {"head": [[0.9935563034339525, 0.0633530702098