{"description": "You express gratitude when someone gives you something like a compliment or help. Can also be used to say the pleasure is mine.", "time": [0.0, 0.010100841522216797, 0.02016139030456543, 0.03029036521911621, 0.040241241455078125, 0.050383806228637695, 0.06042003631591797, 0.07042431831359863, 0.08053255081176758, 0.09057259559631348, 0.10064697265625, 0.11072111129760742, 0.12081122398376465, 0.1308138370513916, 0.14090847969055176, 0.1509113311767578, 0.16097164154052734, 0.17101621627807617, 0.18112421035766602, 0.19115948677062988, 0.20119476318359375, 0.21131157875061035, 0.22133326530456543, 0.23147082328796387, 0.24146199226379395, 0.25154542922973633, 0.26165246963500977, 0.27167177200317383, 0.2817404270172119, 0.2917325496673584, 0.3018834590911865, 0.3118712902069092, 0.32193827629089355, 0.33199429512023926, 0.34203290939331055, 0.3520801067352295, 0.3621857166290283, 0.3722076416015625, 0.38236188888549805, 0.39238643646240234, 0.4024202823638916, 0.4125680923461914, 0.42252683639526367, 0.43280482292175293, 0.4428088665008545, 0.4528005123138428, 0.46282267570495605, 0.4727933406829834, 0.48298072814941406, 0.4929697513580322, 0.5029690265655518, 0.5130939483642578, 0.5231575965881348, 0.5332751274108887, 0.5434963703155518, 0.553328275680542, 0.5634632110595703, 0.5734138488769531, 0.5836138725280762, 0.5936243534088135, 0.603846549987793, 0.6139113903045654, 0.623833417892456, 0.6338348388671875, 0.6440103054046631, 0.6539745330810547, 0.6640133857727051, 0.6740560531616211, 0.6841573715209961, 0.6942641735076904, 0.7042431831359863, 0.7146413326263428, 0.7244675159454346, 0.7345645427703857, 0.7447028160095215, 0.7546248435974121, 0.7649059295654297, 0.7749903202056885, 0.7849311828613281, 0.7949156761169434, 0.8048999309539795, 0.8152124881744385, 0.8260774612426758, 0.8352847099304199, 0.8452956676483154, 0.8552587032318115, 0.8658549785614014, 0.8758156299591064, 0.8857965469360352, 0.8960294723510742, 0.9059338569641113, 0.9159703254699707, 0.9260380268096924, 0.9361023902893066, 0.946148157119751, 0.9562127590179443, 0.9662344455718994, 0.9762914180755615, 0.9864089488983154, 0.9964752197265625, 1.0065639019012451, 1.0166592597961426, 1.0267000198364258, 1.0367152690887451, 1.0468239784240723, 1.0568599700927734, 1.0669171810150146, 1.0771558284759521, 1.0872409343719482, 1.0971262454986572, 1.1071584224700928, 1.117288589477539, 1.1273584365844727, 1.1373205184936523, 1.1475298404693604, 1.1574656963348389, 1.1674542427062988, 1.1775622367858887, 1.187572956085205, 1.1976072788238525, 1.2076926231384277, 1.2177538871765137, 1.2278428077697754, 1.2378017902374268, 1.2478890419006348, 1.257967233657837, 1.2680132389068604, 1.2780649662017822, 1.2880961894989014, 1.298187494277954, 1.3082258701324463, 1.3183348178863525, 1.3285315036773682, 1.3384575843811035, 1.3486590385437012, 1.3586549758911133, 1.3687145709991455, 1.378798007965088, 1.388819932937622, 1.398871898651123, 1.4089171886444092, 1.4190165996551514, 1.42915678024292, 1.4391043186187744, 1.4492311477661133, 1.4592046737670898, 1.4692561626434326, 1.479379415512085, 1.489480972290039, 1.4994752407073975, 1.5095765590667725, 1.519759178161621, 1.529792308807373, 1.5397114753723145, 1.5498332977294922, 1.5598816871643066, 1.5698394775390625, 1.580005168914795, 1.590090036392212, 1.600090503692627, 1.6104276180267334, 1.6205382347106934, 1.6303393840789795, 1.6403164863586426, 1.6504931449890137, 1.6607749462127686, 1.6705858707427979, 1.6807641983032227, 1.6907234191894531, 1.7006876468658447, 1.7108519077301025, 1.7208940982818604, 1.731022596359253, 1.7409706115722656, 1.751058578491211, 1.7611110210418701, 1.7711210250854492, 1.7813003063201904, 1.7913079261779785, 1.8014745712280273, 1.8133041858673096, 1.8217763900756836, 1.8317773342132568, 1.8416180610656738, 1.8516967296600342, 1.8621563911437988, 1.8725783824920654, 1.8822062015533447, 1.8922157287597656, 1.9022266864776611, 1.912332534790039, 1.9223368167877197, 1.9324531555175781, 1.942457914352417, 1.9525823593139648, 1.9627094268798828, 1.972705364227295, 1.982966661453247, 1.9927787780761719, 2.002777338027954, 2.0129194259643555, 2.023036241531372, 2.033043146133423, 2.043074607849121, 2.0531554222106934, 2.063218355178833, 2.073202133178711, 2.083376407623291, 2.09340500831604, 2.103426933288574, 2.1135666370391846, 2.1236276626586914, 2.1336660385131836, 2.1437125205993652, 2.1538100242614746, 2.1637916564941406, 2.1738502979278564, 2.1839303970336914, 2.1939713954925537, 2.204028367996216, 2.214158773422241, 2.2242095470428467, 2.234279155731201, 2.2443718910217285, 2.2543833255767822, 2.2645263671875, 2.274553060531616, 2.284681558609009, 2.294642448425293, 2.30469012260437, 2.314819574356079, 2.3248093128204346, 2.3348522186279297, 2.3449103832244873, 2.3549561500549316, 2.3650765419006348, 2.375091314315796, 2.3852014541625977, 2.395301342010498, 2.4052257537841797, 2.415424346923828, 2.4254555702209473, 2.4356048107147217, 2.4456186294555664, 2.4556198120117188, 2.4657857418060303, 2.4758071899414062, 2.4858362674713135, 2.4958417415618896, 2.505861520767212, 2.516026496887207], "set_target_data": [{"head": [[0.9967056061320375, -0.04875161375160314, 0.06481677916698805, -0.012598717037583876], [0.05022055065646672, 0.9985125022972392, -0.021229202713877172, -0.005590175290376004], [-0.06368540646591539, 0.02441439970017958, 0.9976713417205842, -0.0014366085814459537], [0.0, 0.0, 0.0, 1.0]], "antennas": [-0.0, -0.0], "body_yaw": 0.05223588077947574, "check_collision": false}, {"head": [[0.9967622352380257, -0.04695774102083622, 0.06526880542429865, -0.01262405300549048], [0.04838753863792272, 0.9986182422117553, -0.020500059182050875, -0.005608064688473701], [-0.06421598327409163, 0.02359188165713215, 0.9976571207644526, -0.0012155496948756958], [0.0, 0.0, 0.0, 1.0]], "antennas": [-0.0, -0.0], "body_yaw": 0.05223588077947574, "check_collision": false}, {"head": [[0.9967011442534053, -0.04590669026302457, 0.06692835597149491, -0.012710180954721833], [0.04733343785719694, 0.9986811142601595, -0.01988913473997772, -0.00552039747493184], [-0.06592704076910541, 0.022991472531807063, 0.9975595307981613, -0.0008795449544272147], [0.0, 0.0, 0.0, 1.0]], "antennas": [-0.0, -0.0], "body_yaw": 0.05223588077947574, "check_collision": false}, {"head": [[0.9966521936653048, -0.04565972440211009, 0.06782030986112653, -0.012600235379502221], [0.047162933771525965, 0.998672070024081, -0.02073051451073326, -0.005598991387359992], [-0.0667836996594118, 0.023859717545277416, 0.997482155899774, -0.0008734534862031582], [0.0, 0.0, 0.0, 1.0]], "antennas": [-0.0, -0.0], "body_yaw": 0.05223588077947574, "check_collision": false}, {"head": [[0.996654233853029, -0.04762290476974223, 0.0664258766154027, -0.012359781505500171], [0.04910935757463566, 0.9985741642963595, -0.020926284869384356, -0.005522461157619743], [-0.06533459375735962, 0.024118402540800925, 0.9975718989212965, -0.0010767081016254685], [0.0, 0.0, 0.0, 1.0]], "antennas": [-0.0, -0.0], "body_yaw": 0.05223588077947574, "check_collision": false}, {"head": [[0.9966523435627588, -0.05212006177765828, 0.06298892943330131, -0.011958014050866833], [0.05351711239269366, 0.9983523910947758, -0.020698354439214212, -0.005944661558692919], [-0.06180634880016876, 0.024000049075712914, 0.9977995654901615, -0.001301902431837144], [0.0, 0.0, 0.0, 1.0]], "antennas": [-0.0, -0.0], "body_yaw": 0.05223588077947574, "check_collision": false}, {"head": [[0.9966084070370808, -0.05650807377742504, 0.05982073738242914, -0.011487515405664554], [0.05786833778483438, 0.9980979347014354, -0.02125484007819489, -0.006296552826511266], [-0.058505884362453464, 0.024644478949541988, 0.9979828210707201, -0.0018321822794972204], [0.0, 0.0, 0.0, 1.0]], "antennas": [-0.0, -0.0], "body_yaw": 0.05223588077947574, "check_collision": false}, {"head": [[0.9965309526088322, -0.06092227827425155, 0.056696882651591, -0.011042956392274568], [0.062220689646010977, 0.9978324719871579, -0.021422969634782834, -0.006662102692422966], [-0.05526885445265176, 0.02487637147722117, 0.9981615700224183, -0.002446196170894588], [0.0, 0.0, 0.0, 1.0]], "antennas": [-0.0, -0.0], "body_yaw": 0.05223588077947574, "check_collision": false}, {"head": [[0.9963126184252781, -0.06304103810261023, 0.05819788554158105, -0.010820472286125676], [0.064346971151118, 0.9977098911855704, -0.02084323233459861, -0.007099467979892336], [-0.05675062704713413, 0.02451123304573055, 0.9980874539760204, -0.002802131785358375], [0.0, 0.0, 0.0, 1.0]], "antennas": [-0.0, -0.0], "body_yaw": 0.05223588077947574, "check_collision": false}, {"head": [[0.9961557608976186, -0.06513022326047743, 0.058581174864684775, -0.010575871398945362], [0.06648140005504502, 0.9975577723023957, -0.021417618116928043, -0.00738458817002819], [-0.05704317204720887, 0.025229842193756735, 0.9980528701354806, -0.0033506498793934303], [0.0, 0.0, 0.0, 1.0]], "antennas": [-0.0, -0.0], "body_yaw": 0.05223588077947574, "check_collision": false}, {"head": [[0.9960861076965811, -0.0653467493374871, 0.05951695896884266, -0.010506601926125878], [0.06675352327153822, 0.997527782182607, -0.021961122573443962, -0.007605112822047847], [-0.05793473211046616, 0.025848135810407142, 0.9979856916260952, -0.0037230356239595364], [0.0, 0.0, 0.0, 1.0]], "antennas": [-0.0, -0.0], "body_yaw": 0.05223588077947574, "check_collision": false}, {"head": [[0.9961065315346729, -0.06499688262957948, 0.05955823270044966, -0.010418865581807945], [0.06643056142052883, 0.9975392553775801, -0.02241460439304229, -0.007651097053368385], [-0.057954795688688165, 0.02628382067318056, 0.9979731471475086, -0.004030820692119741], [0.0, 0.0, 0.0, 1.0]], "antennas": [-0.0, -0.0], "body_yaw": 0.05223588077947574, "check_collision": false}, {"head": [[0.996096789092846, -0.06585009419156011, 0.05877883848703467, -0.010142011934707658], [0.06738441748090361, 0.997425928273663, -0.024512402741894018, -0.00784224807428164], [-0.05701339351136309, 0.028377503455804257, 0.9979700347495081, -0.004358608520981022], [0.0, 0.0, 0.0, 1.0]], "antennas": [-0.0, -0.0], "body_yaw": 0.05223588077947574, "check_collision": false}, {"head": [[0.9960532178720832, -0.0659163385823196, 0.0594392418741102, -0.00983451643232549], [0.06758209363686887, 0.9973627427605585, -0.026461669879152137, -0.007839900895187484], [-0.05753822891196304, 0.030374259843438885, 0.997881133478651, -0.004818644625539825], [0.0, 0.0, 0.0, 1.0]], "antennas": [-0.0, -0.0], "body_yaw": 0.05223588077947574, "check_collision": false}, {"head": [[0.9960966265317047, -0.0655822737723592, 0.05908025032957416, -0.009664504242349466], [0.06734123410439039, 0.9973288980104319, -0.028288290556260507, -0.0077463368286147215], [-0.05706723053956193, 0.03215640776182961, 0.9978523421019764, -0.005065389718359237], [0.0, 0.0, 0.0, 1.0]], "antennas": [-0.0, -0.0], "body_yaw": 0.05223588077947574, "check_collision": false}, {"head": [[0.996155394568432, -0.06569590219855327, 0.057952379645098966, -0.009517863121090524], [0.06752348865909312, 0.9972617085602343, -0.030160621990066788, -0.007656342121577193], [-0.05581225986749578, 0.03395781314867761, 0.9978636472858617, -0.0051752162477438635], [0.0, 0.0, 0.0, 1.0]], "antennas": [-0.0, -0.0], "body_yaw": 0.05223588077947574, "check_collision": false}, {"head": [[0.9961640693090826, -0.0662257364892643, 0.05719526941997613, -0.00945058415082311], [0.06808670203511874, 0.9971907003327972, -0.031223519592870317, -0.00781862101402684], [-0.054966790187804204, 0.03499798560260182, 0.997874637908094, -0.00532451058517508], [0.0, 0.0, 0.0, 1.0]], "antennas": [-0.0, -0.0], "body_yaw": 0.05223588077947574, "check_collision": false}, {"head": [[0.9961876834824879, -0.0663517430176451, 0.05663519644456952, -0.009659750385220687], [0.06822674699485443, 0.9971616533602621, -0.031839410521061574, -0.007710837550251648], [-0.05436184574032339, 0.03558206382925181, 0.9978871211020595, -0.005368372129069543], [0.0, 0.0, 0.0, 1.0]], "antennas": [-0.0, -0.0], "body_yaw": 0.05223588077947574, "check_collision": false}, {"head": [[0.9960924492994245, -0.06691338911940327, 0.05764053092424601, -0.009706012452593235], [0.06883757214016832, 0.99711234510366, -0.032068051137028056, -0.007641384542858749], [-0.055328302978862084, 0.03591057780703685, 0.9978222333116477, -0.005353505922822632], [0.0, 0.0, 0.0, 1.0]], "antennas": [-0.0, -0.0], "body_yaw": 0.05223588077947574, "check_collision": false}, {"head": [[0.9959305268577687, -0.06750524277413976, 0.059711203896855886, -0.009871582709849096], [0.06949250596894309, 0.9970737979039015, -0.031853306698775875, -0.0078099405622293235], [-0.057386211644992344, 0.03587316171588898, 0.9977073413489258, -0.0050827334060281615], [0.0, 0.0, 0.0, 1.0]], "antennas": [-0.0, -0.0], "body_yaw": 0.05223588077947574, "check_collision": false}, {"head": [[0.9957876903252588, -0.06802872652967905, 0.06147331261154245, -0.010160017494721856], [0.0699763059673222, 0.9970943645981435, -0.030102237288815635, -0.00785209401203062], [-0.05924687670969662, 0.03427711267558275, 0.997654693341725, -0.004578153641946414], [0.0, 0.0, 0.0, 1.0]], "antennas": [-0.0, -0.0], "body_yaw": 0.05223588077947574, "check_collision": false}, {"head": [[0.9957404322992328, -0.06909700252679912, 0.06104584937855057, -0.010471560233765843], [0.07087042366971977, 0.9971097655884386, -0.02737696873365719, -0.007870523019980036], [-0.05897774608622807, 0.03158669989063016, 0.9977594428802004, -0.0039982871538169484], [0.0, 0.0, 0.0, 1.0]], "antennas": [-0.0, -0.0], "body_yaw": 0.05223588077947574, "check_collision": false}, {"head": [[0.9958455352991579, -0.06799622916932177, 0.060565523554964244, -0.010614936153467312], [0.06966125673643084, 0.9972366196953649, -0.025815376202243192, -0.007852729438983588], [-0.05864280974369255, 0.029927197618810724, 0.9978303381377266, -0.0035494850540866985], [0.0, 0.0, 0.0, 1.0]], "antennas": [-0.0, -0.0], "body_yaw": 0.05223588077947574, "check_collision": false}, {"head": [[0.9959557407999127, -0.06517581818156468, 0.06184072357322807, -0.010871045436039518], [0.06680734641804695, 0.9974603592232334, -0.024690286406540564, -0.007717817920326966], [-0.06007446073229331, 0.028721847131087455, 0.997780594452058, -0.0030243657442308725], [0.0, 0.0, 0.0, 1.0]], "antennas": [-0.0, -0.0], "body_yaw": 0.05223588077947574, "check_collision": false}, {"head": [[0.9959671975588695, -0.06162837316266009, 0.0652018788690605, -0.011032644583421482], [0.06333354995608907, 0.9976937277761738, -0.024414893119600503, -0.007581358440836183], [-0.06354685544298229, 0.02844589913161235, 0.9975733697257074, -0.00248856004899356], [0.0, 0.0, 0.0, 1.0]], "antennas": [-0.0, -0.0], "body_yaw": 0.05223588077947574, "check_collision": false}, {"head": [[0.9959919563695081, -0.05825088263719301, 0.06787383530660378, -0.01122866055127908], [0.06003658738766535, 0.9978937039519051, -0.024571605319778252, -0.0074602195683143545], [-0.0662995552178386, 0.028548034698306277, 0.9973912866537291, -0.0018321079677693364], [0.0, 0.0, 0.0, 1.0]], "antennas": [-0.0, -0.0], "body_yaw": 0.05223588077947574, "check_collision": false}, {"head": [[0.9959579529481714, -0.05427864503006024, 0.07156524752272567, -0.011334069253977388], [0.056191800018655126, 0.9981070752167476, -0.024994959750586656, -0.00729451090869869], [-0.07007308734422757, 0.028915309024298775, 0.9971226942227711, -0.0014854428333223035], [0.0, 0.0, 0.0, 1.0]], "antennas": [-0.0, -0.0], "body_yaw": 0.05223588077947574, "check_collision": false}, {"head": [[0.9958945870133252, -0.050427226893411434, 0.07517357478129498, -0.01145279044122539], [0.05241829865014226, 0.9983184249996121, -0.024751651923023397, -0.0071364455385911595], [-0.07379900760974391, 0.028590507063261685, 0.9968632250121792, -0.0011574073732325005], [0.0, 0.0, 0.0, 1.0]], "antennas": [-0.0, -0.0], "body_yaw": 0.05223588077947574, "check_collision": false}, {"head": [[0.9959178267555862, -0.047126887985758086, 0.0769853153478519, -0.011778925105984425], [0.049023839592513364, 0.9985341758610752, -0.022938238577774255, -0.007095968364647234], [-0.07579146061422691, 0.026618716464570234, 0.9967683273618504, -0.0005847176332808854], [0.0, 0.0, 0.0, 1.0]], "antennas": [-0.0, -0.0], "body_yaw": 0.05223588077947574, "check_collision": false}, {"head": [[0.9958754193697237, -0.044987408405071254, 0.0787926530849966, -0.011887158630026148], [0.046908707189983044, 0.9986411147165488, -0.022704563141656416, -0.006891843290055863], [-0.07766416345356288, 0.02630697783258947, 0.9966324400863009, -0.0002687653978654678], [0.0, 0.0, 0.0, 1.0]], "antennas": [-0.0, -0.0], "body_yaw": 0.05223588077947574, "check_collision": false}, {"head": [[0.9958897892614736, -0.04373571534248219, 0.0793140268062284, -0.012012418181594414], [0.04561980833113201, 0.9987143926948652, -0.02209965863893875, -0.006800535239399809], [-0.078245515734568, 0.02562711508555362, 0.9966046810244389, -8.228118222164491e-05], [0.0, 0.0, 0.0, 1.0]], "antennas": [-0.0, -0.0], "body_yaw": 0.05223588077947574, "check_collision": false}, {"head": [[0.9959231351978095, -0.04265785460664499, 0.07948217547427958, -0.012182299623365925], [0.04444748512034222, 0.9987934148484976, -0.02088385792314771, -0.006720528293857376], [-0.07849541288663173, 0.024331500069572354, 0.9966175034887366, 8.232147139053316e-05], [0.0, 0.0, 0.0, 1.0]], "antennas": [-0.0, -0.0], "body_yaw": 0.05223588077947574, "check_collision": false}, {"head": [[0.9959454583492785, -0.04124681455329884, 0.07994588346282179, -0.012319217019790968], [0.04293850390746146, 0.9988862769627652, -0.019557366327158435, -0.006671089394946067], [-0.07905016682862993, 0.02291082680026039, 0.9966073274563528, 0.00024880834072449256], [0.0, 0.0, 0.0, 1.0]], "antennas": [-0.0, -0.0], "body_yaw": 0.05223588077947574, "check_collision": false}, {"head": [[0.9959808819668895, -0.04037553749316833, 0.07994935102047263, -0.012459926344666753], [0.04198631931535873, 0.9989456087135319, -0.018569324766941637, -0.006640055928074644], [-0.07911530665304739, 0.0218514714399094, 0.9966259486131721, 0.00038321274901792404], [0.0, 0.0, 0.0, 1.0]], "antennas": [-0.0, -0.0], "body_yaw": 0.05223588077947574, "check_collision": false}, {"head": [[0.9960425993798707, -0.0404431891550374, 0.07914220537462968, -0.01244778452253199], [0.04199354706316207, 0.9989553011095554, -0.018023550986728764, -0.006741421054374669], [-0.07833059571868575, 0.021275686500958905, 0.9967003877486296, 0.0003612069759731931], [0.0, 0.0, 0.0, 1.0]], "antennas": [-0.0, -0.0], "body_yaw": 0.05223588077947574, "check_collision": false}, {"head": [[0.9960720617352987, -0.04043866802924505, 0.07877285038902627, -0.012510079043303667], [0.041933900843879005, 0.9989685120300825, -0.01742010138944912, -0.006566582378913808], [-0.07798715144437017, 0.02065492920402967, 0.9967403764818448, 0.00035563809562411033], [0.0, 0.0, 0.0, 1.0]], "antennas": [-0.0, -0.0], "body_yaw": 0.05223588077947574, "check_collision": false}, {"head": [[0.996099160193695, -0.04075504019203694, 0.07826550811411259, -0.012541878368981168], [0.042265538025106776, 0.9989488981601317, -0.017740438554515684, -0.006578489603262114], [-0.07746023080822198, 0.020979169754872257, 0.9967746922346757, 0.0003926306410136351], [0.0, 0.0, 0.0, 1.0]], "antennas": [-0.0, -0.0], "body_yaw": 0.05223588077947574, "check_collision": false}, {"head": [[0.9961347120480422, -0.041119372332776384, 0.07761979561891703, -0.012633791798932273], [0.04265224019857739, 0.9989242985956488, -0.018194287049342135, -0.006541228066081026], [-0.076788162232253, 0.021434619057718384, 0.9968170018849215, 0.0005012583923292837], [0.0, 0.0, 0.0, 1.0]], "antennas": [-0.0, -0.0], "body_yaw": 0.05223588077947574, "check_collision": false}, {"head": [[0.9962167434649819, -0.04060830106754342, 0.07683206312753867, -0.012694898284520766], [0.04212574423283722, 0.9989459352478114, -0.01823294064886134, -0.006551634549902267], [-0.0760106684147424, 0.021400568597190837, 0.9968773214146568, 0.0006349054649546484], [0.0, 0.0, 0.0, 1.0]], "antennas": [-0.0, -0.0], "body_yaw": 0.05223588077947574, "check_collision": false}, {"head": [[0.9962916710449674, -0.040163222938693774, 0.0760908780971991, -0.012779379861158437], [0.041653015559811796, 0.9989682897482776, -0.018093710845898243, -0.006478900003335338], [-0.0752856726157116, 0.021196027943406793, 0.9969367060642425, 0.0008684825814962984], [0.0, 0.0, 0.0, 1.0]], "antennas": [-0.0, -0.0], "body_yaw": 0.05223588077947574, "check_collision": false}, {"head": [[0.9963425553029752, -0.039444977743831156, 0.07579977719707356, -0.012809441925981699], [0.04097211922181687, 0.9989853183388173, -0.018698106587695308, -0.006460133852275417], [-0.07498531815502654, 0.021735396805217397, 0.9969477291146758, 0.0010186274288569433], [0.0, 0.0, 0.0, 1.0]], "antennas": [-0.0, -0.0], "body_yaw": 0.05223588077947574, "check_collision": false}, {"head": [[0.9963218535955604, -0.03893007219718653, 0.07633618753008725, -0.01291351705403419], [0.04049228914536619, 0.9989987195552473, -0.019024532760213618, -0.006312147924011989], [-0.07551912716441353, 0.02204558472116868, 0.9969006237467338, 0.0012551860485126012], [0.0, 0.0, 0.0, 1.0]], "antennas": [-0.0, -0.0], "body_yaw": 0.05223588077947574, "check_collision": false}, {"head": [[0.9963321229650982, -0.03808159664853467, 0.07662958139359877, -0.012909965393907454], [0.039644121982923115, 0.9990337125519614, -0.018973264791482123, -0.006306110546250555], [-0.07583300297405463, 0.021941585661544503, 0.9968790912034386, 0.0014107201930693139], [0.0, 0.0, 0.0, 1.0]], "antennas": [-0.0, -0.0], "body_yaw": 0.05223588077947574, "check_collision": false}, {"head": [[0.9963056262250006, -0.036865747798901664, 0.07756297951753283, -0.012899622432447567], [0.03840010459943579, 0.9990933191938762, -0.018384001439179818, -0.006301211407968334], [-0.07681491469214705, 0.02129451059290052, 0.9968179436082835, 0.00154491187522826], [0.0, 0.0, 0.0, 1.0]], "antennas": [-0.0, -0.0], "body_yaw": 0.05223588077947574, "check_collision": false}, {"head": [[0.9962701331321853, -0.035813063011749094, 0.0785063458995147, -0.012925537350602301], [0.03730147032810868, 0.9991495009120196, -0.01757484391462179, -0.006262174783854508], [-0.0778101673313905, 0.020437694218736615, 0.9967586861998656, 0.0016935773446514193], [0.0, 0.0, 0.0, 1.0]], "antennas": [-0.0, -0.0], "body_yaw": 0.05223588077947574, "check_collision": false}, {"head": [[0.9963211381975193, -0.03489150424571512, 0.07827370255884496, -0.012912884993434556], [0.0363650820403295, 0.9991856872334797, -0.01747979507771361, -0.006257399319704794], [-0.0776000669394002, 0.020261918942439765, 0.9967786535895371, 0.0018539244755861875], [0.0, 0.0, 0.0, 1.0]], "antennas": [-0.0, -0.0], "body_yaw": 0.05223588077947574, "check_collision": false}, {"head": [[0.9964103533049415, -0.03444203140214555, 0.07733145737418343, -0.012789780283261576], [0.03596381304351688, 0.9991841925211362, -0.018372630929071466, -0.006177390712744146], [-0.07663557906150703, 0.021087813750565225, 0.9968361410648838, 0.0018365488497640295], [0.0, 0.0, 0.0, 1.0]], "antennas": [-0.0, -0.0], "body_yaw": 0.05223588077947574, "check_collision": false}, {"head": [[0.9964889137501706, -0.034015274216039885, 0.07650363320139043, -0.012654335407194474], [0.0355432030620716, 0.9991931796880326, -0.018699475420655216, -0.006129087611340699], [-0.07580584073205456, 0.021353004119489993, 0.9968939380525792, 0.001707351431700587], [0.0, 0.0, 0.0, 1.0]], "antennas": [-0.0, -0.0], "body_yaw": 0.05223588077947574, "check_collision": false}, {"head": [[0.9965826225022986, -0.033669051973727354, 0.07542858520237229, -0.012572116376159667], [0.03517953208594894, 0.9992044160453823, -0.01878657705970497, -0.006167054371175876], [-0.07473604919083414, 0.021375918567326888, 0.9969742188525982, 0.0018147234723212549], [0.0, 0.0, 0.0, 1.0]], "antennas": [-0.0, -0.0], "body_yaw": 0.05223588077947574, "check_collision": false}, {"head": [[0.9966862003346303, -0.03341160718885008, 0.07416388991669268, -0.012455885426039115], [0.03489881964393022, 0.9992130991255315, -0.01884820743230686, -0.006057373516346172], [-0.07347578138392105, 0.021373980467119812, 0.9970679327453137, 0.0017903777809655788], [0.0, 0.0, 0.0, 1.0]], "antennas": [-0.0, -0.0], "body_yaw": 0.05223588077947574, "check_collision": false}, {"head": [[0.9967830694397972, -0.03326579529022489, 0.07291707167656397, -0.01236325609221015], [0.03473067159756253, 0.9992177093040743, -0.01891427671101154, -0.00611741824664698], [-0.07223083087268606, 0.021385889666490427, 0.9971586387303748, 0.0018581566206288804], [0.0, 0.0, 0.0, 1.0]], "antennas": [-0.0, -0.0], "body_yaw": 0.05223588077947574, "check_collision": false}, {"head": [[0.9968400315503599, -0.03326336121457657, 0.07213529163583024, -0.012308705694819667], [0.03472381754364992, 0.9992146612706516, -0.019087095037549892, -0.006153250276674016], [-0.0714437400607848, 0.021531593124656495, 0.9972122053523219, 0.0018768711353789316], [0.0, 0.0, 0.0, 1.0]], "antennas": [-0.0, -0.0], "body_yaw": 0.05223588077947574, "check_collision": false}, {"head": [[0.9968921179001593, -0.03287819571970815, 0.07159000988092767, -0.012226161401075807], [0.034345170029219246, 0.9992225484196875, -0.019357376509464667, -0.0062414450043130655], [-0.0708979165011129, 0.021755987127264974, 0.9972462897699441, 0.0018998209597462226], [0.0, 0.0, 0.0, 1.0]], "antennas": [-0.0, -0.0], "body_yaw": 0.05223588077947574, "check_collision": false}, {"head": [[0.9968744881261629, -0.03243828263519088, 0.07203480230333509, -0.012162884795638396], [0.03393560970448844, 0.9992306296770376, -0.019660190976078958, -0.0062078341482605555], [-0.07134163803267854, 0.022043287751847277, 0.9972083353782718, 0.0019203840417001952], [0.0, 0.0, 0.0, 1.0]], "antennas": [-0.0, -0.0], "body_yaw": 0.04172299911316615, "check_collision": false}, {"head": [[0.9968998925077154, -0.03170050932543523, 0.07201167979302923, -0.01211194069480575], [0.03320753683107377, 0.9992517883521758, -0.019827328932350025, -0.006313933086190635], [-0.07132926338971025, 0.02215719259036936, 0.9972066962274144, 0.0019394708711573108], [0.0, 0.0, 0.0, 1.0]], "antennas": [-0.0, -0.0], "body_yaw": 0.01828803373201767, "check_collision": false}, {"head": [[0.9969371645275035, -0.03112879428683344, 0.07174460363058029, -0.012070745669632177], [0.03265005251782443, 0.9992641233794736, -0.0201292274376135, -0.006417600744440106], [-0.07106520987406127, 0.02241004000219258, 0.9972198985442756, 0.001970789563123353], [0.0, 0.0, 0.0, 1.0]], "antennas": [-0.0, -0.0], "body_yaw": -0.009636808194117188, "check_collision": false}, {"head": [[0.9970200924868654, -0.030313554511173294, 0.07093675768161962, -0.012082209075391093], [0.03180407258140889, 0.9992944531823971, -0.019977407392624043, -0.006424080433553778], [-0.07028112224999804, 0.02217395435623785, 0.9972807426213989, 0.0021576934287723106], [0.0, 0.0, 0.0, 1.0]], "antennas": [-0.0, -0.0], "body_yaw": -0.037561650120252046, "check_collision": false}, {"head": [[0.9970631012303071, -0.029367770921461978, 0.07072981122629092, -0.012070965339409424], [0.030837423357194402, 0.9993287432464181, -0.019776659025818415, -0.006496290641074116], [-0.07010153697096362, 0.021899702113016433, 0.9972994422748213, 0.0022075445409221453], [0.0, 0.0, 0.0, 1.0]], "antennas": [-0.0, -0.0], "body_yaw": -0.0654864920463869, "check_collision": false}, {"head": [[0.9970343928899716, -0.028796679182352153, 0.07136645334184724, -0.012091105952523284], [0.030263882803423646, 0.9993504781686455, -0.019563209904300702, -0.006312615312412458], [-0.07075674379298422, 0.021665019089947203, 0.997258296609081, 0.002360882801988872], [0.0, 0.0, 0.0, 1.0]], "antennas": [-0.0, -0.0], "body_yaw": -0.09341133397252177, "check_collision": false}, {"head": [[0.9970126151919466, -0.028228948210928372, 0.07189556057935767, -0.012024427642649889], [0.029701390182593625, 0.9993687061026956, -0.019494016616527932, -0.006361002226880755], [-0.0712998777652297, 0.021571178584603574, 0.9972216462176974, 0.0024488431972145], [0.0, 0.0, 0.0, 1.0]], "antennas": [-0.0, -0.0], "body_yaw": -0.12133617589865663, "check_collision": false}, {"head": [[0.9969371055107729, -0.027539911632588905, 0.07319809371200581, -0.011992994900407812], [0.029034873982438494, 0.9993893774432775, -0.019438321593243938, -0.006368046965916613], [-0.07261806764591239, 0.021504081491838977, 0.9971279710902539, 0.0024836180146357014], [0.0, 0.0, 0.0, 1.0]], "antennas": [-0.0, -0.0], "body_yaw": -0.14926101782479148, "check_collision": false}, {"head": [[0.9968819659794863, -0.026882912473655544, 0.07418662225635997, -0.01197830062291211], [0.02838978274642431, 0.9994099635318077, -0.019332486362635928, -0.0064705037516292856], [-0.07362313590499184, 0.02137834910100522, 0.9970569693097935, 0.002505365240378087], [0.0, 0.0, 0.0, 1.0]], "antennas": [-0.0, -0.0], "body_yaw": -0.1725864740219159, "check_collision": false}, {"head": [[0.9968710027580241, -0.02660687232416026, 0.07443304511665183, -0.01195284357196531], [0.028111353591139938, 0.9994196522038465, -0.01923825844551268, -0.006473219066804061], [-0.07387797817675842, 0.021270475638035722, 0.9970404260643829, 0.0025342907737788125], [0.0, 0.0, 0.0, 1.0]], "antennas": [-0.0, -0.0], "body_yaw": -0.1874797230491878, "check_collision": false}, {"head": [[0.9968730072065953, -0.02653938371306997, 0.07443029366467162, -0.011928045742563627], [0.02803236736055776, 0.9994247859850837, -0.01908621331830832, -0.006393453246538557], [-0.0738809439777373, 0.02111298820157086, 0.9970435536355261, 0.002419385016411534], [0.0, 0.0, 0.0, 1.0]], "antennas": [-0.0, -0.0], "body_yaw": -0.19415978327465536, "check_collision": false}, {"head": [[0.9968550891897904, -0.026493678016499454, 0.07468611772995741, -0.011886809953664933], [0.027977366731049988, 0.9994300597031129, -0.018889751523733622, -0.006398856690013749], [-0.07414309210716359, 0.020919865845413853, 0.9970281646502261, 0.0024145477786449146], [0.0, 0.0, 0.0, 1.0]], "antennas": [-0.0, -0.0], "body_yaw": -0.1662349413485205, "check_collision": false}, {"head": [[0.996812824444202, -0.026403775751222765, 0.075279702773402, -0.011831294570873636], [0.027900852328522376, 0.999431913229462, -0.018904847469344295, -0.006475629552401985], [-0.07473777801697475, 0.020944962272019654, 0.9969832361140829, 0.002343816139033893], [0.0, 0.0, 0.0, 1.0]], "antennas": [-0.0, -0.0], "body_yaw": -0.14433310454370882, "check_collision": false}, {"head": [[0.9968052935277334, -0.026303722003025824, 0.07541432890291729, -0.011756518363491014], [0.027811670435043588, 0.9994323023307435, -0.01901536340652624, -0.006477568427643757], [-0.07487134153133877, 0.02105201336350682, 0.9969709599334581, 0.00233577592601386], [0.0, 0.0, 0.0, 1.0]], "antennas": [-0.0, -0.0], "body_yaw": -0.13447727798154357, "check_collision": false}, {"head": [[0.9967745468877073, -0.026195403236311254, 0.07585712574368549, -0.011678294272951407], [0.0276927200231145, 0.999440537436759, -0.018754343119505565, -0.00634117654939273], [-0.07532340894122923, 0.020794542010099816, 0.9969423108124476, 0.00203131185669908], [0.0, 0.0, 0.0, 1.0]], "antennas": [-0.0, -0.0], "body_yaw": -0.12856378204424443, "check_collision": false}, {"head": [[0.9967346916571274, -0.026170500233377345, 0.07638756027459845, -0.011591986670188492], [0.027693683800524317, 0.999436832698977, -0.01894933566627395, -0.0063437949778241964], [-0.07584862770497033, 0.0210029131829692, 0.9968981208293558, 0.0019557080707860433], [0.0, 0.0, 0.0, 1.0]], "antennas": [-0.0, -0.0], "body_yaw": -0.1380910810543375, "check_collision": false}, {"head": [[0.9966749871936926, -0.025928411188396894, 0.07724433568681859, -0.011480707770566435], [0.027498704920926133, 0.9994348310728735, -0.01933493382478007, -0.0062944394584596615], [-0.07669935547398253, 0.02139476411606836, 0.9968246951888247, 0.0018318265899244226], [0.0, 0.0, 0.0, 1.0]], "antennas": [-0.0, -0.0], "body_yaw": -0.15835028009878832, "check_collision": false}, {"head": [[0.9966040129292847, -0.02611881163318202, 0.07809128691548449, -0.011424107459490315], [0.027769539367304905, 0.9994116935567833, -0.020127579717643247, -0.006282028992877643], [-0.07751963684495604, 0.02222778578340039, 0.9967430117350176, 0.0017238463112208549], [0.0, 0.0, 0.0, 1.0]], "antennas": [-0.0, -0.0], "body_yaw": -0.18627512202492316, "check_collision": false}, {"head": [[0.9965161024873157, -0.026680224741397345, 0.07901786564592751, -0.011419827838019066], [0.028452073273062182, 0.9993664256031333, -0.021382864721099744, -0.0061973759310810506], [-0.07839730231298538, 0.023556591115122753, 0.9966438431079986, 0.001680417241174569], [0.0, 0.0, 0.0, 1.0]], "antennas": [-0.0, -0.0], "body_yaw": -0.21419996395105803, "check_collision": false}, {"head": [[0.9964511317145328, -0.02908246419107813, 0.07898957134585652, -0.011212733786866208], [0.031060194609784635, 0.9992311224776192, -0.023925471425241436, -0.0062829259821942825], [-0.07823302637396692, 0.02629399453663131, 0.9965882898347133, 0.0013353419954904569], [0.0, 0.0, 0.0, 1.0]], "antennas": [-0.0, -0.0], "body_yaw": -0.2421248058771929, "check_collision": false}, {"head": [[0.9963100273197472, -0.03235460068106718, 0.07949534122760404, -0.010980237063569582], [0.034535160579758535, 0.9990597455735227, -0.026209682529517612, -0.006432235714836029], [-0.07857259156891039, 0.028858353891663597, 0.9964906137364308, 0.0011108905775754066], [0.0, 0.0, 0.0, 1.0]], "antennas": [-0.0, -0.0], "body_yaw": -0.27004964780332774, "check_collision": false}, {"head": [[0.995931505926394, -0.03801797346888389, 0.08170109666647386, -0.010532973938150787], [0.0405279189344481, 0.9987491575013113, -0.029284947964162776, -0.006730645826195047], [-0.08048554708783477, 0.03247697774947907, 0.9962265418197971, 0.00016290650180594748], [0.0, 0.0, 0.0, 1.0]], "antennas": [-0.0, -0.0], "body_yaw": -0.2979744897294626, "check_collision": false}, {"head": [[0.9954887998421593, -0.044445744348889205, 0.08382496762952094, -0.010095252595914385], [0.04719811584776182, 0.9983999433513442, -0.031143072688058243, -0.0072709849223449655], [-0.08230666588580968, 0.03495896058674525, 0.9959937167600285, -0.0007525418895143474], [0.0, 0.0, 0.0, 1.0]], "antennas": [-0.0, -0.0], "body_yaw": -0.32349012960706824, "check_collision": false}, {"head": [[0.9950332948303774, -0.05172529358935623, 0.08504843433066696, -0.009628864171586293], [0.05468119810123221, 0.9979649958818743, -0.032799901961806696, -0.007676322999034275], [-0.08317877585788737, 0.03728754480500472, 0.9958367990033296, -0.0020141306894463362], [0.0, 0.0, 0.0, 1.0]], "antennas": [-0.0, -0.0], "body_yaw": -0.3429827643633506, "check_collision": false}, {"head": [[0.9947548279943583, -0.05720233981249081, 0.08479813973131163, -0.009051884640925614], [0.06032848289993629, 0.9975727648533661, -0.034771439052804165, -0.008108873387057316], [-0.0826033070337188, 0.039704799996815365, 0.9957912544927808, -0.003241407931689755], [0.0, 0.0, 0.0, 1.0]], "antennas": [-0.0, -0.0], "body_yaw": -0.3504293888769866, "check_collision": false}, {"head": [[0.9945161648665006, -0.0602711154547473, 0.0854692369280753, -0.008791419110671026], [0.06368515376900226, 0.9972541050188639, -0.037794856957565195, -0.008294755721269177], [-0.08295660919206792, 0.04303071768939949, 0.9956237031763001, -0.00439023557895285], [0.0, 0.0, 0.0, 1.0]], "antennas": [-0.0, -0.0], "body_yaw": -0.32250454695085173, "check_collision": false}, {"head": [[0.9941560156947048, -0.060960529696714096, 0.08909337953589024, -0.008513818975491874], [0.065127306818438, 0.9968783074639679, -0.04463265636674753, -0.008585059820492971], [-0.0860944270240948, 0.05017423568796209, 0.9950227614022314, -0.005435185791783259], [0.0, 0.0, 0.0, 1.0]], "antennas": [-0.0, -0.0], "body_yaw": -0.29457970502471686, "check_collision": false}, {"head": [[0.9940939961117801, -0.058054232457017706, 0.09168878332892344, -0.00851029062550552], [0.062878738963678, 0.9967358643589815, -0.05063477941979452, -0.008422509692683683], [-0.08844993544853133, 0.05610100528849868, 0.9944995153969508, -0.006188425107075568], [0.0, 0.0, 0.0, 1.0]], "antennas": [-0.0, -0.0], "body_yaw": -0.27158277637966466, "check_collision": false}, {"head": [[0.9940196625480258, -0.05678376435958111, 0.09327654889126456, -0.008412122996428888], [0.06197347269337058, 0.9966313062372226, -0.053715250257364136, -0.008207189386841549], [-0.08991217464967106, 0.05917468659015249, 0.9941902017806875, -0.007602193281654457], [0.0, 0.0, 0.0, 1.0]], "antennas": [-0.0, -0.0], "body_yaw": -0.2594272569529942, "check_collision": false}, {"head": [[0.9939133871275018, -0.05442541083902224, 0.0957812797144618, -0.008227462202962665], [0.06004511048812674, 0.9965782704045971, -0.056800842105112256, -0.008075920177607072], [-0.09236213290740412, 0.06220631489153558, 0.9937804640826915, -0.008384765974566055], [0.0, 0.0, 0.0, 1.0]], "antennas": [-0.0, -0.0], "body_yaw": -0.2622744957376197, "check_collision": false}, {"head": [[0.9937411353387389, -0.05214884389783176, 0.09878792444318968, -0.007872934012120598], [0.05828948649843949, 0.9964752525854427, -0.06032749579193614, -0.008355387891299065], [-0.09529371280111831, 0.06570821154846179, 0.9932781781735065, -0.009300425149547653], [0.0, 0.0, 0.0, 1.0]], "antennas": [-0.0, -0.0], "body_yaw": -0.27596314374062697, "check_collision": false}, {"head": [[0.9936637204542119, -0.04794001837603895, 0.10165709661011843, -0.007691705154926608], [0.0541268243092463, 0.9967894978650477, -0.05899986301799561, -0.008272054167059277], [-0.0985022717671521, 0.06412839920075435, 0.9930684019102908, -0.009766653532836456], [0.0, 0.0, 0.0, 1.0]], "antennas": [-0.0, -0.0], "body_yaw": -0.296660379521174, "check_collision": false}, {"head": [[0.9937184124552823, -0.04524125885949346, 0.10235695015074177, -0.007738377149495969], [0.05097732638151572, 0.9972315221533479, -0.054135047969950854, -0.008303198594656124], [-0.09962443948321893, 0.05901287758214103, 0.9932736034633807, -0.009722258513561233], [0.0, 0.0, 0.0, 1.0]], "antennas": [-0.0, -0.0], "body_yaw": -0.32140945511061114, "check_collision": false}, {"head": [[0.9939245727272862, -0.04374828482447794, 0.10099520436039411, -0.007876901533874584], [0.04886329204874758, 0.997615576935256, -0.04873950498614905, -0.008238088752794439], [-0.09862211931935055, 0.05337834983448251, 0.9936923212694698, -0.00957029607582155], [0.0, 0.0, 0.0, 1.0]], "antennas": [-0.0, -0.0], "body_yaw": -0.3471441133562649, "check_collision": false}, {"head": [[0.9943655248160087, -0.04318357864577278, 0.096811061313921, -0.00816341420420561], [0.047783370089991076, 0.9978113545201857, -0.04570831798956566, -0.008038049524756577], [-0.09462532747751187, 0.050076734377719374, 0.9942526681250782, -0.009125298127014514], [0.0, 0.0, 0.0, 1.0]], "antennas": [-0.0, -0.0], "body_yaw": -0.37003153281729306, "check_collision": false}, {"head": [[0.9947828651251256, -0.04290029837382606, 0.09255601359653923, -0.008431642698232303], [0.04714306464401291, 0.997911953344652, -0.04415047936128719, -0.007981413226247017], [-0.09046868358396995, 0.04828351448784278, 0.9947281636302883, -0.008489940195050394], [0.0, 0.0, 0.0, 1.0]], "antennas": [-0.0, -0.0], "body_yaw": -0.38864809410138296, "check_collision": false}, {"head": [[0.9952489475025066, -0.043454789490141595, 0.08712757178712503, -0.008742229966382608], [0.04760439372543435, 0.9978006028821987, -0.04612785043717979, -0.007902911741804138], [-0.08493146762647501, 0.05005634982985156, 0.9951286387440192, -0.007705830680835801], [0.0, 0.0, 0.0, 1.0]], "antennas": [-0.0, -0.0], "body_yaw": -0.39959901250378876, "check_collision": false}, {"head": [[0.9956992195771056, -0.04531094540352712, 0.08080830625735096, -0.008971148119895155], [0.049331295732877714, 0.9976057379564416, -0.048468699773146606, -0.007912635392277524], [-0.07841866738767374, 0.05224662499169343, 0.9955505023765089, -0.006