{"description": "You use it when you're happy to help or contribute.", "time": [0.0, 0.009892463684082031, 0.019994497299194336, 0.03078174591064453, 0.04007720947265625, 0.050214529037475586, 0.06025505065917969, 0.07029342651367188, 0.08033442497253418, 0.09053587913513184, 0.10050129890441895, 0.11112523078918457, 0.12072944641113281, 0.13075995445251465, 0.1406850814819336, 0.15077924728393555, 0.16087102890014648, 0.17088103294372559, 0.18094396591186523, 0.19097352027893066, 0.20117783546447754, 0.21113991737365723, 0.22113037109375, 0.23139286041259766, 0.24123239517211914, 0.25135135650634766, 0.26151251792907715, 0.27144932746887207, 0.2814819812774658, 0.29157567024230957, 0.3017237186431885, 0.31172609329223633, 0.3217127323150635, 0.3318464756011963, 0.3419008255004883, 0.35199427604675293, 0.36200618743896484, 0.37200045585632324, 0.3821256160736084, 0.3922109603881836, 0.40227460861206055, 0.41224050521850586, 0.42230939865112305, 0.43244028091430664, 0.4425492286682129, 0.4524524211883545, 0.46264028549194336, 0.4726412296295166, 0.48268580436706543, 0.49281740188598633, 0.5028059482574463, 0.5128774642944336, 0.5229380130767822, 0.532996416091919, 0.5430219173431396, 0.5530624389648438, 0.5632238388061523, 0.5732436180114746, 0.5833346843719482, 0.5933685302734375, 0.6034736633300781, 0.6134653091430664, 0.6236789226531982, 0.6336040496826172, 0.6437816619873047, 0.6536858081817627, 0.6637845039367676, 0.6737887859344482, 0.6838843822479248, 0.6939747333526611, 0.7039868831634521, 0.7139887809753418, 0.724066972732544, 0.7342092990875244, 0.7441961765289307, 0.7542567253112793, 0.7644245624542236, 0.7743942737579346, 0.7844562530517578, 0.7947399616241455, 0.8047497272491455, 0.8146460056304932, 0.8247194290161133, 0.8347609043121338, 0.8448560237884521, 0.8549158573150635, 0.8649945259094238, 0.8752181529998779, 0.8849985599517822, 0.8952386379241943, 0.9051637649536133, 0.9152114391326904, 0.9253900051116943, 0.9353511333465576, 0.9454970359802246, 0.9555387496948242, 0.9655857086181641, 0.9756100177764893, 0.9856560230255127, 0.9958899021148682, 1.0059468746185303, 1.0158722400665283, 1.0259788036346436, 1.0362093448638916, 1.0460710525512695, 1.056541919708252, 1.0661859512329102, 1.0762743949890137, 1.0862245559692383, 1.0965027809143066, 1.1067821979522705, 1.1165125370025635, 1.1265170574188232, 1.13655686378479, 1.1466429233551025, 1.1566898822784424, 1.1667790412902832, 1.176847219467163, 1.1868722438812256, 1.197009563446045, 1.2070205211639404, 1.217057466506958, 1.2271904945373535, 1.2371699810028076, 1.2472279071807861, 1.2572894096374512, 1.267364740371704, 1.277402639389038, 1.2874553203582764, 1.297635555267334, 1.3075964450836182, 1.3176209926605225, 1.3277082443237305, 1.3377859592437744, 1.3478455543518066, 1.3580577373504639, 1.3679287433624268, 1.3779301643371582, 1.3880031108856201, 1.3982558250427246, 1.4082591533660889, 1.4182329177856445, 1.4282870292663574, 1.4383254051208496, 1.4484338760375977, 1.458461046218872, 1.4684844017028809, 1.4785869121551514, 1.488584041595459, 1.4987199306488037, 1.5087862014770508, 1.51875638961792, 1.5288560390472412, 1.5388624668121338, 1.5489654541015625, 1.558985948562622, 1.5690276622772217, 1.579101800918579, 1.589170217514038, 1.599255084991455, 1.6094002723693848, 1.6193697452545166, 1.6296310424804688, 1.639509916305542, 1.649698257446289, 1.6595914363861084, 1.6696438789367676, 1.6797277927398682, 1.6897618770599365, 1.6998589038848877, 1.7099411487579346, 1.7199304103851318, 1.7300186157226562, 1.7400755882263184, 1.7501447200775146, 1.7601878643035889, 1.7702357769012451, 1.7805030345916748, 1.790459156036377, 1.800572156906128, 1.8105459213256836, 1.8205325603485107, 1.8306429386138916, 1.8406593799591064, 1.8507616519927979, 1.8607938289642334, 1.8708832263946533, 1.8809330463409424, 1.8910939693450928, 1.9010369777679443, 1.9111690521240234, 1.921142816543579, 1.9313147068023682, 1.9413478374481201, 1.951362133026123, 1.9614014625549316, 1.9716296195983887, 1.981924057006836, 1.9918005466461182, 2.0018680095672607, 2.0119123458862305, 2.0217764377593994, 2.0319111347198486, 2.0419423580169678, 2.0519797801971436, 2.0620920658111572, 2.072114944458008, 2.0822370052337646, 2.092273473739624, 2.1023690700531006, 2.1124768257141113, 2.1223909854888916, 2.13297176361084, 2.1427876949310303, 2.152863025665283, 2.162790298461914, 2.1727638244628906, 2.182796001434326, 2.1928603649139404, 2.2029242515563965, 2.2130331993103027, 2.2230072021484375, 2.233088254928589, 2.243136167526245, 2.253114700317383, 2.2632131576538086, 2.273263454437256, 2.283400297164917, 2.293464422225952, 2.3034956455230713, 2.3136403560638428, 2.3238980770111084, 2.3337130546569824, 2.3443422317504883, 2.353997230529785, 2.363941192626953, 2.3738930225372314, 2.384014129638672, 2.394038438796997, 2.404106616973877, 2.414167642593384, 2.424185276031494, 2.4342780113220215, 2.444390058517456, 2.454407215118408, 2.464529275894165, 2.47455096244812, 2.484562635421753, 2.4946672916412354, 2.5049514770507812, 2.5147743225097656, 2.525063991546631, 2.534918785095215, 2.544942855834961, 2.554975748062134, 2.5650641918182373, 2.5751519203186035, 2.58510684967041, 2.595252513885498, 2.6052541732788086, 2.615384817123413, 2.6255691051483154, 2.6356570720672607, 2.645650863647461, 2.6556897163391113, 2.6657605171203613, 2.676342010498047, 2.685971975326538, 2.696000337600708, 2.705993413925171, 2.716049909591675, 2.7260589599609375, 2.7360708713531494, 2.74615216255188, 2.7562170028686523, 2.7662672996520996, 2.776308298110962, 2.7863223552703857, 2.7965073585510254, 2.806560516357422, 2.8166496753692627, 2.8267154693603516, 2.8366947174072266, 2.846909999847412, 2.8568763732910156, 2.8670029640197754, 2.8770034313201904, 2.887004852294922, 2.8970835208892822, 2.907170057296753, 2.917172908782959, 2.9272801876068115, 2.9372904300689697, 2.9473700523376465, 2.957364797592163, 2.967489242553711, 2.977536201477051, 2.987562417984009, 2.9978444576263428, 3.009925365447998, 3.0178778171539307, 3.027930736541748, 3.0379397869110107, 3.0480453968048096, 3.058035373687744, 3.0680863857269287, 3.0781452655792236, 3.0882394313812256, 3.098339557647705, 3.108412265777588, 3.1183252334594727, 3.1284308433532715, 3.138449192047119, 3.1485354900360107, 3.1586086750030518, 3.1688361167907715, 3.1787731647491455, 3.1887569427490234, 3.1989119052886963, 3.2090158462524414, 3.2189903259277344, 3.229156970977783, 3.2391088008880615, 3.2491254806518555, 3.2592318058013916, 3.26928973197937, 3.279338836669922, 3.289553642272949, 3.299740791320801, 3.309614658355713, 3.319579839706421, 3.329724073410034, 3.3397326469421387, 3.349822998046875, 3.359938383102417, 3.3699753284454346, 3.380030870437622, 3.3900508880615234, 3.4000797271728516, 3.410186290740967, 3.4201858043670654, 3.430321216583252, 3.4402832984924316, 3.4504036903381348, 3.460484266281128, 3.4705007076263428, 3.4806113243103027, 3.490638017654419, 3.500969648361206, 3.5108931064605713, 3.5208120346069336, 3.531132936477661, 3.540954351425171, 3.5509564876556396, 3.561159610748291, 3.571061372756958, 3.5811424255371094, 3.5912017822265625, 3.6012818813323975, 3.6114249229431152, 3.6214559078216553, 3.6315345764160156, 3.641587018966675, 3.6516687870025635, 3.661759853363037, 3.6717605590820312, 3.681837558746338, 3.6918771266937256, 3.7019684314727783, 3.7119991779327393, 3.721997022628784, 3.7320845127105713, 3.7421045303344727, 3.7521674633026123, 3.7622506618499756, 3.7723023891448975, 3.782395124435425, 3.7925100326538086, 3.8025550842285156, 3.8127784729003906, 3.8227078914642334, 3.8328261375427246, 3.8429737091064453, 3.852815866470337, 3.862966537475586, 3.872982978820801, 3.8829822540283203, 3.8930447101593018, 3.9030721187591553, 3.9131698608398438, 3.9232053756713867, 3.9332408905029297, 3.943291187286377, 3.9533050060272217, 3.9634833335876465, 3.9734585285186768, 3.9835832118988037, 3.9937384128570557, 4.003787040710449, 4.01378321647644, 4.023814678192139, 4.0339555740356445, 4.044058322906494, 4.05396294593811, 4.064228057861328, 4.0740580558776855, 4.084189414978027, 4.094337463378906, 4.104325532913208, 4.1143882274627686, 4.12443208694458, 4.135134696960449, 4.144757509231567, 4.154675006866455, 4.164878845214844, 4.174886465072632, 4.184837818145752, 4.194910049438477, 4.2050580978393555, 4.2150719165802, 4.225099086761475, 4.235081672668457, 4.2451746463775635, 4.255216121673584, 4.265487194061279, 4.275384187698364, 4.285406827926636, 4.295580625534058, 4.305654048919678, 4.315639972686768, 4.325673341751099, 4.335753440856934, 4.345893144607544, 4.355887174606323, 4.365979433059692], "set_target_data": [{"head": [[0.9980045748300815, -0.04881297721040516, 0.040051989639518996, -0.010851566850441648], [0.0468758081859255, 0.9977488041334502, 0.04795813233629754, 0.004229509957126582], [-0.04230280398678072, -0.045984966088124656, 0.9980460188131255, 0.0036291648234794117], [0.0, 0.0, 0.0, 1.0]], "antennas": [-0.0, -0.0], "body_yaw": -0.03285275520721742, "check_collision": false}, {"head": [[0.9980001976876247, -0.04888956663431188, 0.04006763893432, -0.010906085750736377], [0.04695952273249098, 0.9977537669635826, 0.04777262536973943, 0.004258117524727602], [-0.042313220631364376, -0.04579553236168335, 0.9980542873889734, 0.003610614377312247], [0.0, 0.0, 0.0, 1.0]], "antennas": [-0.0, -0.0], "body_yaw": -0.03285275520721742, "check_collision": false}, {"head": [[0.9980108171048799, -0.048897076587055686, 0.039793025053260975, -0.010994529606439664], [0.0469847585672648, 0.9977584018192142, 0.047650855832222415, 0.0042895863601559725], [-0.042033812627760556, -0.045686403890074535, 0.998071095210941, 0.003613037241293635], [0.0, 0.0, 0.0, 1.0]], "antennas": [-0.0, -0.0], "body_yaw": -0.03285275520721742, "check_collision": false}, {"head": [[0.9980229606499386, -0.04906607438882951, 0.03927709713817, -0.011115375071546195], [0.04717918459769467, 0.9977513594374661, 0.04760618952809889, 0.0043450219762738215], [-0.04152462590112094, -0.04565900880175204, 0.9980936631193555, 0.0036379117581175047], [0.0, 0.0, 0.0, 1.0]], "antennas": [-0.0, -0.0], "body_yaw": -0.03285275520721742, "check_collision": false}, {"head": [[0.9980381167912584, -0.0494006724517231, 0.038464152051953256, -0.011217378737788022], [0.04756890114878271, 0.9977538423176431, 0.047164285045751125, 0.004477378975590416], [-0.04070770289829128, -0.04524205678013646, 0.9981463015124822, 0.0037155141763329214], [0.0, 0.0, 0.0, 1.0]], "antennas": [-0.0, -0.0], "body_yaw": -0.03285275520721742, "check_collision": false}, {"head": [[0.9980536716514183, -0.050238406408042724, 0.03694551427037735, -0.011390082787351518], [0.04851034257996735, 0.9977503924749151, 0.04626987117905702, 0.004568614111687425], [-0.039186925956197834, -0.044387575263046944, 0.9982455249067588, 0.003794202910162634], [0.0, 0.0, 0.0, 1.0]], "antennas": [-0.0, -0.0], "body_yaw": -0.03285275520721742, "check_collision": false}, {"head": [[0.9980699347509729, -0.05126000036962275, 0.03505449626359729, -0.011473341550478409], [0.049656716046875354, 0.9977442864619608, 0.04517244053571019, 0.004504287552979332], [-0.037290962680363623, -0.043344563610890785, 0.9983639781701625, 0.004002260718786841], [0.0, 0.0, 0.0, 1.0]], "antennas": [-0.0, -0.0], "body_yaw": -0.03285275520721742, "check_collision": false}, {"head": [[0.9980154758962786, -0.05407025228731958, 0.03227255318549097, -0.011634563459221921], [0.05271494020950774, 0.9977483619418834, 0.04146494086570647, 0.004627566264406984], [-0.03444190689019346, -0.039681406979517775, 0.9986186163846003, 0.0041090601241499086], [0.0, 0.0, 0.0, 1.0]], "antennas": [-0.0, -0.0], "body_yaw": -0.03285275520721742, "check_collision": false}, {"head": [[0.9979408424068886, -0.05767415731232408, 0.028067180737344894, -0.011749332850457025], [0.056654407461297844, 0.9977494781976186, 0.03586442348050564, 0.004598813693583068], [-0.030072465336894613, -0.03420044348678977, 0.9989624499919245, 0.004290491346605916], [0.0, 0.0, 0.0, 1.0]], "antennas": [-0.0, -0.0], "body_yaw": -0.03285275520721742, "check_collision": false}, {"head": [[0.9978122291744367, -0.062495567045669116, 0.021565236135549015, -0.01191175071038413], [0.06189502922631777, 0.9977044511547319, 0.027474233439871487, 0.004699344455513146], [-0.023232749880609974, -0.026079345192614768, 0.9993898674127678, 0.004388742597612237], [0.0, 0.0, 0.0, 1.0]], "antennas": [-0.0, -0.0], "body_yaw": -0.03285275520721742, "check_collision": false}, {"head": [[0.9975814664895201, -0.06708840123922159, 0.018175921868883158, -0.01207927766721057], [0.06677240680773756, 0.9976153103869431, 0.017468204563297982, 0.004722328317286504], [-0.019304491853466034, -0.016212307076059005, 0.9996821983478305, 0.004508181084987016], [0.0, 0.0, 0.0, 1.0]], "antennas": [-0.0, -0.0], "body_yaw": -0.03285275520721742, "check_collision": false}, {"head": [[0.9974812059297796, -0.06954823188499627, 0.013938696443476218, -0.012137253680797638], [0.0694599014723138, 0.9975620790233714, 0.006724625047202089, 0.004792514084980557], [-0.014372400785152274, -0.005739506619892393, 0.9998802389083561, 0.004548214474112742], [0.0, 0.0, 0.0, 1.0]], "antennas": [-0.0, -0.0], "body_yaw": -0.03285275520721742, "check_collision": false}, {"head": [[0.9973845612938699, -0.07162494988362017, 0.00969037908462548, -0.012214443889382368], [0.0716436645389415, 0.9974290114092238, -0.0015976641231146092, 0.004673804911873655], [-0.009551032617809669, 0.0022877397989217027, 0.9999517708482475, 0.004581277682279559], [0.0, 0.0, 0.0, 1.0]], "antennas": [-0.0, -0.0], "body_yaw": -0.03285275520721742, "check_collision": false}, {"head": [[0.9973114657610983, -0.07291336106349643, 0.007313141587132669, -0.012200624110591855], [0.07299370553185806, 0.9972672756784577, -0.011397359939701927, 0.004706818298353668], [-0.006462136966796515, 0.011900531050794902, 0.9999083048692671, 0.004553854217252682], [0.0, 0.0, 0.0, 1.0]], "antennas": [-0.0, -0.0], "body_yaw": -0.03285275520721742, "check_collision": false}, {"head": [[0.9972231407750934, -0.07430097125647235, 0.0050371790720144865, -0.012202412113811687], [0.0744002804243767, 0.9969454448984523, -0.023756644733664112, 0.004567147455526605], [-0.0032566509534764526, 0.024065443411088284, 0.9997050808403424, 0.004600316222502341], [0.0, 0.0, 0.0, 1.0]], "antennas": [-0.0, -0.0], "body_yaw": -0.03285275520721742, "check_collision": false}, {"head": [[0.9971281559851078, -0.07566996838608857, 0.0030816271978181646, -0.012147516753239506], [0.07573219992659393, 0.9964424441167238, -0.036974172836830146, 0.004613721458165229], [-0.0002728296471857907, 0.03710136718690751, 0.9993114700216572, 0.004519168421289464], [0.0, 0.0, 0.0, 1.0]], "antennas": [-0.0, -0.0], "body_yaw": -0.03285275520721742, "check_collision": false}, {"head": [[0.9970092349190816, -0.0772738792759765, 0.0011545855140422377, -0.012135592427499158], [0.07723529406197856, 0.9957668571206636, -0.04983046870334916, 0.004486166436800915], [0.0027008956342530438, 0.04977061222928214, 0.9987570231648412, 0.004547909503249235], [0.0, 0.0, 0.0, 1.0]], "antennas": [-0.0, -0.0], "body_yaw": -0.03285275520721742, "check_collision": false}, {"head": [[0.9968762309225988, -0.07897917912328165, 0.00026360304540568296, -0.01207449121229412], [0.07883217303636117, 0.9948057859588053, -0.06439671355937611, 0.004594628055392522], [0.004823765740390692, 0.06421633349776142, 0.9979243427215239, 0.004431628116549733], [0.0, 0.0, 0.0, 1.0]], "antennas": [-0.0, -0.0], "body_yaw": -0.03285275520721742, "check_collision": false}, {"head": [[0.996738220565461, -0.08069376801912555, -0.001198109708573729, -0.012064093564087048], [0.08035266958769897, 0.9936873203225837, -0.07828766135383587, 0.0045513109248386755], [0.007507872809811394, 0.07793603295651096, 0.9969300911362207, 0.004497312706471466], [0.0, 0.0, 0.0, 1.0]], "antennas": [-0.0, -0.0], "body_yaw": -0.03285275520721742, "check_collision": false}, {"head": [[0.9966259464944698, -0.0820584559664976, -0.0017699091491791227, -0.01204325946150252], [0.08155728808896423, 0.9925025860418538, -0.09103310090184803, 0.0046251272608722575], [0.009226675109467447, 0.09058160135825997, 0.9958462943455668, 0.004455602837927673], [0.0, 0.0, 0.0, 1.0]], "antennas": [-0.0, -0.0], "body_yaw": -0.03285275520721742, "check_collision": false}, {"head": [[0.9965528151822158, -0.08290715143443568, -0.0029817433538480154, -0.012083817993851198], [0.08218626607430855, 0.9915112188224506, -0.10075177724477895, 0.00448439056017386], [0.011309474840311006, 0.10015940889525131, 0.9949071256095167, 0.004522483313897539], [0.0, 0.0, 0.0, 1.0]], "antennas": [-0.0, -0.0], "body_yaw": -0.03285275520721742, "check_collision": false}, {"head": [[0.9965320969831376, -0.08313651790750085, -0.003478372120162542, -0.012117069387203035], [0.08226932433488107, 0.9906795017543698, -0.10856280706206795, 0.004524847518707497], [0.012471485712323089, 0.1079001584518273, 0.9940835064772968, 0.004505984818893359], [0.0, 0.0, 0.0, 1.0]], "antennas": [-0.0, -0.0], "body_yaw": -0.03285275520721742, "check_collision": false}, {"head": [[0.9965971256806587, -0.08237199176021193, -0.0030040070747493156, -0.012166328536587757], [0.08151380013487852, 0.990313371728377, -0.1124051874405482, 0.004582876366562367], [0.012233947548548806, 0.11177781868255113, 0.9936579138606758, 0.004397929337288218], [0.0, 0.0, 0.0, 1.0]], "antennas": [-0.0, -0.0], "body_yaw": -0.03285275520721742, "check_collision": false}, {"head": [[0.9966872860355889, -0.08130381808014704, -0.002035441132083117, -0.012175704750193703], [0.08054947075095618, 0.9902788615788495, -0.1133999959075759, 0.004565596047189617], [0.011235506964649006, 0.11286038045163471, 0.9935473304818242, 0.0043581080586043135], [0.0, 0.0, 0.0, 1.0]], "antennas": [-0.0, -0.0], "body_yaw": -0.03285275520721742, "check_collision": false}, {"head": [[0.9967751608284782, -0.08024510303907337, -4.6835987888196005e-05, -0.012110605945965221], [0.07971048643820156, 0.9902012745844562, -0.11466330783255661, 0.004320355106946314], [0.009247546006727808, 0.11428980378654456, 0.9934044109240135, 0.0043775332216900425], [0.0, 0.0, 0.0, 1.0]], "antennas": [-0.0, -0.0], "body_yaw": -0.03285275520721742, "check_collision": false}, {"head": [[0.9968579563376851, -0.07917461374091533, 0.0023654651192780408, -0.012078521911494076], [0.07891852798918114, 0.9901882641804091, -0.11532158262618968, 0.004321508128842754], [0.006788285959982394, 0.11514591620359411, 0.9933253933909876, 0.004292006283667547], [0.0, 0.0, 0.0, 1.0]], "antennas": [-0.0, -0.0], "body_yaw": -0.03285275520721742, "check_collision": false}, {"head": [[0.9969135685070191, -0.07834638728509803, 0.00501802012490866, -0.011963274249928801], [0.07839638642822024, 0.9900835883573479, -0.11656969872327247, 0.00416438845117287], [0.004164555390161752, 0.11660330897882262, 0.993169836842416, 0.00425023638399563], [0.0, 0.0, 0.0, 1.0]], "antennas": [-0.0, -0.0], "body_yaw": -0.03285275520721742, "check_collision": false}, {"head": [[0.9969549355488374, -0.07763857628077277, 0.007287520696902115, -0.011940972153139703], [0.07795768747090347, 0.9900820552090186, -0.11687652851310473, 0.004204942543798643], [0.0018588838054294887, 0.11708875021188103, 0.9931197154043502, 0.00420486646365281], [0.0, 0.0, 0.0, 1.0]], "antennas": [-0.0, -0.0], "body_yaw": -0.03285275520721742, "check_collision": false}, {"head": [[0.9969713164700508, -0.07738222334841004, 0.007757940811269282, -0.011967690579853878], [0.07775762245332245, 0.9900493858688141, -0.11728582902972985, 0.004195525297586353], [0.0013950936817782264, 0.11753384640366894, 0.9930678973077209, 0.004182549504700815], [0.0, 0.0, 0.0, 1.0]], "antennas": [-0.0, -0.0], "body_yaw": -0.03285275520721742, "check_collision": false}, {"head": [[0.9969515550570872, -0.07765079283809231, 0.007612571239166329, -0.011970181987708526], [0.07800607946926275, 0.9899440113632677, -0.11800807570601976, 0.004260916026219511], [0.0016274013305810973, 0.11824216142145871, 0.99298345546504, 0.004183445912274817], [0.0, 0.0, 0.0, 1.0]], "antennas": [-0.0, -0.0], "body_yaw": -0.03285275520721742, "check_collision": false}, {"head": [[0.9969255822174696, -0.07798936371709042, 0.0075526596217693025, -0.011958139780877862], [0.07833286112122145, 0.9897625347199942, -0.11930669609546363, 0.004247539338743198], [0.0018293137845537474, 0.11953151890466071, 0.9928287211797522, 0.004112962592919709], [0.0, 0.0, 0.0, 1.0]], "antennas": [-0.0, -0.0], "body_yaw": -0.03285275520721742, "check_collision": false}, {"head": [[0.9969143977510956, -0.07810040096341607, 0.00787470164028864, -0.011960044922508784], [0.07848026157699566, 0.989647790330016, -0.12015864362467851, 0.004302697939849503], [0.0015912571684878049, 0.12040589048825559, 0.9927234707794279, 0.004116431969755861], [0.0, 0.0, 0.0, 1.0]], "antennas": [-0.0, -0.0], "body_yaw": -0.03285275520721742, "check_collision": false}, {"head": [[0.9969458105082468, -0.07766435935076983, 0.008203547811169276, -0.01187764749671987], [0.07808720638504942, 0.989699761352193, -0.11998654332212284, 0.004154345316257193], [0.0011996287068705251, 0.12026067381337698, 0.9927416235984663, 0.004191176741548784], [0.0, 0.0, 0.0, 1.0]], "antennas": [-0.0, -0.0], "body_yaw": -0.03285275520721742, "check_collision": false}, {"head": [[0.996954391951628, -0.07759194180458832, 0.007837788932683446, -0.011841428924090009], [0.07797148207823869, 0.9897203500548829, -0.11989193746771834, 0.0041744921557675], [0.001545429028722798, 0.12013791763732948, 0.9927560084909502, 0.00416398383042915], [0.0, 0.0, 0.0, 1.0]], "antennas": [-0.0, -0.0], "body_yaw": -0.03285275520721742, "check_collision": false}, {"head": [[0.9969408902410919, -0.07773585945517071, 0.008123885773752143, -0.011757770027856088], [0.07814865531399416, 0.9896994381529538, -0.11994919671403415, 0.003980417321148785], [0.0012841487116215132, 0.12021712970493628, 0.9927467918294135, 0.004240799198726495], [0.0, 0.0, 0.0, 1.0]], "antennas": [-0.0, -0.0], "body_yaw": -0.03285275520721742, "check_collision": false}, {"head": [[0.9969665955415041, -0.07735806817505955, 0.008563682771201255, -0.011737417583144909], [0.07782663477041799, 0.9897471994970051, -0.1197643352928901, 0.0039707572280845115], [0.0007888565743508916, 0.12006752423556785, 0.9927654140476725, 0.004232007088648957], [0.0, 0.0, 0.0, 1.0]], "antennas": [-0.0, -0.0], "body_yaw": -0.03285275520721742, "check_collision": false}, {"head": [[0.9970186728159828, -0.07673507865843052, 0.008092821482033098, -0.011731267299271854], [0.07715227821324899, 0.9898670672976669, -0.1192087037343366, 0.003861592086142382], [0.0011366717912401994, 0.119477683199834, 0.9928362358387401, 0.004292941578228902], [0.0, 0.0, 0.0, 1.0]], "antennas": [-0.0, -0.0], "body_yaw": -0.03285275520721742, "check_collision": false}, {"head": [[0.9970334999715373, -0.07659641892221004, 0.007562310678634115, -0.011706658254103707], [0.07695090420284724, 0.9898584097750706, -0.11941058135665042, 0.003836140570091323], [0.0016608060907608389, 0.11963827650824088, 0.9928161584690627, 0.004285224294961585], [0.0, 0.0, 0.0, 1.0]], "antennas": [-0.0, -0.0], "body_yaw": -0.03285275520721742, "check_collision": false}, {"head": [[0.9970218761380137, -0.07672461591850074, 0.0077917786412196235, -0.011614370102186144], [0.07710478331492199, 0.9897770689812947, -0.11998419107847622, 0.003632555324947613], [0.0014936171511306788, 0.12022764669973335, 0.9927452251594313, 0.004397339913668695], [0.0, 0.0, 0.0, 1.0]], "antennas": [-0.0, -0.0], "body_yaw": -0.03285275520721742, "check_collision": false}, {"head": [[0.9970450560883035, -0.07638065124189478, 0.008194647383256362, -0.011598890662947624], [0.07681187328240324, 0.9898128426418413, -0.11987690630027803, 0.0035879574547293992], [0.0010451089512103304, 0.12015212298224967, 0.9927549421131776, 0.004388783688650642], [0.0, 0.0, 0.0, 1.0]], "antennas": [-0.0, -0.0], "body_yaw": -0.03285275520721742, "check_collision": false}, {"head": [[0.9970693545296491, -0.0760472225378201, 0.008337997488097392, -0.011501464269108941], [0.07649829712682758, 0.9898666044244587, -0.11963325617020962, 0.0035553829818019723], [0.00084427159365734, 0.11992049611919833, 0.9927831393693191, 0.0044503990019786315], [0.0, 0.0, 0.0, 1.0]], "antennas": [-0.0, -0.0], "body_yaw": -0.03285275520721742, "check_collision": false}, {"head": [[0.9970571640902143, -0.0761559748510184, 0.008790849269012826, -0.011460987183989545], [0.07666035275618234, 0.9897910896596648, -0.12015319032647866, 0.003515713618165748], [0.0004492790637628608, 0.12047350880929954, 0.9927164407943985, 0.004429372851476652], [0.0, 0.0, 0.0, 1.0]], "antennas": [-0.0, -0.0], "body_yaw": -0.03285275520721742, "check_collision": false}, {"head": [[0.9970339963847629, -0.0764159528002716, 0.009154900909090935, -0.011419325850395878], [0.07696218127277114, 0.9896726971272666, -0.12093293684757127, 0.0034281018846446312], [0.0001808501195093423, 0.12127883046297984, 0.9926184627412318, 0.004409405792709873], [0.0, 0.0, 0.0, 1.0]], "antennas": [-0.0, -0.0], "body_yaw": -0.03285275520721742, "check_collision": false}, {"head": [[0.9970280678419816, -0.07647868796898996, 0.00927589466450425, -0.01139255764016978], [0.07703910376268597, 0.9896303783479091, -0.1212299086134127, 0.0033929403418412156], [9.179720700566718e-05, 0.12158422816104136, 0.9925811135800221, 0.0044005822851490555], [0.0, 0.0, 0.0, 1.0]], "antennas": [-0.0, -0.0], "body_yaw": -0.03285275520721742, "check_collision": false}, {"head": [[0.9970177413565526, -0.07663616809276233, 0.00908411582579275, -0.011354666859015018], [0.07717198211496204, 0.9895746300149187, -0.12159990463517997, 0.0033337057878539966], [0.00032954017436399256, 0.12193830149257764, 0.9925376275146343, 0.004350358398593211], [0.0, 0.0, 0.0, 1.0]], "antennas": [-0.0, -0.0], "body_yaw": -0.03285275520721742, "check_collision": false}, {"head": [[0.9969950089856998, -0.07689017923087306, 0.009426154860205035, -0.011311479345380881], [0.07746578616397541, 0.9894864697948623, -0.1221293497358357, 0.0033029357150938937], [6.349489417442188e-05, 0.12249255663404635, 0.9924694300267658, 0.004317311645289144], [0.0, 0.0, 0.0, 1.0]], "antennas": [-0.0, -0.0], "body_yaw": -0.03285275520721742, "check_collision": false}, {"head": [[0.9970153544811936, -0.07655786256003853, 0.009963764799419367, -0.011371039660807136], [0.07720184341173357, 0.9895054808235492, -0.12214245287362972, 0.0032552280224546516], [-0.0005082347588168884, 0.12254712195884053, 0.9924625658416719, 0.004368852342167216], [0.0, 0.0, 0.0, 1.0]], "antennas": [-0.0, -0.0], "body_yaw": -0.03285275520721742, "check_collision": false}, {"head": [[0.9970355501068477, -0.07625255107173053, 0.01027911855116574, -0.011366223226561119], [0.07693734480341506, 0.989545429582079, -0.12198560475654303, 0.0032395653713293456], [-0.0008699412257241884, 0.1224148326318026, 0.9924786405530307, 0.00436751649917516], [0.0, 0.0, 0.0, 1.0]], "antennas": [-0.0, -0.0], "body_yaw": -0.03285275520721742, "check_collision": false}, {"head": [[0.9970242321413112, -0.07638803398323057, 0.010370573137726316, -0.011363775742057557], [0.07708318297606967, 0.9895109069471105, -0.12217343383479093, 0.003208585532091076], [-0.0009292068154529258, 0.12260927084394183, 0.9924545849951072, 0.004342256159888256], [0.0, 0.0, 0.0, 1.0]], "antennas": [-0.0, -0.0], "body_yaw": -0.03285275520721742, "check_collision": false}, {"head": [[0.99702678751141, -0.07632181697876886, 0.0106096766085164, -0.01137044721879679], [0.07704657288038952, 0.9895356282581985, -0.12199617213273317, 0.0031950359280195698], [-0.0011876834867997465, 0.12245089081224336, 0.9924738630045749, 0.004341077921426016], [0.0, 0.0, 0.0, 1.0]], "antennas": [-0.0, -0.0], "body_yaw": -0.03285275520721742, "check_collision": false}, {"head": [[0.9970468858680143, -0.07604101898891544, 0.01073642454555068, -0.01132616131668047], [0.07678302228867567, 0.9895906174292561, -0.12171597012800045, 0.003146011709482411], [-0.0013692585992565696, 0.12218090410170881, 0.9925069026479247, 0.004262810906015045], [0.0, 0.0, 0.0, 1.0]], "antennas": [-0.0, -0.0], "body_yaw": -0.03285275520721742, "check_collision": false}, {"head": [[0.9970470087442157, -0.07600984043734128, 0.010943788690486258, -0.011320586740706231], [0.07677704582648655, 0.9896194397502461, -0.12148518305771605, 0.003130574681517277], [-0.0015961166529058967, 0.1219666701402441, 0.9925329132006311, 0.004243889252713627], [0.0, 0.0, 0.0, 1.0]], "antennas": [-0.0, -0.0], "body_yaw": -0.03285275520721742, "check_collision": false}, {"head": [[0.9970372457495601, -0.07613826472179618, 0.010940531672868209, -0.011352885535378814], [0.07690403108559972, 0.9896161404599748, -0.1214317279128012, 0.003113298482818057], [-0.001581325683233963, 0.12191332653265254, 0.9925394905104917, 0.004262224252362277], [0.0, 0.0, 0.0, 1.0]], "antennas": [-0.0, -0.0], "body_yaw": -0.03285275520721742, "check_collision": false}, {"head": [[0.9970177236020785, -0.07648326033764126, 0.010294159094074433, -0.011346080820454693], [0.07716799822840327, 0.9895506577028006, -0.1217973558390162, 0.0030965289145749204], [-0.0008711330269668156, 0.12222850211010268, 0.9925016042300234, 0.004239164856290221], [0.0, 0.0, 0.0, 1.0]], "antennas": [-0.0, -0.0], "body_yaw": -0.03285275520721742, "check_collision": false}, {"head": [[0.9970110818746322, -0.07669337438964301, 0.009328930480270128, -0.01133560599344976], [0.07725856931504176, 0.9895164228342783, -0.12201787741411811, 0.0031817589578106396], [0.00012683283704396486, 0.1223739157908413, 0.9924840596440064, 0.004329080609117407], [0.0, 0.0, 0.0, 1.0]], "antennas": [-0.0, -0.0], "body_yaw": -0.03285275520721742, "check_collision": false}, {"head": [[0.9969511951822454, -0.07761032480801856, 0.008059274650117812, -0.011269011547807158], [0.07801227246741517, 0.9893729932250122, -0.12269949315889439, 0.003156420690165567], [0.0015491188340315256, 0.12295412868291025, 0.9924111458819193, 0.00427129835145462], [0.0, 0.0, 0.0, 1.0]], "antennas": [-0.0, -0.0], "body_yaw": -0.03285275520721742, "check_collision": false}, {"head": [[0.9969031319440584, -0.07831705563994316, 0.0071122651818406254, -0.011237608791633573], [0.07859449089539562, 0.9891973873096837, -0.12373938314291397, 0.003240629538374399], [0.0026554700187254605, 0.12391516346107659, 0.9922892626363513, 0.004277831622809645], [0.0, 0.0, 0.0, 1.0]], "antennas": [-0.0, -0.0], "body_yaw": -0.03285275520721742, "check_collision": false}, {"head": [[0.9968314747841837, -0.07930597238164318, 0.006129732799355544, -0.011128780350359349], [0.07944839268250022, 0.9889435080130486, -0.12521457925901688, 0.0032387703295293224], [0.003868304506717347, 0.12530483112572885, 0.9921107476067357, 0.004200735510194618], [0.0, 0.0, 0.0, 1.0]], "antennas": [-0.0, -0.0], "body_yaw": -0.03285275520721742, "check_collision": false}, {"head": [[0.9967496578248725, -0.08041918838581509, 0.004782652544995631, -0.011070683688629587], [0.08037357357095397, 0.988623112397812, -0.1271394128675184, 0.003199417195190301], [0.005496207550103987, 0.12711056514794367, 0.9918733265545234, 0.004058280544966651], [0.0, 0.0, 0.0, 1.0]], "antennas": [-0.0, -0.0], "body_yaw": -0.03285275520721742, "check_collision": false}, {"head": [[0.9966609998282958, -0.08160388630480704, 0.0027671576055020757, -0.010952027544970102], [0.0812711644907919, 0.9881930680425989, -0.1298824780132634, 0.003206949252218906], [0.007864429004842442, 0.12967369051780447, 0.9915255340856938, 0.003967981129991747], [0.0, 0.0, 0.0, 1.0]], "antennas": [-0.0, -0.0], "body_yaw": -0.03285275520721742, "check_collision": false}, {"head": [[0.9965730692375323, -0.08271631987087123, 0.00035790711618806544, -0.01079212513310158], [0.08202851449074351, 0.9877106911347271, -0.13303726330844753, 0.0031507119227043544], [0.010650844141474717, 0.13261071240732789, 0.9911109718260083, 0.0039301431488636945], [0.0, 0.0, 0.0, 1.0]], "antennas": [-0.0, -0.0], "body_yaw": -0.03285275520721742, "check_collision": false}, {"head": [[0.9964100752361924, -0.08460883161869116, -0.002882287273253777, -0.01058649502876613], [0.08338948848745774, 0.9867834477096189, -0.13894106857267993, 0.003176017294110125], [0.014599834848577815, 0.13820192812851043, 0.9902964565643747, 0.0037582775103638926], [0.0, 0.0, 0.0, 1.0]], "antennas": [-0.0, -0.0], "body_yaw": -0.03285275520721742, "check_collision": false}, {"head": [[0.9961828602077345, -0.0871135653117778, -0.005561993078715587, -0.010312677677928823], [0.08536728618868217, 0.9855529808049202, -0.14627969262791068, 0.0031574976781696996], [0.018224584415472766, 0.14524651033745017, 0.9892276359653909, 0.003523416215084117], [0.0, 0.0, 0.0, 1.0]], "antennas": [-0.0, -0.0], "body_yaw": -0.03285275520721742, "check_collision": false}, {"head": [[0.9958908683875627, -0.09016454570823325, -0.008469531244104104, -0.010053667896932465], [0.08775811132946722, 0.9839224371905751, -0.15554790737532997, 0.0032012456749620395], [0.0223582682279236, 0.154165470486057, 0.9877920406399626, 0.0033057927035255435], [0.0, 0.0, 0.0, 1.0]], "antennas": [-0.0, -0.0], "body_yaw": -0.03285275520721742, "check_collision": false}, {"head": [[0.9956030375324783, -0.09302669162109209, -0.010983000598081053, -0.009711247481021078], [0.08995406579760645, 0.9821924385429186, -0.1649432621103249, 0.0031643066316372308], [0.026131546119261714, 0.16323004721910023, 0.9862419043937789, 0.0031267302507877997], [0.0, 0.0, 0.0, 1.0]], "antennas": [-0.0, -0.0], "body_yaw": -0.03285275520721742, "check_collision": false}, {"head": [[0.9951468617184094, -0.09742756092612533, -0.013805578002653264, -0.00939456629523331], [0.0934740104948782, 0.9798087775933911, -0.17674096501079806, 0.0032170638605822158], [0.03074626764348161, 0.174592753924471, 0.984160574958713, 0.002968982593664014], [0.0, 0.0, 0.0, 1.0]], "antennas": [-0.0, -0.0], "body_yaw": -0.03285275520721742, "check_collision": false}, {"head": [[0.9947797629161815, -0.10048244560087075, -0.017790486741318695, -0.009126577842334692], [0.09539202574041031, 0.9776007391706677, -0.18760905148234275, 0.0032704742735557707], [0.03624340929832459, 0.18493261718537235, 0.9820826555760986, 0.0026931187089296853], [0.0, 0.0, 0.0, 1.0]], "antennas": [-0.0, -0.0], "body_yaw": -0.03285275520721742, "check_collision": false}, {"head": [[0.994400713894481, -0.10372918429498545, -0.020186047945148472, -0.008811907479359091], [0.097723651570227, 0.9753397088785345, -0.1978952758620496, 0.0033308119615556714], [0.040215769667230776, 0.19481454927759576, 0.9800152974621569, 0.0024206826386186635], [0.0, 0.0, 0.0, 1.0]], "antennas": [-0.0, -0.0], "body_yaw": -0.03285275520721742, "check_collision": false}, {"head": [[0.9940304003926802, -0.10686257246781841, -0.021998947718654883, -0.008709618761938584], [0.10000502754560095, 0.9730326623467827, -0.2078615704547994, 0.0034929967229883965], [0.04361831680351099, 0.20442071473285725, 0.977910841450966, 0.0023459609578184142], [0.0, 0.0, 0.0, 1.0]], "antennas": [-0.0, -0.0], "body_yaw": -0.03285275520721742, "check_collision": false}, {"head": [[0.9938842003245484, -0.1080532158715214, -0.022774961801396834, -0.008546560291842016], [0.10056329872385657, 0.9708499461800402, -0.217571608791196, 0.0035471769963436595], [0.0456203824513679, 0.21395065912970504, 0.9757786102200413, 0.0022381787618396248], [0.0, 0.0, 0.0, 1.0]], "antennas": [-0.0, -0.0], "body_yaw": -0.03285275520721742, "check_collision": false}, {"head": [[0.9938491420385939, -0.10821999231937088, -0.023501407012058415, -0.00834374566139782], [0.10017378427048551, 0.9690001968456815, -0.22584027864391415, 0.003668019766354509], [0.047213301241084055, 0.22209694229193222, 0.9738808204346633, 0.002018009682752007], [0.0, 0.0, 0.0, 1.0]], "antennas": [-0.0, -0.0], "body_yaw": -0.03285275520721742, "check_collision": false}, {"head": [[0.9937419352161858, -0.1089378608329813, -0.02468822938009565, -0.00821348984027726], [0.100266901070329, 0.9673735976316097, -0.23266901631938372, 0.003753409106898739], [0.049229206194525206, 0.22873754628921503, 0.9722425727024334, 0.001912488713046499], [0.0, 0.0, 0.0, 1.0]], "antennas": [-0.0, -0.0], "body_yaw": -0.03285275520721742, "check_collision": false}, {"head": [[0.9935093109194667, -0.11059409768758588, -0.026611927269472514, -0.007988666088967524], [0.10099893413157096, 0.9652798863526241, -0.24090237920649957, 0.003960934125481201], [0.05233033938943619, 0.23665098047490576, 0.9701844407223055, 0.0017134647775954286], [0.0, 0.0, 0.0, 1.0]], "antennas": [-0.0, -0.0], "body_yaw": -0.03712361338415569, "check_collision": false}, {"head": [[0.9932934035442034, -0.11212415901424756, -0.028220337363676212, -0.007867194237134582], [0.1016132605762634, 0.9630014853110113, -0.24960545780059837, 0.0040579085592120714], [0.05516302883845638, 0.24506389422788014, 0.9679363243495068, 0.0015974906282984463], [0.0, 0.0, 0.0, 1.0]], "antennas": [-0.0, -0.0], "body_yaw": -0.04303710932145483, "check_collision": false}, {"head": [[0.99316265587103, -0.1131513499730883, -0.028717781642564076, -0.00778571776791075], [0.10200511144607453, 0.9607779888453719, -0.25787712847229527, 0.004022763780869184], [0.05677055770446698, 0.25318457328500577, 0.9657508351683749, 0.0015264858273743558], [0.0, 0.0, 0.0, 1.0]], "antennas": [-0.0, -0.0], "body_yaw": -0.05322146343569226, "check_collision": false}, {"head": [[0.993164105436207, -0.11311574427650399, -0.028807777940535705, -0.007764533300088349], [0.10155096258695621, 0.9590043317748965, -0.26457152839004955, 0.004097700591060956], [0.0575539891819957, 0.25983748773754095, 0.9639356919916816, 0.0014904382697917256], [0.0, 0.0, 0.0, 1.0]], "antennas": [-0.0, -0.0], "body_yaw": -0.06844324001503636, "check_collision": false}, {"head": [[0.993201587794756, -0.11266099228751779, -0.029293460341304735, -0.0077891266728742255], [0.1006939664286222, 0.9577498259983186, -0.26939932428471686, 0.004028310231875481], [0.05840660174027624, 0.26461816191822957, 0.9625829300668959, 0.0013853241640074381], [0.0, 0.0, 0.0, 1.0]], "antennas": [-0.0, -0.0], "body_yaw": -0.09100213192399237, "check_collision": false}, {"head": [[0.9932923981193003, -0.11187892936724265, -0.029211590200625644, -0.007787000429212765], [0.09984976275662401, 0.9573166519210123, -0.2712468485202904, 0.0040583685933168676], [0.058311548734840325, 0.2665106622977456, 0.9620664375009459, 0.001350522430889121], [0.0, 0.0, 0.0, 1.0]], "antennas": [-0.0, -0.0], "body_yaw": -0.11728433608976635, "check_collision": false}, {"head": [[0.9933354421463726, -0.11150293641812954, -0.029185519457519425, -0.007733265657797271], [0.09938152644850905, 0.9568358992649569, -0.27310872208442133, 0.003895232400321986], [0.05837817722946633, 0.26838807173187845, 0.9615403430826026, 0.0013487785273921787], [0.0, 0.0, 0.0, 1.0]], "antennas": [-0.0, -0.0], "body_yaw": -0.1452091780159012, "check_collision": false}, {"head": [[0.9934549966928661, -0.11077527068785215, -0.02785693719722622, -0.00771159234740856], [0.09899005036491768, 0.9566453855507546, -0.2739170973729072, 0.0039061283521825384], [0.05699245103281819, 0.26936674944855526, 0.9613497879631485, 0.0012653411112129014], [0.0, 0.0, 0.0, 1.0]], "antennas": [-0.0, -0.0], "body_yaw": -0.17313401994203606, "check_collision": false}, {"head": [[0.9935602013440521, -0.11027778253427595, -0.026018012692935896, -0.007731859254502793], [0.09890860059633014, 0.9561597138885476, -0.2756368811763887, 0.003897639922003506], [0.05527399961322203, 0.27128842993370345, 0.9609096589955082, 0.0010955435170855714], [0.0, 0.0, 0.0, 1.0]], "antennas": [-0.0, -0.0], "body_yaw": -0.20105886186817093, "check_collision": false}, {"head": [[0.9936750549619265, -0.10980435389254632, -0.023513592083143364, -0.0077236040983662164], [0.09911270917153016, 0.9560280814026391, -0.27601988778033454, 0.003913655651769276], [0.05278783976534461, 0.2719435813469942, 0.9608642633260324, 0.001017543347