{"description": "A gesture to say thank you.", "time": [0.0, 0.010069847106933594, 0.020141124725341797, 0.03023552894592285, 0.04017949104309082, 0.05023813247680664, 0.060307979583740234, 0.07030177116394043, 0.08039402961730957, 0.09048604965209961, 0.10048341751098633, 0.11067056655883789, 0.12067985534667969, 0.1307373046875, 0.14081192016601562, 0.15097618103027344, 0.16120505332946777, 0.1710035800933838, 0.18108677864074707, 0.19113445281982422, 0.20111799240112305, 0.21112728118896484, 0.22124838829040527, 0.23120546340942383, 0.24127578735351562, 0.2516326904296875, 0.26146817207336426, 0.2715153694152832, 0.2816431522369385, 0.29206371307373047, 0.3018302917480469, 0.31313347816467285, 0.322690486907959, 0.3327484130859375, 0.3428163528442383, 0.35289621353149414, 0.36282920837402344, 0.37288427352905273, 0.3831055164337158, 0.3929762840270996, 0.40304136276245117, 0.4130992889404297, 0.42325758934020996, 0.4332141876220703, 0.4433443546295166, 0.4533541202545166, 0.4635629653930664, 0.47348809242248535, 0.4835841655731201, 0.49364399909973145, 0.5036089420318604, 0.5139563083648682, 0.5237269401550293, 0.5337386131286621, 0.5438456535339355, 0.55393385887146, 0.563974142074585, 0.5742170810699463, 0.5841782093048096, 0.5942564010620117, 0.60420823097229, 0.6143333911895752, 0.6245250701904297, 0.634406328201294, 0.6445341110229492, 0.6546287536621094, 0.6646029949188232, 0.6746132373809814, 0.684741735458374, 0.6947758197784424, 0.704798698425293, 0.7149298191070557, 0.72491455078125, 0.7349669933319092, 0.7450356483459473, 0.7551660537719727, 0.7652215957641602, 0.7752509117126465, 0.7853043079376221, 0.7953567504882812, 0.8053712844848633, 0.815483808517456, 0.8255615234375, 0.8355715274810791, 0.8456361293792725, 0.855687141418457, 0.8657262325286865, 0.8758490085601807, 0.8859057426452637, 0.8959453105926514, 0.906130313873291, 0.9160797595977783, 0.9261603355407715, 0.9361879825592041, 0.9463765621185303, 0.9563097953796387, 0.9663739204406738, 0.9764509201049805, 0.9864697456359863, 0.9964523315429688, 1.0065484046936035, 1.016594409942627, 1.0267114639282227, 1.036851167678833, 1.0468494892120361, 1.0569894313812256, 1.0669608116149902, 1.0771300792694092, 1.0871191024780273, 1.0971686840057373, 1.1072986125946045, 1.117384433746338, 1.1273889541625977, 1.1373944282531738, 1.1476547718048096, 1.1577260494232178, 1.1675686836242676, 1.177715539932251, 1.1877295970916748, 1.1977617740631104, 1.207812786102295, 1.2179250717163086, 1.2279634475708008, 1.2380096912384033, 1.2481918334960938, 1.2583673000335693, 1.2683017253875732, 1.2783749103546143, 1.2884900569915771, 1.2984342575073242, 1.3085086345672607, 1.3186931610107422, 1.3286290168762207, 1.3386709690093994, 1.3488562107086182, 1.358837604522705, 1.3688628673553467, 1.378971815109253, 1.3890206813812256, 1.399017572402954, 1.4091577529907227, 1.419257640838623, 1.4292068481445312, 1.4392905235290527, 1.4494311809539795, 1.4594173431396484, 1.4694678783416748, 1.4796702861785889, 1.4895844459533691, 1.49959135055542, 1.5096478462219238, 1.5197384357452393, 1.5297257900238037, 1.53977370262146, 1.5498936176300049, 1.5599699020385742, 1.5700104236602783, 1.5800940990447998, 1.5902726650238037, 1.600283145904541, 1.6102814674377441, 1.620405673980713, 1.6304545402526855, 1.6404423713684082, 1.6506059169769287, 1.6607277393341064, 1.6706359386444092, 1.6807596683502197, 1.6907715797424316, 1.7008743286132812, 1.710937738418579, 1.7209720611572266, 1.7310490608215332, 1.7411706447601318, 1.7511961460113525, 1.7612736225128174, 1.7712507247924805, 1.7813286781311035, 1.7913289070129395, 1.80134916305542, 1.8114190101623535, 1.8215129375457764, 1.8314926624298096, 1.841604471206665, 1.8517272472381592, 1.8617091178894043, 1.8718681335449219, 1.8818731307983398, 1.8919563293457031, 1.9019174575805664, 1.9120442867279053, 1.9221253395080566, 1.932234287261963, 1.9423375129699707, 1.9523215293884277, 1.962397813796997, 1.9723520278930664, 1.982496976852417, 1.9924988746643066, 2.002480983734131, 2.012608289718628, 2.0226590633392334, 2.032719135284424, 2.042879104614258, 2.052885055541992, 2.0629560947418213, 2.0729658603668213, 2.083035469055176, 2.0930991172790527, 2.103149890899658, 2.1131961345672607, 2.123265266418457, 2.133272409439087, 2.1435000896453857, 2.153451919555664, 2.1636202335357666, 2.173600912094116, 2.1836397647857666, 2.1937003135681152, 2.2037322521209717, 2.2138049602508545, 2.2239949703216553, 2.2339541912078857, 2.2440898418426514, 2.254272222518921, 2.2642040252685547, 2.274379014968872, 2.2843234539031982, 2.294377565383911, 2.3044674396514893, 2.3145852088928223, 2.3248374462127686, 2.3348493576049805, 2.3450772762298584, 2.3549625873565674, 2.365041971206665, 2.375006675720215, 2.3851141929626465, 2.395134210586548, 2.4052159786224365, 2.415295124053955, 2.425295352935791, 2.4353301525115967, 2.445434808731079, 2.4555017948150635, 2.465548515319824, 2.4757943153381348, 2.4857521057128906, 2.4957709312438965, 2.5058138370513916, 2.516063928604126, 2.5260508060455322, 2.5360991954803467, 2.5462112426757812, 2.556152582168579, 2.566201686859131, 2.5762479305267334, 2.5863418579101562, 2.59648060798645, 2.6065151691436768, 2.6166112422943115, 2.626568078994751, 2.636599540710449, 2.6467018127441406, 2.6568148136138916, 2.6668150424957275, 2.676933765411377, 2.687166213989258, 2.697089195251465, 2.707087993621826, 2.7171616554260254, 2.727407455444336, 2.737238883972168, 2.747283458709717, 2.7573556900024414, 2.767394781112671, 2.777557373046875, 2.787541151046753, 2.7976088523864746, 2.807725191116333, 2.817779541015625, 2.8279223442077637, 2.8378608226776123, 2.8480656147003174, 2.858008623123169, 2.8681211471557617, 2.878229856491089, 2.888218402862549, 2.8982183933258057, 2.9082796573638916, 2.918396472930908, 2.928403854370117, 2.938507556915283, 2.9485580921173096, 2.9586732387542725, 2.9686777591705322, 2.9786951541900635, 2.9888193607330322, 2.9988386631011963, 3.0089633464813232, 3.018995523452759, 3.029024839401245, 3.039093255996704, 3.0492360591888428, 3.0591821670532227, 3.069279909133911, 3.0792906284332275, 3.0893754959106445, 3.099363327026367, 3.109466552734375, 3.119586706161499, 3.129636764526367, 3.139676809310913, 3.150000810623169, 3.1598384380340576, 3.1699624061584473, 3.180119514465332, 3.1899807453155518, 3.200012445449829, 3.2101495265960693, 3.220158576965332, 3.2301928997039795, 3.240274667739868, 3.2504940032958984, 3.2604665756225586, 3.2705905437469482, 3.280590057373047, 3.2906808853149414, 3.3006973266601562, 3.3107783794403076, 3.320887804031372, 3.331129550933838, 3.3409852981567383, 3.3509881496429443, 3.361208438873291, 3.371121644973755, 3.3814122676849365, 3.391263246536255, 3.401648759841919, 3.4116878509521484, 3.4214630126953125, 3.4313855171203613, 3.44146466255188, 3.451721429824829, 3.4616878032684326, 3.471686363220215, 3.4818508625030518, 3.491936683654785, 3.5019590854644775, 3.511998414993286, 3.522059440612793, 3.532078981399536, 3.542158842086792, 3.5522029399871826, 3.562274932861328, 3.5723764896392822, 3.5824670791625977, 3.5927255153656006, 3.6028435230255127, 3.612823247909546, 3.6227054595947266, 3.6326887607574463, 3.642839193344116, 3.6529057025909424, 3.662865400314331, 3.672952651977539, 3.683082342147827, 3.693124532699585, 3.703176259994507, 3.7132797241210938, 3.723357677459717, 3.7333853244781494, 3.743802547454834, 3.7536773681640625, 3.763648748397827, 3.7736294269561768, 3.783975601196289, 3.793795347213745, 3.8038065433502197, 3.8140454292297363, 3.8239810466766357, 3.8340158462524414, 3.8440709114074707], "set_target_data": [{"head": [[0.9979856760284571, -0.018268023010084594, 0.060752528978854047, -0.012166338496567886], [0.019641027010432105, 0.9995632552815399, -0.022080053191661196, 0.003310010418823997], [-0.060322636712920284, 0.02322881887385002, 0.9979086137887211, 0.006770658862948807], [0.0, 0.0, 0.0, 1.0]], "antennas": [-0.08967236232849406, 0.2961381868946311], "body_yaw": -0.0, "check_collision": false}, {"head": [[0.9980267006819089, -0.018741219963001716, 0.05992888619257083, -0.012249782398332394], [0.020084074166091356, 0.9995587600073546, -0.021884132549662292, 0.003258093213632084], [-0.05949230782945524, 0.023044564800807864, 0.9979627314395398, 0.0068013031291842534], [0.0, 0.0, 0.0, 1.0]], "antennas": [-0.08967236232849406, 0.2961381868946311], "body_yaw": -0.0, "check_collision": false}, {"head": [[0.9980477097336985, -0.01911974352225709, 0.059457585747845924, -0.012331069095892584], [0.020441967962308873, 0.9995553042117844, -0.021709900228126796, 0.0032064992230650745], [-0.05901605748563082, 0.02288294626420274, 0.9979947273052712, 0.006819391110320592], [0.0, 0.0, 0.0, 1.0]], "antennas": [-0.08967236232849406, 0.2961381868946311], "body_yaw": -0.0, "check_collision": false}, {"head": [[0.9980492753053486, -0.019462872967368074, 0.05931981657359159, -0.012326425852195533], [0.020773616320771793, 0.9995517076754677, -0.02156016113144155, 0.003218607359546845], [-0.05887360127787175, 0.022750390302420136, 0.9980061717312483, 0.006703593098891679], [0.0, 0.0, 0.0, 1.0]], "antennas": [-0.08967236232849406, 0.2961381868946311], "body_yaw": -0.0, "check_collision": false}, {"head": [[0.9980431973002903, -0.01956224748834184, 0.05938934917827194, -0.012379278898846938], [0.020873569787068686, 0.9995500482892352, -0.021540544313739474, 0.003183308826275249], [-0.058941245380108996, 0.022738061443154378, 0.9980024599943876, 0.006674352515869895], [0.0, 0.0, 0.0, 1.0]], "antennas": [-0.08967236232849406, 0.2961381868946311], "body_yaw": -0.0, "check_collision": false}, {"head": [[0.9980196444275121, -0.019587846737606544, 0.05977545982229692, -0.012423649874267164], [0.02090883962566728, 0.9995490140167894, -0.021554326794708055, 0.00315610907021469], [-0.05932629907799005, 0.022761477066503846, 0.9979791107029549, 0.006629985335936948], [0.0, 0.0, 0.0, 1.0]], "antennas": [-0.08967236232849406, 0.2961381868946311], "body_yaw": -0.0, "check_collision": false}, {"head": [[0.9979391894783555, -0.019367732780081963, 0.06117405520514766, -0.012477985504313343], [0.020729371220506165, 0.9995495410606628, -0.021702721815958215, 0.0031433817921905464], [-0.060726166288393064, 0.022926096317902805, 0.9978911397720379, 0.006559994218536034], [0.0, 0.0, 0.0, 1.0]], "antennas": [-0.08967236232849406, 0.2961381868946311], "body_yaw": -0.0, "check_collision": false}, {"head": [[0.9977481248678549, -0.019142639128138482, 0.06428249131676042, -0.012561738416474934], [0.02058531448957973, 0.9995491813056958, -0.021855868284709, 0.0031347081216029932], [-0.06383513256855206, 0.023129926898356412, 0.9976923786075708, 0.006445734939523827], [0.0, 0.0, 0.0, 1.0]], "antennas": [-0.08967236232849406, 0.2961381868946311], "body_yaw": -0.0, "check_collision": false}, {"head": [[0.9974048275106842, -0.019112674837718523, 0.06941408876395071, -0.01268076629360929], [0.020679841158373076, 0.9995456279333331, -0.021929018423605607, 0.003137968184857537], [-0.06896342674234253, 0.023307581168066683, 0.9973468816976605, 0.006273450187604833], [0.0, 0.0, 0.0, 1.0]], "antennas": [-0.08967236232849406, 0.2961381868946311], "body_yaw": -0.0, "check_collision": false}, {"head": [[0.9969355649909191, -0.01918470638596938, 0.07583815858208318, -0.012807344670357396], [0.020932331064514035, 0.9995317904392257, -0.022316751949186815, 0.0031476053970144716], [-0.07537451009752985, 0.023835833155988036, 0.9968703708533609, 0.0060587085406086354], [0.0, 0.0, 0.0, 1.0]], "antennas": [-0.08967236232849406, 0.2961381868946311], "body_yaw": -0.0, "check_collision": false}, {"head": [[0.9963654744432037, -0.019709839677041676, 0.08286955748328068, -0.012943764838728765], [0.02163304348818233, 0.9995155898754666, -0.022374025684620467, 0.003171296777837412], [-0.08238842617144632, 0.024085427457343534, 0.9963092087385266, 0.0058176985408179265], [0.0, 0.0, 0.0, 1.0]], "antennas": [-0.08967236232849406, 0.2961381868946311], "body_yaw": -0.0, "check_collision": false}, {"head": [[0.9958847173737668, -0.020727655887675268, 0.08822694589962234, -0.012942409224523565], [0.022747872753913493, 0.9995001458478275, -0.021954332951457555, 0.0028128793261674055], [-0.08772778343571964, 0.0238709600052829, 0.995858430341322, 0.0058484281533039955], [0.0, 0.0, 0.0, 1.0]], "antennas": [-0.08967236232849406, 0.2961381868946311], "body_yaw": -0.0, "check_collision": false}, {"head": [[0.9954763904087661, -0.021595696662301624, 0.09252233257113476, -0.013087726107192289], [0.023718718576411685, 0.9994785929990622, -0.02190809269899734, 0.002837241939538492], [-0.09200097025481196, 0.02400350020902643, 0.9954695643011334, 0.005711845881510745], [0.0, 0.0, 0.0, 1.0]], "antennas": [-0.08967236232849406, 0.2961381868946311], "body_yaw": -0.0, "check_collision": false}, {"head": [[0.995132047374143, -0.022671138375023693, 0.09590739165323228, -0.013071859857333704], [0.02487197000911097, 0.9994526078328604, -0.021814440262355943, 0.0024977868526269553], [-0.09536033450450898, 0.024093654369450466, 0.995151195759877, 0.005772737285396177], [0.0, 0.0, 0.0, 1.0]], "antennas": [-0.08967236232849406, 0.2961381868946311], "body_yaw": -0.0, "check_collision": false}, {"head": [[0.9951188147803514, -0.02287449435438725, 0.09599636440084378, -0.013175036699335734], [0.025036320260283122, 0.9994579779334866, -0.021375991507542647, 0.0024911831857819247], [-0.09545536725597475, 0.023675047056703067, 0.9951521315903864, 0.005768066992204], [0.0, 0.0, 0.0, 1.0]], "antennas": [-0.08967236232849406, 0.2961381868946311], "body_yaw": -0.0, "check_collision": false}, {"head": [[0.9952045371688004, -0.02318233582982144, 0.09502898770431636, -0.013256836181926248], [0.02535268026341978, 0.9994431241215116, -0.021695235645037038, 0.0024900296896475087], [-0.09447312211467629, 0.024000436489911126, 0.9952380661159416, 0.005787933920634479], [0.0, 0.0, 0.0, 1.0]], "antennas": [-0.08967236232849406, 0.2961381868946311], "body_yaw": -0.0, "check_collision": false}, {"head": [[0.9952791492330684, -0.024167413860993667, 0.09399654892160152, -0.013077564487485331], [0.02635082014749279, 0.9994093871724331, -0.022056996830396514, 0.002095620922657182], [-0.09340797278313058, 0.024429755195111657, 0.9953281557766025, 0.006010636595418116], [0.0, 0.0, 0.0, 1.0]], "antennas": [-0.08967236232849406, 0.2961381868946311], "body_yaw": -0.0, "check_collision": false}, {"head": [[0.9954209060503173, -0.02436301935930459, 0.09243193758471036, -0.013056088506708535], [0.026538285739873418, 0.9993972937921429, -0.02237785849741364, 0.002077572737153279], [-0.09183103608233151, 0.024728373352074465, 0.9954675124600532, 0.006027179486073451], [0.0, 0.0, 0.0, 1.0]], "antennas": [-0.08967236232849406, 0.2961381868946311], "body_yaw": -0.0, "check_collision": false}, {"head": [[0.9955934712657659, -0.024266261904999684, 0.09058028762451549, -0.013008246112884533], [0.02637964199618338, 0.9994052921513128, -0.022207577718018623, 0.0020434036118782747], [-0.08998752391934779, 0.024499194948132484, 0.9956415193159421, 0.0060210766126865805], [0.0, 0.0, 0.0, 1.0]], "antennas": [-0.08967236232849406, 0.2961381868946311], "body_yaw": -0.0, "check_collision": false}, {"head": [[0.9956991015145134, -0.02403188927790115, 0.08947495482494253, -0.01313311534423591], [0.026050135459798587, 0.9994303234996377, -0.02145737430199178, 0.0021433643775195035], [-0.08890832180238784, 0.023695923006802934, 0.9957579091059928, 0.0061009760104815385], [0.0, 0.0, 0.0, 1.0]], "antennas": [-0.08967236232849406, 0.2961381868946311], "body_yaw": -0.0, "check_collision": false}, {"head": [[0.9957764683405508, -0.023768624424107578, 0.08868076224416298, -0.013123520079992736], [0.025731383968559507, 0.9994471267647171, -0.021055561754891858, 0.002113210725112562], [-0.08813127128484306, 0.023248511667141675, 0.995837529784342, 0.006101696959329715], [0.0, 0.0, 0.0, 1.0]], "antennas": [-0.08967236232849406, 0.2961381868946311], "body_yaw": -0.0, "check_collision": false}, {"head": [[0.9958081055409009, -0.024318626171037763, 0.08817494746352199, -0.013054886891724128], [0.02627605639521114, 0.999431872419288, -0.021106900596522014, 0.0017819545132424855], [-0.08761156201870406, 0.023335312589058983, 0.995881357083771, 0.006320536638125372], [0.0, 0.0, 0.0, 1.0]], "antennas": [-0.08967236232849406, 0.2961381868946311], "body_yaw": -0.0, "check_collision": false}, {"head": [[0.9958536036486176, -0.024337838491787438, 0.087654262404113, -0.01305852092804608], [0.02628818801275122, 0.9994303221621842, -0.021165120216964154, 0.001755605288614251], [-0.08708921443593157, 0.023381632969918322, 0.9959260855950064, 0.006346248680565545], [0.0, 0.0, 0.0, 1.0]], "antennas": [-0.08967236232849406, 0.2961381868946311], "body_yaw": -0.0, "check_collision": false}, {"head": [[0.9959588755042563, -0.02472599364685569, 0.08633969853128143, -0.013004097724086705], [0.02658900990083609, 0.9994363376128904, -0.020494672757214904, 0.0014628224208378619], [-0.08578428094231569, 0.02270753833218692, 0.9960549306369111, 0.006554897848006334], [0.0, 0.0, 0.0, 1.0]], "antennas": [-0.08967236232849406, 0.2961381868946311], "body_yaw": -0.0, "check_collision": false}, {"head": [[0.9961063127820149, -0.024597914486626075, 0.08465905881077958, -0.01304243243534307], [0.02635898552790195, 0.9994574781371108, -0.019747234686058643, 0.0014210197275430448], [-0.0841273886303281, 0.021901872036770124, 0.9962142794015384, 0.0066477464856060636], [0.0, 0.0, 0.0, 1.0]], "antennas": [-0.08967236232849406, 0.2961381868946311], "body_yaw": -0.0, "check_collision": false}, {"head": [[0.9962685542189117, -0.024476975120890962, 0.08276379379590293, -0.013121231944405882], [0.02614973323194105, 0.9994738703868569, -0.01918785724918113, 0.001338952359515172], [-0.08225058860857942, 0.02128050992922679, 0.99638445419963, 0.006758370032167725], [0.0, 0.0, 0.0, 1.0]], "antennas": [-0.08967236232849406, 0.2961381868946311], "body_yaw": -0.0, "check_collision": false}, {"head": [[0.9964571578777309, -0.024495244479976527, 0.0804556742069874, -0.013182581351474603], [0.026080927900648716, 0.9994845923141695, -0.01871723607852631, 0.0012854527229093594], [-0.07995572346039953, 0.020749282504325374, 0.9965824349051511, 0.006879691808547859], [0.0, 0.0, 0.0, 1.0]], "antennas": [-0.08967236232849406, 0.2961381868946311], "body_yaw": -0.0, "check_collision": false}, {"head": [[0.9966412111758425, -0.02517738921697977, 0.07792557512246374, -0.013062774645908493], [0.026698783928585317, 0.9994715142385625, -0.018543655583780256, 0.00086736160986933], [-0.07741751173142124, 0.02056188945335183, 0.9967867061610641, 0.007106687232443452], [0.0, 0.0, 0.0, 1.0]], "antennas": [-0.08967236232849406, 0.2961381868946311], "body_yaw": -0.0, "check_collision": false}, {"head": [[0.9968163611293401, -0.025259334588287524, 0.07562478562626214, -0.013079905511847451], [0.02671756617560401, 0.9994748968043228, -0.01833309345530138, 0.0008047908440944251], [-0.07512199306803156, 0.02029523772084317, 0.996967797616022, 0.007183405367793714], [0.0, 0.0, 0.0, 1.0]], "antennas": [-0.08967236232849406, 0.2961381868946311], "body_yaw": -0.0, "check_collision": false}, {"head": [[0.996859603862885, -0.025245578432090188, 0.07505725118842278, -0.013112054096142967], [0.02666464596994554, 0.9994829992275914, -0.017964712920516192, 0.0008941437930288388], [-0.0745649169625386, 0.019909671635872782, 0.9970173910889027, 0.007125247889136042], [0.0, 0.0, 0.0, 1.0]], "antennas": [-0.08967236232849406, 0.2961381868946311], "body_yaw": -0.0, "check_collision": false}, {"head": [[0.9968585902029155, -0.0252641606972656, 0.07506446111788732, -0.01308907123527991], [0.026676365875665242, 0.9994843775529161, -0.0178703813984992, 0.0008550163543239479], [-0.07457427600938356, 0.019816690236336722, 0.9970185435315401, 0.007114251501995515], [0.0, 0.0, 0.0, 1.0]], "antennas": [-0.08967236232849406, 0.2961381868946311], "body_yaw": -0.0, "check_collision": false}, {"head": [[0.996854144594919, -0.0251918679145234, 0.07514774910075009, -0.013041680723245888], [0.02662383771490736, 0.9994813796962698, -0.01811471517222446, 0.0008281861134166067], [-0.07465243244035893, 0.020058450374287363, 0.9970078599987663, 0.007068750429176316], [0.0, 0.0, 0.0, 1.0]], "antennas": [-0.08967236232849406, 0.2961381868946311], "body_yaw": -0.0, "check_collision": false}, {"head": [[0.9968581725314195, -0.025090503442168236, 0.07512822701446319, -0.013001298374988344], [0.026534165947035, 0.9994807596987441, -0.0182797436939393, 0.0008079933058634829], [-0.07463056943916065, 0.02021577673599136, 0.9970063191756343, 0.00704305476277056], [0.0, 0.0, 0.0, 1.0]], "antennas": [-0.08967236232849406, 0.2961381868946311], "body_yaw": -0.0, "check_collision": false}, {"head": [[0.996920713990053, -0.0249231058416761, 0.07435004245303077, -0.013154689474183997], [0.026347897021063837, 0.9994863359534807, -0.018244247445515987, 0.0008502492244825636], [-0.07385714819927915, 0.02014703545165918, 0.9970653030882076, 0.007214885918434553], [0.0, 0.0, 0.0, 1.0]], "antennas": [-0.08967236232849406, 0.2961381868946311], "body_yaw": -0.0, "check_collision": false}, {"head": [[0.9969472550755306, -0.024825505048877018, 0.07402610955894832, -0.013162392992043016], [0.026267639698946237, 0.9994824163756556, -0.01857176514301452, 0.0008507240898255877], [-0.07352674140754221, 0.02045956145544492, 0.9970833589239365, 0.007243465011387949], [0.0, 0.0, 0.0, 1.0]], "antennas": [-0.08967236232849406, 0.2961381868946311], "body_yaw": -0.0, "check_collision": false}, {"head": [[0.9969493666906081, -0.02473958866324732, 0.07402643452151932, -0.013059536838090371], [0.026195381564762536, 0.9994808001253576, -0.018759855155397017, 0.0007697339199735044], [-0.07352388890606891, 0.020641776414550703, 0.9970798136691865, 0.00725553300299364], [0.0, 0.0, 0.0, 1.0]], "antennas": [-0.09685970147839991, 0.2961381868946311], "body_yaw": -0.0, "check_collision": false}, {"head": [[0.9969617468840809, -0.02465407238356199, 0.07388810435210372, -0.013040464715379], [0.02612389363112182, 0.9994782792747047, -0.01899240478782992, 0.0007685002109162958], [-0.07338131527433339, 0.020864946033504094, 0.9970856716429272, 0.0072689652250947905], [0.0, 0.0, 0.0, 1.0]], "antennas": [-0.10897495390938838, 0.2961381868946311], "body_yaw": -0.0, "check_collision": false}, {"head": [[0.9969523312603411, -0.02459709023371421, 0.07403399453362879, -0.013019923404581399], [0.02607010912246055, 0.9994796111578852, -0.018996217782111104, 0.0007669062168688965], [-0.07352821638605044, 0.020868397919268162, 0.9970747772175209, 0.007273161504460111], [0.0, 0.0, 0.0, 1.0]], "antennas": [-0.12396482242100838, 0.2961381868946311], "body_yaw": -0.0, "check_collision": false}, {"head": [[0.9969349182658974, -0.024544085564170974, 0.07428564199081032, -0.013006701131450913], [0.026030195734539317, 0.9994786048987802, -0.019103592845572094, 0.0007634863010032777], [-0.07377802960360054, 0.020978708573372105, 0.9970540086346393, 0.007274660026951872], [0.0, 0.0, 0.0, 1.0]], "antennas": [-0.1434719447736208, 0.2961381868946311], "body_yaw": -0.0, "check_collision": false}, {"head": [[0.9969156546444919, -0.024586331802011224, 0.0745297914478831, -0.013013139899037022], [0.026072110490419728, 0.9994789489866469, -0.01902828387223995, 0.0007523082352379161], [-0.07402312192361846, 0.02091274303071247, 0.9970372282917083, 0.007279186171181394], [0.0, 0.0, 0.0, 1.0]], "antennas": [-0.16503236432668428, 0.3057878847884242], "body_yaw": -0.0, "check_collision": false}, {"head": [[0.9968867766166308, -0.02464024727139046, 0.07489734855993421, -0.013032124619088408], [0.026127804052960096, 0.9994790460459126, -0.018946618973381225, 0.0007400362973921156], [-0.07439148111359031, 0.020844537163417724, 0.9970112400610984, 0.00728911633960516], [0.0, 0.0, 0.0, 1.0]], "antennas": [-0.18864608108019887, 0.31790153932275866], "body_yaw": -0.0, "check_collision": false}, {"head": [[0.9968199598948875, -0.0247203897358955, 0.07575532909611347, -0.013066776622839919], [0.026218822911027603, 0.9994784993811396, -0.01884947214076838, 0.0007213160496025465], [-0.07524985634747218, 0.02077574562153815, 0.9969482571896868, 0.007284694462173056], [0.0, 0.0, 0.0, 1.0]], "antennas": [-0.21349177615398413, 0.33576442601835615], "body_yaw": -0.0, "check_collision": false}, {"head": [[0.996729586906114, -0.024817177406126836, 0.0769040850121761, -0.01309282550821156], [0.026324300715678386, 0.9994795448027102, -0.018645930193950666, 0.0007018833167013296], [-0.07640132052391319, 0.02060939655982131, 0.9968641286532695, 0.0072686864182618365], [0.0, 0.0, 0.0, 1.0]], "antennas": [-0.24080142786831066, 0.3597872043153069], "body_yaw": -0.0, "check_collision": false}, {"head": [[0.9966383120314828, -0.02485876803773795, 0.0780648233372934, -0.01303111893126897], [0.026373714548756606, 0.9994821467475687, -0.018435441784023687, 0.0007723505138797007], [-0.07756611484364545, 0.02043232694818092, 0.9967778176923607, 0.007162162499162792], [0.0, 0.0, 0.0, 1.0]], "antennas": [-0.2718070145434492, 0.38832723645325007], "body_yaw": -0.0, "check_collision": false}, {"head": [[0.9965140098218934, -0.024872462315069843, 0.07963158197019868, -0.013034476740488502], [0.026429656670562504, 0.999478346637729, -0.018560922676082274, 0.0007627152371328157], [-0.07912838603792718, 0.020600854853542967, 0.9966515455776587, 0.007120917558891769], [0.0, 0.0, 0.0, 1.0]], "antennas": [-0.3040445795388584, 0.42384847907272694], "body_yaw": -0.0, "check_collision": false}, {"head": [[0.9963506042556347, -0.025127212539356597, 0.08157264608576638, -0.013012804750794122], [0.026719456800334537, 0.9994720186950145, -0.01848660255449725, 0.0007094050799296581], [-0.08106506046211741, 0.020598714418984712, 0.9964959352333348, 0.007040016600005082], [0.0, 0.0, 0.0, 1.0]], "antennas": [-0.33874610117480886, 0.4630656566530158], "body_yaw": -0.0, "check_collision": false}, {"head": [[0.9961420882521365, -0.025107347266178852, 0.08408662869879038, -0.013021289295698726], [0.026811369289231272, 0.999456158207897, -0.01919735130551855, 0.0007226537469668098], [-0.08355890431012844, 0.021377767272718867, 0.9962735069130987, 0.006944958081564255], [0.0, 0.0, 0.0, 1.0]], "antennas": [-0.3767328983314811, 0.5072107475143872], "body_yaw": -0.0, "check_collision": false}, {"head": [[0.99586052633703, -0.02530422736790033, 0.08730124948159276, -0.013131219239342365], [0.027181414558737436, 0.9994227282291569, -0.02038089795801353, 0.0012323569758409666], [-0.08673513005881614, 0.02266950322134359, 0.9959734488616541, 0.006649719268094543], [0.0, 0.0, 0.0, 1.0]], "antennas": [-0.4171836521286946, 0.5550517733365707], "body_yaw": -0.0, "check_collision": false}, {"head": [[0.9954413682281347, -0.025770712219100895, 0.09182784333642934, -0.013192868847094018], [0.02798083516356154, 0.9993469804112215, -0.02286231848530947, 0.0013131624001076472], [-0.091178699725589, 0.025327517341705814, 0.9955124115658512, 0.006523968460524497], [0.0, 0.0, 0.0, 1.0]], "antennas": [-0.4592770436862691, 0.6074100529997465], "body_yaw": -0.0, "check_collision": false}, {"head": [[0.9950773438523846, -0.02617122577674175, 0.09558319252371804, -0.013127071814651392], [0.028542202731021597, 0.999315777142584, -0.02352275955696526, 0.0012969792912558512], [-0.09490217286735116, 0.026135119958713513, 0.995143473620663, 0.006339815809399572], [0.0, 0.0, 0.0, 1.0]], "antennas": [-0.5046557107645653, 0.6597683326629223], "body_yaw": -0.0, "check_collision": false}, {"head": [[0.9947088605199087, -0.02621772639783781, 0.09933233927434035, -0.013149191594203287], [0.02881698273674851, 0.9992764319871178, -0.024823254843894606, 0.0013729863390176122], [-0.09860965626719564, 0.027554369846235226, 0.9947446367753093, 0.006190662969078107], [0.0, 0.0, 0.0, 1.0]], "antennas": [-0.5516770156032222, 0.7121266123260982], "body_yaw": -0.0, "check_collision": false}, {"head": [[0.9942825539940153, -0.026434199386930465, 0.10345741116957603, -0.01317643051209018], [0.029302177750220697, 0.9992245421057315, -0.02630012989865918, 0.001449668358479034], [-0.10268196142572063, 0.029181287777681787, 0.9942861093475075, 0.006034997348293046], [0.0, 0.0, 0.0, 1.0]], "antennas": [-0.6015729365225109, 0.764484891989274], "body_yaw": -0.0, "check_collision": false}, {"head": [[0.9938073460356063, -0.027232722622895226, 0.10772807333378485, -0.01317636992401705], [0.0303211718699803, 0.9991718077964727, -0.027135309859289147, 0.0013666198952467304], [-0.10689988541666447, 0.030233711701889498, 0.9938100106029477, 0.005875432529337752], [0.0, 0.0, 0.0, 1.0]], "antennas": [-0.6514688574417994, 0.8168431716524499], "body_yaw": -0.0, "check_collision": false}, {"head": [[0.993340634667274, -0.027682989223532524, 0.11183932951545669, -0.01321394881036959], [0.03102167676292439, 0.9991201673608433, -0.028223159703634187, 0.0014541566665274954], [-0.11095962819707786, 0.031504654901934506, 0.9933254338986172, 0.0057186471759596], [0.0, 0.0, 0.0, 1.0]], "antennas": [-0.701364778361088, 0.8692014513156258], "body_yaw": -0.0, "check_collision": false}, {"head": [[0.9928446790101938, -0.028124386737701016, 0.1160537040846743, -0.01324903713003156], [0.0316796562685868, 0.999080043877141, -0.028904416706690035, 0.0015281195008969573], [-0.11513402077513454, 0.03237413778122933, 0.9928222763733057, 0.005558422867274369], [0.0, 0.0, 0.0, 1.0]], "antennas": [-0.7512606992803766, 0.9215597309788016], "body_yaw": -0.0, "check_collision": false}, {"head": [[0.9922675430283302, -0.028816784056701197, 0.12072578850084321, -0.01318689184826936], [0.03261934656107705, 0.9990282459588388, -0.029640209282904985, 0.0017828504139242732], [-0.11975433721769423, 0.03334901397396193, 0.9922432876994005, 0.005378892915588239], [0.0, 0.0, 0.0, 1.0]], "antennas": [-0.8011566201996652, 0.9739180106419774], "body_yaw": -0.0, "check_collision": false}, {"head": [[0.9915989201293061, -0.029157948492558997, 0.12602140944339288, -0.013246016652507762], [0.03328690314102516, 0.9989716717226654, -0.030782806481916482, 0.0018954990109986448], [-0.12499425457865655, 0.03471906011585548, 0.9915498087272255, 0.005221268446656378], [0.0, 0.0, 0.0, 1.0]], "antennas": [-0.8510525411189538, 1.0262762903051532], "body_yaw": -0.0, "check_collision": false}, {"head": [[0.9909421665201535, -0.02986144836013141, 0.13092714200722383, -0.013229690184725813], [0.03428503663350871, 0.9989103941736509, -0.031663238540624625, 0.0018223094507647123], [-0.1298389728678701, 0.03586528005852925, 0.9908862310128949, 0.00513618426906026], [0.0, 0.0, 0.0, 1.0]], "antennas": [-0.9009484620382423, 1.078634569968329], "body_yaw": -0.0, "check_collision": false}, {"head": [[0.9903266521344447, -0.03003844256612883, 0.1354651764860034, -0.013293092733406302], [0.034669832411052696, 0.9988876708662564, -0.031959720148573914, 0.0018960129436620425], [-0.1343544744054778, 0.036347117624194375, 0.9902665107170094, 0.004973461314542791], [0.0, 0.0, 0.0, 1.0]], "antennas": [-0.9508443829575309, 1.130992849631505], "body_yaw": -0.0, "check_collision": false}, {"head": [[0.9896225051815962, -0.030325967484905313, 0.14045509223308922, -0.013350649660706735], [0.03523326881044556, 0.9988477810200918, -0.032584154433857024, 0.0016112015313884355], [-0.1393051112021092, 0.03719470456050197, 0.9895507263125143, 0.005090164301622234], [0.0, 0.0, 0.0, 1.0]], "antennas": [-1.0007403038768194, 1.1833511292946808], "body_yaw": -0.0, "check_collision": false}, {"head": [[0.9888230068540917, -0.030845803533641553, 0.14586842537162256, -0.013439616924484083], [0.036102215033456175, 0.9987855877376276, -0.03352580792881406, 0.0016777500359915348], [-0.14465715048247954, 0.038417263462740645, 0.9887357699013036, 0.004922727500545341], [0.0, 0.0, 0.0, 1.0]], "antennas": [-1.050636224796108, 1.2357094089578566], "body_yaw": -0.0, "check_collision": false}, {"head": [[0.9879597760496106, -0.031193126836652776, 0.15153372478150254, -0.013502389189731361], [0.03676128800784778, 0.9987426783332372, -0.03408328299557518, 0.0017435265725373288], [-0.15028003397659892, 0.039243487534938705, 0.9878642923368006, 0.004731330563735979], [0.0, 0.0, 0.0, 1.0]], "antennas": [-1.1005321457153967, 1.2880676886210325], "body_yaw": -0.0, "check_collision": false}, {"head": [[0.9870057371119941, -0.03179931221273451, 0.15750707492301833, -0.01354765501929044], [0.037795141950933364, 0.998664698843297, -0.03521855376268104, 0.0018300972045567944], [-0.1561768297569043, 0.040713916871545186, 0.9868896467285788, 0.004496149359694], [0.0, 0.0, 0.0, 1.0]], "antennas": [-1.150428066634685, 1.3404259682842083], "body_yaw": -0.0, "check_collision": false}, {"head": [[0.9859564013824353, -0.032402578832088004, 0.16382932417008905, -0.01335384747746421], [0.038882579931299684, 0.9985768696673474, -0.03650178548026414, 0.0014934620984148007], [-0.16241342170794842, 0.04235927584828916, 0.985813152782374, 0.004656408554977285], [0.0, 0.0, 0.0, 1.0]], "antennas": [-1.2003239875539737, 1.3927842479473842], "body_yaw": -0.0, "check_collision": false}, {"head": [[0.9849002460971649, -0.03290907833865646, 0.16996616663513991, -0.013358400865441239], [0.039691428470445225, 0.998539221932987, -0.036660779689476876, 0.0015562985633676175], [-0.16851141131602781, 0.04285341088367415, 0.9847677337483776, 0.004421976951494931], [0.0, 0.0, 0.0, 1.0]], "antennas": [-1.2502199084732624, 1.44514252761056], "body_yaw": -0.0, "check_collision": false}, {"head": [[0.9838002709857941, -0.03381460736577542, 0.1760499904486678, -0.01323802471690788], [0.04086694638467209, 0.9984944936857733, -0.0365874127588055, 0.0008386237634343385], [-0.17454775707945921, 0.043189332107469704, 0.9837010532121232, 0.004442521377102547], [0.0, 0.0, 0.0, 1.0]], "antennas": [-1.300115829392551, 1.4975008072737357], "body_yaw": -0.0, "check_collision": false}, {"head": [[0.9825109617499639, -0.03431086202013593, 0.18301632383095276, -0.013279078019439946], [0.04179745764514993, 0.9984331043919876, -0.03720629770052527, 0.0009039471384358093], [-0.18145297621026465, 0.04420521238059385, 0.9824055764412291, 0.00421400303209407], [0.0, 0.0, 0.0, 1.0]], "antennas": [-1.3500117503118394, 1.5498590869369115], "body_yaw": -0.0, "check_collision": false}, {"head": [[0.9811216204194403, -0.03468822780727378, 0.19025533579146423, -0.013308849863859051], [0.04268969821268448, 0.9983609079895404, -0.03811937912415382, 0.0009534079999642337], [-0.18862119608369057, 0.04552168988396332, 0.9809943017867467, 0.003965897114123871], [0.0, 0.0, 0.0, 1.0]], "antennas": [-1.399907671231128, 1.6022173666000874], "body_yaw": -0.0, "check_collision": false}, {"head": [[0.9795451244060699, -0.03508271719844282, 0.19814275713805676, -0.013346902434382702], [0.04358372952537362, 0.9982997361136127, -0.0387052373219735, 0.00130987447006885], [-0.19644797726868032, 0.04654932684223586, 0.9794086748633476, 0.0031883369768940222], [0.0, 0.0, 0.0, 1.0]], "antennas": [-1.4498035921504167, 1.6545756462632633], "body_yaw": -0.0, "check_collision": false}, {"head": [[0.9778335844594852, -0.03494571728733518, 0.20644679204673685, -0.013321032293414187], [0.04409900198114048, 0.9982299911805477, -0.03990191388832595, 0.001367580636735223], [-0.20468697840210145, 0.04812152897568463, 0.9776438816469217, 0.0028034567092503054], [0.0, 0.0, 0.0, 1.0]], "antennas": [-1.4996995130697053, 1.706933925926439], "body_yaw": -0.0, "check_collision": false}, {"head": [[0.9759843699169362, -0.034685054776575096, 0.21506151829880504, -0.013301615230719106], [0.0445830823635518, 0.9981497981089329, -0.04134403587050129, 0.001430446936746257], [-0.2132295909220998, 0.04993923818244054, 0.9757249684439522, 0.0023995216808450053], [0.0, 0.0, 0.0, 1.0]], "antennas": [-1.5495954339889937, 1.759292205589615], "body_yaw": -0.0, "check_collision": false}, {"head": [[0.9743962985989207, -0.033879021910917025, 0.22227025251050161, -0.013361175574399474], [0.044359746958777375, 0.9981184222728013, -0.04232998900787549, 0.001772376157035089], [-0.22041793512887234, 0.05110603676683628, 0.9740657610651915, 0.0026793466783848734], [0.0, 0.0, 0.0, 1.0]], "antennas": [-1.5994913549082823, 1.8116504852527908], "body_yaw": -0.0, "check_collision": false}, {"head": [[0.9730466821276373, -0.03377969202977463, 0.22812077241402393, -0.013392657658159814], [0.044554231932498606, 0.9981132814011088, -0.042246868613150884, 0.001830324964827778], [-0.2262632864989423, 0.05127192113706383, 0.9727158450881804, 0.0024451165638365007], [0.0, 0.0, 0.0, 1.0]], "antennas": [-1.649387275827571, 1.8640087649159667], "body_yaw": -0.0, "check_collision": false}, {"head": [[0.9715903102936025, -0.03318851031628976, 0.2343305181289166, -0.013091456493000437], [0.04440996378689295, 0.9980973194791803, -0.04277260764696867, 0.001242306734912814], [-0.23246510288649314, 0.051964060960053855, 0.9712155848772772, 0.0023425042105965615], [0.0, 0.0, 0.0, 1.0]], "antennas": [-1.6992831967468596, 1.9163670445791425], "body_yaw": -0.0, "check_collision": false}, {"head": [[0.9704240563562304, -0.033466305277911786, 0.23907563082875116, -0.01311482457891022], [0.04493062939734236, 0.9980786946256116, -0.042663308315154476, 0.0012681624779677493], [-0.23718851023411391, 0.052143319279471155, 0.9700632375610576, 0.0021796112727705524], [0.0, 0.0, 0.0, 1.0]], "antennas": [-1.7491791176661482, 1.9654400487215966], "body_yaw": -0.0, "check_collision": false}, {"head": [[0.9690584458663657, -0.033922179478951445, 0.24448929267855823, -0.012892675416037738], [0.045722512007918326, 0.9980389849095385, -0.04275086544648647, 0.0012878323939437292], [-0.24255964295560312, 0.05260675184931714, 0.9687091148890438, 0.001966638027657618], [0.0, 0.0, 0.0, 1.0]], "antennas": [-1.7990750385854366, 2.01287041510369], "body_yaw": -0.0, "check_collision": false}, {"head": [[0.967882992489531, -0.0342716315425012, 0.249054146965927, -0.01284623053902997], [0.046332880920816936, 0.998011861560509, -0.0427269040547626, 0.001328788537068572], [-0.2470946721301128, 0.052894039890544635, 0.9675466105304538, 0.0017633007616899557], [0.0, 0.0, 0.0, 1.0]], "antennas": [-1.8489709595047252, 2.056604846524971], "body_yaw": -0.0, "check_collision": false}, {"head": [[0.9666510077514641, -0.03451574548851688, 0.25376069933394263, -0.01277445319286274], [0.046816665231169174, 0.9979949395161067, -0.042594607133718224, 0.0013867818075008207], [-0.2517817091643322, 0.053054349620130975, 0.9663287261158457, 0.0015500159886441258], [0.0, 0.0, 0.0, 1.0]], "antennas": [-1.8988668804240139, 2.094179386344899], "body_yaw": -0.0, "check_collision": false}, {"head": [[0.9653309299180423, -0.0347445782220536, 0.2587064166729142, -0.012707034210773726], [0.04742256371373373, 0.9979521643885702, -0.04292526112891145, 0.0014527947881484305], [-0.25668520836695047, 0.053705603770369904, 0.9650017678373835, 0.0013369454173066666], [0.0, 0.0, 0.0, 1.0]], "antennas": [-1.9487628013433025, 2.124772715683293], "body_yaw": -0.0, "check_collision": false}, {"head": [[0.9635777894269562, -0.034943169453086606, 0.2651354722243584, -0.012649638834140522], [0.04822318047006685, 0.9978782974476438, -0.043742751952102234, 0.0009110367309377804], [-0.26304442322241317, 0.05493521995554997, 0.9632184347384675, 0.0012937920783434578], [0.0, 0.0, 0.0, 1.0]], "antennas": [-1.998658722262591, 2.124772715683293], "body_yaw": -0.0, "check_collision": false}, {"head": [[0.9616279241832425, -0.03485049237117715, 0.2721344862609562, -0.012592144080225916], [0.04875077958971325, 0.9978198967834776, -0.04448387429625897, 0.0009613467276715255], [-0.2699909200703298, 0.05604370405760753, 0.9612304647248131, 0.0010362213755765728], [0.0, 0.0, 0.0, 1.0]], "antennas": [-2.0411627732602557, 2.124772715683293], "body_yaw": -0.0, "check_collision": false}, {"head": [[0.9594503240720053, -0.03437992361959316, 0.27977329481213037, -0.012517203196127579], [0.04885185393302964, 0.9977955151184207, -0.04491777350750475, 0.001016684847044951], [-0.2776122691