{"description": "Another impatient movement. Can also be used when you disagree or feel someone is stalling.", "time": [0.0, 0.009855270385742188, 0.01988363265991211, 0.03000020980834961, 0.04031085968017578, 0.05022549629211426, 0.060120344161987305, 0.07015705108642578, 0.08022713661193848, 0.09032058715820312, 0.10039615631103516, 0.11046957969665527, 0.1204829216003418, 0.13063597679138184, 0.14062285423278809, 0.15070509910583496, 0.1607065200805664, 0.1708223819732666, 0.1808011531829834, 0.19099187850952148, 0.20117735862731934, 0.21122264862060547, 0.2211298942565918, 0.23121404647827148, 0.24124622344970703, 0.25133252143859863, 0.2615499496459961, 0.2716095447540283, 0.2814774513244629, 0.2917306423187256, 0.3015894889831543, 0.3117077350616455, 0.3221449851989746, 0.33240795135498047, 0.3423748016357422, 0.352494478225708, 0.3626394271850586, 0.37255001068115234, 0.3825552463531494, 0.3927161693572998, 0.4027574062347412, 0.4128279685974121, 0.42293834686279297, 0.43299341201782227, 0.4430105686187744, 0.4530963897705078, 0.4632697105407715, 0.47326207160949707, 0.48323822021484375, 0.49343109130859375, 0.5034236907958984, 0.5134482383728027, 0.5234661102294922, 0.5335688591003418, 0.5436100959777832, 0.5536618232727051, 0.5637383460998535, 0.5738101005554199, 0.5838353633880615, 0.5939640998840332, 0.6040153503417969, 0.6140663623809814, 0.6241598129272461, 0.6342184543609619, 0.6442787647247314, 0.6543099880218506, 0.6644175052642822, 0.6744647026062012, 0.6844477653503418, 0.6945407390594482, 0.7046175003051758, 0.7146406173706055, 0.7248361110687256, 0.7348027229309082, 0.7449252605438232, 0.7549095153808594, 0.7650797367095947, 0.775078535079956, 0.7850940227508545, 0.7951922416687012, 0.80525803565979, 0.815244197845459, 0.8253512382507324, 0.835362434387207, 0.8454298973083496, 0.8554642200469971, 0.8655827045440674, 0.8756401538848877, 0.8857152462005615, 0.8957929611206055, 0.9058618545532227, 0.9158854484558105, 0.9259459972381592, 0.9360113143920898, 0.9460976123809814, 0.9561340808868408, 0.9663290977478027, 0.976250410079956, 0.9862914085388184, 0.9964110851287842, 1.0064337253570557, 1.016474723815918, 1.0265209674835205, 1.0365831851959229, 1.046631097793579, 1.0567104816436768, 1.0668020248413086, 1.0768885612487793, 1.086909532546997, 1.0971579551696777, 1.1071338653564453, 1.1171600818634033, 1.1272039413452148, 1.1372969150543213, 1.1473584175109863, 1.157362699508667, 1.167541265487671, 1.1775007247924805, 1.1875672340393066, 1.1977818012237549, 1.2077507972717285, 1.217759609222412, 1.227827787399292, 1.2379183769226074, 1.2479796409606934, 1.2581312656402588, 1.2681539058685303, 1.2783000469207764, 1.2882165908813477, 1.2987010478973389, 1.308455467224121, 1.318434476852417, 1.3284661769866943, 1.3384983539581299, 1.3484833240509033, 1.3586809635162354, 1.368699312210083, 1.3787109851837158, 1.3887484073638916, 1.3988287448883057, 1.408846378326416, 1.4188871383666992, 1.429023265838623, 1.439049243927002, 1.4490957260131836, 1.4591693878173828, 1.469301462173462, 1.4793803691864014, 1.489372968673706, 1.4995203018188477, 1.5097124576568604, 1.5195796489715576, 1.5297513008117676, 1.539762258529663, 1.5497291088104248, 1.5598416328430176, 1.5699236392974854, 1.5799915790557861, 1.5900239944458008, 1.60011625289917, 1.610215663909912, 1.6202313899993896, 1.630359172821045, 1.6404237747192383, 1.6504158973693848, 1.6606330871582031, 1.6707379817962646, 1.6806025505065918, 1.6906061172485352, 1.7007112503051758, 1.7107315063476562, 1.7207581996917725, 1.7309205532073975, 1.7409336566925049, 1.750952959060669, 1.7610397338867188, 1.771136999130249, 1.7811753749847412, 1.7912466526031494, 1.8012995719909668, 1.8114800453186035, 1.8215103149414062, 1.8315682411193848, 1.8416624069213867, 1.8516621589660645, 1.8617641925811768, 1.8719921112060547, 1.8818244934082031, 1.8918418884277344, 1.9018869400024414, 1.911933183670044, 1.9220407009124756, 1.9322073459625244, 1.9421656131744385, 1.952214002609253, 1.9623219966888428, 1.9724838733673096, 1.9824485778808594, 1.992579460144043, 2.002537250518799, 2.0126192569732666, 2.0226807594299316, 2.0328335762023926, 2.0428292751312256, 2.052839517593384, 2.063051462173462, 2.072990894317627, 2.0830228328704834, 2.0931384563446045, 2.1031887531280518, 2.1132311820983887, 2.1242880821228027, 2.133831024169922, 2.1435787677764893, 2.1535212993621826, 2.1636271476745605, 2.173706531524658, 2.1838157176971436, 2.1938939094543457, 2.2039670944213867, 2.2139639854431152, 2.2239303588867188, 2.2341182231903076, 2.244110107421875, 2.254143476486206, 2.2643213272094727, 2.27426815032959, 2.284383535385132, 2.2944135665893555, 2.304455280303955, 2.3144750595092773, 2.324655532836914, 2.3347692489624023, 2.3447980880737305, 2.354921340942383, 2.3650290966033936, 2.3748793601989746, 2.384989023208618, 2.3950438499450684, 2.4050824642181396, 2.415085792541504, 2.4251787662506104, 2.435286283493042, 2.445294141769409, 2.4553699493408203, 2.4654288291931152, 2.4754748344421387, 2.485499382019043, 2.4956746101379395, 2.505770206451416, 2.5157835483551025, 2.5258567333221436, 2.5360121726989746, 2.546062469482422, 2.555959939956665, 2.5661110877990723, 2.576140880584717, 2.586317777633667, 2.5964016914367676, 2.6064887046813965, 2.616547107696533, 2.6264331340789795, 2.6365768909454346, 2.6466188430786133, 2.6566662788391113, 2.666783332824707, 2.6768434047698975, 2.686807870864868, 2.6970021724700928, 2.7069759368896484, 2.716989278793335, 2.727097511291504, 2.7371811866760254, 2.7471907138824463, 2.7572996616363525, 2.7673630714416504, 2.7773990631103516, 2.7874956130981445, 2.797495126724243, 2.8075733184814453, 2.8177757263183594, 2.8277435302734375, 2.8381845951080322, 2.8478126525878906, 2.8579039573669434, 2.868159055709839, 2.8780126571655273, 2.88804292678833, 2.8981332778930664, 2.9081807136535645, 2.918248176574707, 2.928325653076172, 2.9385125637054443, 2.9483275413513184, 2.958420515060425, 2.9684770107269287, 2.978555679321289, 2.988602638244629, 2.9987173080444336, 3.0088181495666504, 3.0187528133392334, 3.0289103984832764, 3.038928985595703, 3.048954725265503, 3.0590336322784424, 3.069147825241089, 3.0791842937469482, 3.0892794132232666, 3.0994067192077637, 3.1094369888305664, 3.1194329261779785, 3.1295762062072754, 3.139665126800537, 3.149665355682373, 3.1596827507019043, 3.1697349548339844, 3.1797685623168945, 3.1898396015167236, 3.2000813484191895, 3.210055351257324, 3.22027850151062, 3.23013973236084, 3.240246534347534, 3.250270128250122, 3.2608559131622314, 3.2705190181732178, 3.2804248332977295, 3.290571689605713, 3.300612211227417, 3.310664653778076, 3.320631742477417, 3.330767869949341, 3.340796709060669, 3.3508198261260986, 3.360966920852661, 3.3710780143737793, 3.3810253143310547, 3.391103744506836, 3.40120792388916, 3.4112536907196045, 3.4212734699249268, 3.431372880935669, 3.441375970840454, 3.451417922973633, 3.461527109146118, 3.471620798110962, 3.48162579536438, 3.4916832447052, 3.5018701553344727, 3.5117528438568115, 3.521906614303589, 3.531895399093628, 3.5419692993164062, 3.552025556564331, 3.562126398086548, 3.5721616744995117, 3.5821897983551025, 3.59226393699646, 3.6023402214050293, 3.612333297729492, 3.622375249862671, 3.6325080394744873, 3.6425983905792236, 3.6526317596435547, 3.6627612113952637, 3.6728155612945557, 3.6827402114868164, 3.692812919616699, 3.7028889656066895, 3.712918758392334, 3.722966194152832, 3.7331504821777344, 3.743119239807129, 3.753164052963257, 3.763263702392578, 3.7733266353607178, 3.7834019660949707, 3.7934365272521973, 3.8034660816192627, 3.8135271072387695, 3.8239073753356934, 3.8337528705596924, 3.843733549118042, 3.8537654876708984, 3.863874912261963, 3.873922109603882, 3.8839962482452393, 3.8940963745117188, 3.9041597843170166], "set_target_data": [{"head": [[0.9966988413708072, 0.061416630796789884, -0.053098183317902226, -0.009010313860775158], [-0.06382206559391826, 0.9969525815599722, -0.044858600783269156, -0.00217133301507495], [0.05018130681256064, 0.04809935116483299, 0.9975812191817296, 0.013383867247544812], [0.0, 0.0, 0.0, 1.0]], "antennas": [-0.22540409570990855, 0.7294909552656329], "body_yaw": 0.048074531786561424, "check_collision": false}, {"head": [[0.996666223435735, 0.06115418485685506, -0.05400559912493891, -0.009010861370898363], [-0.06358921340395556, 0.9969798222997537, -0.04458302217008268, -0.0023105661452626353], [0.05111605423950681, 0.04786856590337215, 0.997544860844533, 0.013510712424450788], [0.0, 0.0, 0.0, 1.0]], "antennas": [-0.22540409570990855, 0.7294909552656329], "body_yaw": 0.048074531786561424, "check_collision": false}, {"head": [[0.99664650817746, 0.060732877107973655, -0.05483844797095946, -0.009047697087505928], [-0.06320278853215061, 0.9970086535448057, -0.044487664341180955, -0.002309146105236343], [0.05197254332275945, 0.0478044181531488, 0.997503680366946, 0.013537536212232304], [0.0, 0.0, 0.0, 1.0]], "antennas": [-0.22540409570990855, 0.7294909552656329], "body_yaw": 0.048074531786561424, "check_collision": false}, {"head": [[0.996606364263426, 0.06040807998964039, -0.05591617459734216, -0.009075914599063805], [-0.06291567877499515, 0.9970384217092414, -0.044226722689187724, -0.0023554281433306318], [0.05307892306666431, 0.04759463738185108, 0.9974554518466341, 0.01358611918485364], [0.0, 0.0, 0.0, 1.0]], "antennas": [-0.22540409570990855, 0.7294909552656329], "body_yaw": 0.048074531786561424, "check_collision": false}, {"head": [[0.9965704200928909, 0.06021806511050638, -0.05675546167749646, -0.009109403969793492], [-0.06274614502580746, 0.9970650492193665, -0.04386580569854585, -0.0023563056947029076], [0.05394737324726102, 0.04727655084213581, 0.9974239864070804, 0.013609245564027317], [0.0, 0.0, 0.0, 1.0]], "antennas": [-0.22540409570990855, 0.7294909552656329], "body_yaw": 0.048074531786561424, "check_collision": false}, {"head": [[0.9965361940779045, 0.06022257572063502, -0.057348541971848056, -0.00911813483233044], [-0.06275868725282133, 0.9970803669619728, -0.04349814930867243, -0.002132318262906929], [0.054561534683575365, 0.046946599371513374, 0.9974061638772957, 0.01347739908887624], [0.0, 0.0, 0.0, 1.0]], "antennas": [-0.22540409570990855, 0.7294909552656329], "body_yaw": 0.048074531786561424, "check_collision": false}, {"head": [[0.9965084802929316, 0.06014649018346627, -0.05790723981405856, -0.009136033216841173], [-0.06268669152414891, 0.9971023257006144, -0.04309676076206542, -0.0021282382585691116], [0.05514732459538623, 0.04657630085179265, 0.9973913077568578, 0.013481133472088347], [0.0, 0.0, 0.0, 1.0]], "antennas": [-0.22540409570990855, 0.7294909552656329], "body_yaw": 0.048074531786561424, "check_collision": false}, {"head": [[0.9964876691275758, 0.06003064578912757, -0.05838361793201236, -0.00914494471243572], [-0.06257529320613847, 0.9971230238418678, -0.04277859283117742, -0.002127780290939508], [0.055647623101590736, 0.046281712269428454, 0.9973772331232316, 0.013481032188041198], [0.0, 0.0, 0.0, 1.0]], "antennas": [-0.22540409570990855, 0.7294909552656329], "body_yaw": 0.048074531786561424, "check_collision": false}, {"head": [[0.9964650580564541, 0.0598526617991344, -0.0589495288200517, -0.009165782885501959], [-0.06240484223821707, 0.9971478317389018, -0.04244805441513589, -0.0021272701370115615], [0.05624076580000407, 0.04597673905319446, 0.9973580679616844, 0.013485926971948503], [0.0, 0.0, 0.0, 1.0]], "antennas": [-0.22540409570990855, 0.7294909552656329], "body_yaw": 0.048074531786561424, "check_collision": false}, {"head": [[0.9964294852382862, 0.05969079412167074, -0.059710049781326345, -0.009199537179790959], [-0.06226828100690695, 0.9971635614995443, -0.042278751140373085, -0.002373188221958346], [0.0570170336672211, 0.04584583639403959, 0.9973200174252607, 0.013679688737835316], [0.0, 0.0, 0.0, 1.0]], "antennas": [-0.22540409570990855, 0.7294909552656329], "body_yaw": 0.048074531786561424, "check_collision": false}, {"head": [[0.9963866321227541, 0.05950544616100633, -0.06060347518298678, -0.009263608480235778], [-0.06210615030220396, 0.9971865923870318, -0.04197292053431266, -0.0023770271276442097], [0.0579353555414599, 0.045585105470090245, 0.9972790445695554, 0.013714582908977424], [0.0, 0.0, 0.0, 1.0]], "antennas": [-0.22540409570990855, 0.7294909552656329], "body_yaw": 0.048074531786561424, "check_collision": false}, {"head": [[0.9963288223918155, 0.05941370980050045, -0.061635126016584205, -0.00926951399737244], [-0.062034157351581784, 0.9972104701488185, -0.04150953561836054, -0.0022865369412896413], [0.05899695748949679, 0.045180629846369634, 0.9972352128227664, 0.013643880910960027], [0.0, 0.0, 0.0, 1.0]], "antennas": [-0.22540409570990855, 0.7294909552656329], "body_yaw": 0.048074531786561424, "check_collision": false}, {"head": [[0.9962643563663246, 0.059287501622455115, -0.06278793184490167, -0.00934754986843915], [-0.06193487452383618, 0.997233990037688, -0.04109063678295692, -0.0022902223381830377], [0.06017809860496843, 0.044825899487680176, 0.9971806432053376, 0.013686287016734355], [0.0, 0.0, 0.0, 1.0]], "antennas": [-0.22540409570990855, 0.7294909552656329], "body_yaw": 0.048074531786561424, "check_collision": false}, {"head": [[0.9961949114876109, 0.059213692614501434, -0.06394870548452511, -0.009412564011132838], [-0.061885749618640074, 0.9972553653542743, -0.04064345293219764, -0.002299341142977057], [0.06136654072318387, 0.04444631457239299, 0.9971252041747825, 0.013718983351952652], [0.0, 0.0, 0.0, 1.0]], "antennas": [-0.22540409570990855, 0.7294909552656329], "body_yaw": 0.048074531786561424, "check_collision": false}, {"head": [[0.9961466806862203, 0.05915669736945515, -0.06474778539969198, -0.009453311509512462], [-0.06184464851278342, 0.9972707536311712, -0.040327204245350856, -0.002314876512712871], [0.062185448524201735, 0.04417611468038658, 0.9970864761311274, 0.013731281233139492], [0.0, 0.0, 0.0, 1.0]], "antennas": [-0.22540409570990855, 0.7294909552656329], "body_yaw": 0.048074531786561424, "check_collision": false}, {"head": [[0.9961128034243583, 0.05923235676773238, -0.06519824204536305, -0.009479783597248137], [-0.061928248165210434, 0.9972733577257867, -0.04013405099815941, -0.0020860212567871874], [0.06264323533514045, 0.04401565496587344, 0.9970649162339789, 0.013653109813040465], [0.0, 0.0, 0.0, 1.0]], "antennas": [-0.22540409570990855, 0.7294909552656329], "body_yaw": 0.048074531786561424, "check_collision": false}, {"head": [[0.996099367521817, 0.05933618307030901, -0.06530901470151325, -0.009481156784012262], [-0.06202426745723359, 0.9972755698938284, -0.03993028849548732, -0.0020943842739648754], [0.06276177394743758, 0.04382527891053368, 0.9970658477048465, 0.013643165924575151], [0.0, 0.0, 0.0, 1.0]], "antennas": [-0.22540409570990855, 0.7294909552656329], "body_yaw": 0.048074531786561424, "check_collision": false}, {"head": [[0.9960817308426047, 0.05940908024558145, -0.06551142393487673, -0.00948550645557618], [-0.06208962106978286, 0.9972819544970025, -0.039668402917808175, -0.002106229852871945], [0.06297669757149744, 0.04358055092599059, 0.9970630226540224, 0.013629623534965996], [0.0, 0.0, 0.0, 1.0]], "antennas": [-0.22540409570990855, 0.7294909552656329], "body_yaw": 0.048074531786561424, "check_collision": false}, {"head": [[0.9960688069499951, 0.059475283478301916, -0.06564771493653695, -0.00949729939473142], [-0.062147722012996454, 0.9972872001140601, -0.03944491269167381, -0.002111300954073368], [0.06312362845883074, 0.043369703063706584, 0.9970629249883667, 0.013628806188511255], [0.0, 0.0, 0.0, 1.0]], "antennas": [-0.22540409570990855, 0.7294909552656329], "body_yaw": 0.048074531786561424, "check_collision": false}, {"head": [[0.9960379918393655, 0.05961857916142275, -0.06598442112633371, -0.00949682160286006], [-0.062284866661421266, 0.997291636999787, -0.039115037456893834, -0.0019552154947173467], [0.06347372840453883, 0.04306989423087086, 0.9970536946490739, 0.013575026577596794], [0.0, 0.0, 0.0, 1.0]], "antennas": [-0.22540409570990855, 0.7294909552656329], "body_yaw": 0.048074531786561424, "check_collision": false}, {"head": [[0.9960255326231431, 0.059765399035301696, -0.0660396505209994, -0.009495596540887722], [-0.0624134113019783, 0.9972963801632995, -0.03878783575852166, -0.0019544769647083307], [0.06354293393001827, 0.04275543464088657, 0.9970628206668999, 0.013559539381704955], [0.0, 0.0, 0.0, 1.0]], "antennas": [-0.22540409570990855, 0.7294909552656329], "body_yaw": 0.048074531786561424, "check_collision": false}, {"head": [[0.9959925527900108, 0.059964802360599555, -0.06635553680509239, -0.009554834607957816], [-0.06259698874600583, 0.9973027709872304, -0.03832492636815203, -0.0018632641783327651], [0.06387841409091304, 0.04232499803952848, 0.997059748838646, 0.013575449713622234], [0.0, 0.0, 0.0, 1.0]], "antennas": [-0.22540409570990855, 0.7294909552656329], "body_yaw": 0.048074531786561424, "check_collision": false}, {"head": [[0.995950712083943, 0.060087244229907716, -0.06687078719696833, -0.00959943208814219], [-0.0627074429213517, 0.9973159571606499, -0.037797595095484034, -0.0018508794385029117], [0.0644201498116251, 0.04183783782166762, 0.9970454551446768, 0.013591193694800219], [0.0, 0.0, 0.0, 1.0]], "antennas": [-0.22540409570990855, 0.7294909552656329], "body_yaw": 0.048074531786561424, "check_collision": false}, {"head": [[0.9958974079646862, 0.06022630348013336, -0.06753625084603213, -0.00966108270609176], [-0.06283178574048673, 0.9973328103726459, -0.037140706170741986, -0.0018395370665148835], [0.06511927141699964, 0.04123175624829363, 0.9970252869244592, 0.013616420545200736], [0.0, 0.0, 0.0, 1.0]], "antennas": [-0.22540409570990855, 0.7294909552656329], "body_yaw": 0.048074531786561424, "check_collision": false}, {"head": [[0.9958546136249335, 0.06044423506680105, -0.0679711922002547, -0.009589683243776763], [-0.06303503770863494, 0.9973385581914913, -0.036638563912749805, -0.001994071646505429], [0.0655757008579065, 0.04077124957254781, 0.9970143091577411, 0.013663175507329761], [0.0, 0.0, 0.0, 1.0]], "antennas": [-0.22540409570990855, 0.7294909552656329], "body_yaw": 0.048074531786561424, "check_collision": false}, {"head": [[0.9958343026447463, 0.06054437658310976, -0.06817932340683971, -0.009598422573399563], [-0.06311122658341846, 0.9973517808451215, -0.036144132638659905, -0.002002397973950483], [0.06581044563888216, 0.040296447848752324, 0.9970181450382859, 0.013653637381589312], [0.0, 0.0, 0.0, 1.0]], "antennas": [-0.22540409570990855, 0.7294909552656329], "body_yaw": 0.048074531786561424, "check_collision": false}, {"head": [[0.9958453353747282, 0.0606178290126443, -0.06795253356710591, -0.00957609619958045], [-0.06316593231376873, 0.9973536392351608, -0.03599699014240983, -0.002012669835783064], [0.06559064725498008, 0.04013971985669782, 0.9970389510357649, 0.01362474267968905], [0.0, 0.0, 0.0, 1.0]], "antennas": [-0.22540409570990855, 0.7294909552656329], "body_yaw": 0.048074531786561424, "check_collision": false}, {"head": [[0.995843622597574, 0.06078930644417923, -0.0678243286275362, -0.009525593113788904], [-0.06332596053960207, 0.9973470809410113, -0.035897393501203204, -0.002028289917325586], [0.06546221851936518, 0.040043231144341176, 0.9970512712925266, 0.013582467498641226], [0.0, 0.0, 0.0, 1.0]], "antennas": [-0.22540409570990855, 0.7294909552656329], "body_yaw": 0.048074531786561424, "check_collision": false}, {"head": [[0.9958262109683056, 0.06107581217841273, -0.06782258263480476, -0.009453458080897773], [-0.06359465553825983, 0.9973399088978585, -0.03562058262551657, -0.0022007461965077753], [0.06546661237209198, 0.03978506360882719, 0.9970613177624351, 0.013767733137198923], [0.0, 0.0, 0.0, 1.0]], "antennas": [-0.22540409570990855, 0.7294909552656329], "body_yaw": 0.048074531786561424, "check_collision": false}, {"head": [[0.9958010683404311, 0.06123130079792985, -0.06805115792291133, -0.009457958645952358], [-0.06374398960258748, 0.9973387654525807, -0.035384893882375076, -0.0021934828329796775], [0.06570339474944048, 0.03957416743426399, 0.997054135536423, 0.013783640331050062], [0.0, 0.0, 0.0, 1.0]], "antennas": [-0.22540409570990855, 0.7294909552656329], "body_yaw": 0.048074531786561424, "check_collision": false}, {"head": [[0.9957625004742736, 0.061371498599192005, -0.06848782234026274, -0.009478784738498483], [-0.06387463672637617, 0.997344834864415, -0.03497586528373441, -0.002188313225428831], [0.06615945459490652, 0.039202289843347594, 0.9970386687780682, 0.013803555829351555], [0.0, 0.0, 0.0, 1.0]], "antennas": [-0.22540409570990855, 0.7294909552656329], "body_yaw": 0.048074531786561424, "check_collision": false}, {"head": [[0.9957287493981521, 0.06159096447493549, -0.06878088918470775, -0.009532352274618513], [-0.06407513421706755, 0.9973481054021871, -0.03451280669161327, -0.0018518398965531374], [0.06647281246537258, 0.03877253855133966, 0.9970346310220264, 0.013695853208584796], [0.0, 0.0, 0.0, 1.0]], "antennas": [-0.22540409570990855, 0.7294909552656329], "body_yaw": 0.048074531786561424, "check_collision": false}, {"head": [[0.995715538429353, 0.061747411825256386, -0.06883185064507523, -0.009537157733498407], [-0.06421491352032602, 0.9973488812497764, -0.03422943107030453, -0.0018377734210172983], [0.06653579045837514, 0.038502807724916197, 0.9970408830059967, 0.013685471600888177], [0.0, 0.0, 0.0, 1.0]], "antennas": [-0.22540409570990855, 0.7294909552656329], "body_yaw": 0.048074531786561424, "check_collision": false}, {"head": [[0.9956909783457881, 0.06194744995598595, -0.06900716690864768, -0.009559060722405994], [-0.06438784443063358, 0.9973551515021076, -0.03371805542709168, -0.0018220583479452912], [0.0667359058557226, 0.03801598632363119, 0.9970461893279857, 0.01368751084842934], [0.0, 0.0, 0.0, 1.0]], "antennas": [-0.22540409570990855, 0.7294909552656329], "body_yaw": 0.048074531786561424, "check_collision": false}, {"head": [[0.9956196172275452, 0.062409066879922113, -0.06961814535632156, -0.009596588961621322], [-0.06482597970510015, 0.9973503527959257, -0.033013120620698944, -0.002016389657840929], [0.0673733637793932, 0.037381574993842676, 0.9970273053954086, 0.013822026063800452], [0.0, 0.0, 0.0, 1.0]], "antennas": [-0.22540409570990855, 0.7294909552656329], "body_yaw": 0.048074531786561424, "check_collision": false}, {"head": [[0.9955531722902891, 0.06270256130555334, -0.07030127984941287, -0.009665362221283943], [-0.06508818646755297, 0.9973607891547214, -0.03217117093045579, -0.0019986383512614605], [0.06809852513165898, 0.0366038940878546, 0.997006893563178, 0.013856961400956935], [0.0, 0.0, 0.0, 1.0]], "antennas": [-0.22540409570990855, 0.7294909552656329], "body_yaw": 0.048074531786561424, "check_collision": false}, {"head": [[0.9954899174415864, 0.062927322817474, -0.07099279058586802, -0.009731910070755136], [-0.06527209142164005, 0.9973794859481825, -0.031204408201155456, -0.0019878106696028], [0.06884314311235767, 0.03569752166137993, 0.9969886200923493, 0.013890603934428647], [0.0, 0.0, 0.0, 1.0]], "antennas": [-0.22540409570990855, 0.7294909552656329], "body_yaw": 0.048074531786561424, "check_collision": false}, {"head": [[0.9954655483979052, 0.06293094018595342, -0.07133048941490704, -0.0097574182817786], [-0.06524129913530725, 0.9974022500915648, -0.030533987610880168, -0.0017984867545870146], [0.06922365809458188, 0.03504922651922548, 0.9969852741542419, 0.01377900557312517], [0.0, 0.0, 0.0, 1.0]], "antennas": [-0.22540409570990855, 0.7294909552656329], "body_yaw": 0.048074531786561424, "check_collision": false}, {"head": [[0.9954458654096813, 0.06295305760873586, -0.07158520501110678, -0.009714702141111904], [-0.06522712397000598, 0.9974228637733195, -0.029883994392181742, -0.001916087270892113], [0.06951943136542814, 0.03441719570130117, 0.9969867127011705, 0.013833281118179608], [0.0, 0.0, 0.0, 1.0]], "antennas": [-0.22540409570990855, 0.7294909552656329], "body_yaw": 0.048074531786561424, "check_collision": false}, {"head": [[0.9954641529203079, 0.06306437526419086, -0.07123204912952875, -0.009688230344779222], [-0.06529465472136824, 0.9974320689432097, -0.029425769462934837, -0.0019191524706254392], [0.06919341237048211, 0.033943370725456806, 0.9970256362141964, 0.01379926541881793], [0.0, 0.0, 0.0, 1.0]], "antennas": [-0.22540409570990855, 0.7294909552656329], "body_yaw": 0.048074531786561424, "check_collision": false}, {"head": [[0.9954709248860742, 0.06327931775557016, -0.07094621660704387, -0.009658848141731574], [-0.06547418844996464, 0.9974313612701565, -0.029048411343497345, -0.0019165208942531218], [0.06892581775563147, 0.03356199486252403, 0.9970570816896921, 0.013760223803232385], [0.0, 0.0, 0.0, 1.0]], "antennas": [-0.22540409570990855, 0.7294909552656329], "body_yaw": 0.048074531786561424, "check_collision": false}, {"head": [[0.9954541565675308, 0.06348993302245035, -0.07099331360931685, -0.009655452310793667], [-0.06566811803095507, 0.9974264438652659, -0.028778244431553704, -0.0019035509424557041], [0.06898347952008943, 0.03330942033561176, 0.9970615638315455, 0.013744200804855056], [0.0, 0.0, 0.0, 1.0]], "antennas": [-0.22540409570990855, 0.7294909552656329], "body_yaw": 0.048074531786561424, "check_collision": false}, {"head": [[0.9954225212187551, 0.063812991331977, -0.07114707574990034, -0.009683733611280618], [-0.06596678375688146, 0.9974191994642841, -0.028342970571188553, -0.002016806375245793], [0.06915480960330866, 0.03290657498572963, 0.9970630720428064, 0.013849374255930802], [0.0, 0.0, 0.0, 1.0]], "antennas": [-0.22540409570990855, 0.7294909552656329], "body_yaw": 0.048074531786561424, "check_collision": false}, {"head": [[0.9953879404144499, 0.06407997974021418, -0.07139050548898328, -0.00973108313577247], [-0.06621645013220687, 0.9974131657436802, -0.027970672731596855, -0.0020017479001501106], [0.06941346994184754, 0.03256889616893512, 0.9970561855747994, 0.013863590120499758], [0.0, 0.0, 0.0, 1.0]], "antennas": [-0.22540409570990855, 0.7294909552656329], "body_yaw": 0.048074531786561424, "check_collision": false}, {"head": [[0.9953560490723506, 0.06445187825816634, -0.07150028646148673, -0.009720681513450366], [-0.06655121050269602, 0.9974073930300337, -0.02737569560135098, -0.0019788127967400636], [0.0695504993203212, 0.03200699482966952, 0.9970648325591809, 0.013918401495713217], [0.0, 0.0, 0.0, 1.0]], "antennas": [-0.22540409570990855, 0.7294909552656329], "body_yaw": 0.048074531786561424, "check_collision": false}, {"head": [[0.9953264975356491, 0.06475052709813722, -0.07164169556850943, -0.009730634287150418], [-0.06681325212601644, 0.9974060967174837, -0.026778117393480103, -0.0019685916714093695], [0.06972196672328561, 0.03143958446460513, 0.9970709101588161, 0.013918425097695142], [0.0, 0.0, 0.0, 1.0]], "antennas": [-0.22540409570990855, 0.7294909552656329], "body_yaw": 0.048074531786561424, "check_collision": false}, {"head": [[0.9953475156836664, 0.0649855548742578, -0.07113508754502451, -0.009710204251858671], [-0.06700966022134444, 0.9974018001989525, -0.026445309544583684, -0.001959814730294212], [0.06923170126014125, 0.031089011202894604, 0.9971160639178636, 0.013893244487146794], [0.0, 0.0, 0.0, 1.0]], "antennas": [-0.22540409570990855, 0.7294909552656329], "body_yaw": 0.048074531786561424, "check_collision": false}, {"head": [[0.9953662078068178, 0.0653525832547762, -0.07053475893629953, -0.009701176039670474], [-0.06735033572300293, 0.9973820640159703, -0.0263239559572906, -0.0019122577243837176], [0.06862976492946145, 0.030952515910182898, 0.997161921216688, 0.013937591505185143], [0.0, 0.0, 0.0, 1.0]], "antennas": [-0.22540409570990855, 0.7294909552656329], "body_yaw": 0.048074531786561424, "check_collision": false}, {"head": [[0.995374488264965, 0.06558960450724506, -0.07019709318655308, -0.00968572671659749], [-0.06755494384726395, 0.9973768007355251, -0.025997055917180503, -0.0018945067005767778], [0.06830781560737727, 0.030618966918417985, 0.9971943246889228, 0.013921252990405475], [0.0, 0.0, 0.0, 1.0]], "antennas": [-0.22540409570990855, 0.7294909552656329], "body_yaw": 0.048074531786561424, "check_collision": false}, {"head": [[0.9953418144529105, 0.06570667053530246, -0.07055002373318948, -0.009750562210066063], [-0.06765595389022352, 0.9973801551960171, -0.02560269369369832, -0.001915664891698643], [0.06868292586074311, 0.030256560748614613, 0.9971796208441454, 0.014001770475248754], [0.0, 0.0, 0.0, 1.0]], "antennas": [-0.22540409570990855, 0.7294909552656329], "body_yaw": 0.0444607287137675, "check_collision": false}, {"head": [[0.9953253302722171, 0.06574618693030976, -0.07074550037018222, -0.009784282527568735], [-0.06768100694202012, 0.9973860249238322, -0.02530609780174954, -0.001894794209621238], [0.068896793958913, 0.02997592685409837, 0.9971733428002484, 0.014024579558408745], [0.0, 0.0, 0.0, 1.0]], "antennas": [-0.22540409570990855, 0.7294909552656329], "body_yaw": 0.03175766336697674, "check_collision": false}, {"head": [[0.9953029126459368, 0.06590752102212839, -0.07091058278728204, -0.00981127843844847], [-0.06781526947384199, 0.9973886564039897, -0.02483862522029048, -0.0018823363382210745], [0.06908835867716406, 0.029530776308142655, 0.9971733710573771, 0.014038638647464907], [0.0, 0.0, 0.0, 1.0]], "antennas": [-0.22540409570990855, 0.7294909552656329], "body_yaw": 0.011936501058622189, "check_collision": false}, {"head": [[0.9952923418010946, 0.06608841612916617, -0.0708905889778848, -0.00978672901915804], [-0.0679574902620688, 0.9973926472178557, -0.024283467483847583, -0.0018632543538187963], [0.06910089629935387, 0.028986695729186322, 0.9971884664401859, 0.014079889151150549], [0.0, 0.0, 0.0, 1.0]], "antennas": [-0.22540409570990855, 0.7294909552656329], "body_yaw": -0.01598834086751267, "check_collision": false}, {"head": [[0.9952917451277814, 0.06615388204604535, -0.07083788513735541, -0.009801800719934523], [-0.06799615393405962, 0.9973988761363021, -0.023916624599157017, -0.0018606010377217467], [0.06907144946119857, 0.028620722777023867, 0.9972010775651267, 0.014081409818192836], [0.0, 0.0, 0.0, 1.0]], "antennas": [-0.22540409570990855, 0.7294909552656329], "body_yaw": -0.043913182793647525, "check_collision": false}, {"head": [[0.995309621298627, 0.0661769837596408, -0.07056461273797424, -0.009809341232112072], [-0.06799735251587206, 0.9974036718640652, -0.023712347056176135, -0.0018573232705785467], [0.06881219224248175, 0.028399334016074307, 0.9972253306180241, 0.014078151712092701], [0.0, 0.0, 0.0, 1.0]], "antennas": [-0.22540409570990855, 0.7294909552656329], "body_yaw": -0.07183802471978239, "check_collision": false}, {"head": [[0.995330762321402, 0.06632410175972563, -0.07012693564146565, -0.009796037808471218], [-0.06812528056304122, 0.9973973681767531, -0.023610084758283686, -0.0019414787915886435], [0.06837850338303424, 0.028277260826536598, 0.9972586308452007, 0.014128970572767074], [0.0, 0.0, 0.0, 1.0]], "antennas": [-0.22540409570990855, 0.7294909552656329], "body_yaw": -0.09976286664591724, "check_collision": false}, {"head": [[0.9953502040639424, 0.06650697389882432, -0.06967634959359487, -0.009789129683204119], [-0.06829052985535494, 0.9973878721911329, -0.023533719173104154, -0.00193955910724318], [0.06792918961641323, 0.02818252701346628, 0.9972920186029727, 0.01412220560581079], [0.0, 0.0, 0.0, 1.0]], "antennas": [-0.22540409570990855, 0.7294909552656329], "body_yaw": -0.1276877085720521, "check_collision": false}, {"head": [[0.9953603901901164, 0.06669308661294773, -0.06935218697789271, -0.009800761257665935], [-0.06845308934046393, 0.9973818404068332, -0.023316067130289355, -0.0018364059199864682], [0.06761559139965577, 0.027955261127658015, 0.9973197256521895, 0.014076186687742909], [0.0, 0.0, 0.0, 1.0]], "antennas": [-0.22540409570990855, 0.7294909552656329], "body_yaw": -0.15561255049818698, "check_collision": false}, {"head": [[0.9953841976849529, 0.06681117663272045, -0.06889532405057766, -0.009809861342920608], [-0.06855684097118482, 0.9973753214756098, -0.023290076588020174, -0.001827610482408079], [0.06715845855239941, 0.027905819973181263, 0.9973519973692789, 0.014071310454771946], [0.0, 0.0, 0.0, 1.0]], "antennas": [-0.22540409570990855, 0.7294909552656329], "body_yaw": -0.18353739242432185, "check_collision": false}, {"head": [[0.9954192368914787, 0.0669221120303525, -0.06827864781747527, -0.009754837921860538], [-0.06865304841894809, 0.9973678876181441, -0.023325001412784048, -0.0019346602784694718], [0.06653797238548405, 0.0279056924213996, 0.9973935885904373, 0.014072917062473822], [0.0, 0.0, 0.0, 1.0]], "antennas": [-0.22540409570990855, 0.7294909552656329], "body_yaw": -0.2114622343504567, "check_collision": false}, {"head": [[0.9954452999553849, 0.06714502806026008, -0.06767717490794636, -0.009756565361588148], [-0.06885730986417192, 0.9973545961846377, -0.023291207518024593, -0.0019238311089534044], [0.06593425266887684, 0.02784519125747133, 0.9974353711638823, 0.01405249404997544], [0.0, 0.0, 0.0, 1.0]], "antennas": [-0.22540409570990855, 0.7294909552656329], "body_yaw": -0.23938707627659156, "check_collision": false}, {"head": [[0.9954808370061767, 0.06728525061696194, -0.06701192582588188, -0.009712709489760597], [-0.0689834922813704, 0.997344343857541, -0.023356745664502458, -0.0019323681619596751], [0.06526240070781171, 0.027873909391808796, 0.9974787537732668, 0.013994295229311393], [0.0, 0.0, 0.0, 1.0]], "antennas": [-0.22540409570990855, 0.7294909552656329], "body_yaw": -0.26731191820272643, "check_collision": false}, {"head": [[0.9955190551971552, 0.06732031937939047, -0.06640621460390875, -0.009710515245029432], [-0.0690152569921023, 0.9973372186269897, -0.023566218273078893, -0.0019191346348834412], [0.06464290403190123, 0.02804366131654689, 0.9975143347432583, 0.013968537876513532], [0.0, 0.0, 0.0, 1.0]], "antennas": [-0.22540409570990855, 0.7294909552656329], "body_yaw": -0.2952367601288613, "check_collision": false}, {"head": [[0.9955539189725964, 0.0674475114137174, -0.06575125567167431, -0.00973673258144091], [-0.06913404784131426, 0.9973253679291801, -0.023719062249604236, -0.0019842515343214536], [0.0639756035327553, 0.028159255832180475, 0.9975540980135352, 0.013991674499347684], [0.0, 0.0, 0.0, 1.0]], "antennas": [-0.22540409570990855, 0.7294909552656329], "body_yaw": -0.32316160205499617, "check_collision": false}, {"head": [[0.99559319908018, 0.06771034822045907, -0.06488058792240979, -0.009744715744604678], [-0.06937803829330746, 0.997306430425952, -0.02380276525150815, -0.0019783974068506485], [0.06309413402104617, 0.028199159117076787, 0.9976091106627005, 0.013961322110220165], [0.0, 0.0, 0.0, 1.0]], "antennas": [-0.22540409570990855, 0.7294909552656329], "body_yaw": -0.351086443981131, "check_collision": false}, {"head": [[0.9956308446116883, 0.06794682865782255, -0.06405036871994116, -0.009748778358078006], [-0.06959259766377605, 0.9972910347902447, -0.0238214667350762, -0.0019747050914412333], [0.06225826538078061, 0.028174818585876532, 0.9976623116011895, 0.013929124556185335], [0.0, 0.0, 0.0, 1.0]], "antennas": [-0.22540409570990855, 0.7294909552656329], "body_yaw": -0.37901128590726585, "check_collision": false}, {"head": [[0.9956552463366402, 0.06816216831824876, -0.06343933521467048, -0.009761096282912265], [-0.06978866198476405, 0.9972782434680059, -0.02378335055759178, -0.0019699400169373256], [0.06164554404578609, 0.028107364079964482, 0.99770226169122, 0.01390105320220636], [0.0, 0.0, 0.0, 1.0]], "antennas": [-0.22540409570990855, 0.7294909552656329], "body_yaw": -0.4069361278334007, "check_collision": false}, {"head": [[0.9956744520523452, 0.0682906301408072, -0.06299821715916763, -0.00978537223603015], [-0.06990413285692386, 0.9972704502520979, -0.02377101730047606, -0.001963114310737821], [0.06120292264086501, 0.02807203036742211, 0.9977305063849992, 0.013882590799925931], [0.0, 0.0, 0.0, 1.0]], "antennas": [-0.22540409570990855, 0.7294909552656329], "body_yaw": -0.4348609697595356, "check_collision": false}, {"head": [[0.9956872204261669, 0.06832584321875582, -0.06275777424718343, -0.00981442152982021], [-0.06993195853648293, 0.9972687605455007, -0.02376005924430548, -0.001956073960377485], [0.06096294165528818, 0.02804636141261955, 0.9977459202403421, 0.013870705897264357], [0.0, 0.0, 0.0, 1.0]], "antennas": [-0.22540409570990855, 0.7294909552656329], "body_yaw": -0.46278581168567046, "check_collision": false}, {"head": [[0.995710221129232, 0.06840395764940763, -0.06230613225577554, -0.009844558153107225], [-0.06999866797296858, 0.997263616143246, -0.02377953739892425, -0.0019479174134494626], [0.06050902429213553, 0.028038874706285605, 0.9977737616736668, 0.013848673886914353], [0.0, 0.0, 0.0, 1.0]], "antennas": [-0.22540409570990855, 0.7294909552656329], "body_yaw": -0.4907106536118053, "check_collision": false}, {"head": [[0.9957710512594526, 0.06863039542718123, -0.06107276231801685, -0.009860127235007937], [-0.07020962091084727, 0.997241173562891, -0.024096698580152613, -0.0019371704058037164], [0.05925050721470117, 0.02828269036736697, 0.9978424058038343, 0.013804010849750581], [0.0, 0.0, 0.0, 1.0]], "antennas": [-0.22540409570990855, 0.7294909552656329], "body_yaw": -0.5181974588018439, "check_collision": false}, {"head": [[0.9958557409702422, 0.06897646546853618, -0.059275546290839635, -0.009859728486859842], [-0.07053018649262933, 0.9972079969923308, -0.024529645897533172, -0.0019272920554376126], [0.05741808051410776, 0.028608704025370964, 0.997940231719347, 0.01373168376803835], [0.0, 0.0, 0.0, 1.0]], "antennas": [-0.22540409570990855, 0.7294909552656329], "body_yaw": -0.5388946945823909, "check_collision": false}, {"head": [[0.9959689016643779, 0.06945991235875108, -0.056756211048371516, -0.009835175727228536], [-0.07097178539279435, 0.9971632529816051, -0.02506895652599621, -0.0019130333940328209], [0.05485392051268363, 0.02899599072730165, 0.9980732838454951, 0.013640288652639998], [0.0, 0.0, 0.0, 1.0]], "antennas": [-0.22540409570990855, 0.7294909552656329], "body_yaw": -0.5478744476723637, "check_collision": false}, {"head": [[0.9960835321407712, 0.06996978241389082, -0.05405392258586473, -0.009799827305653697], [-0.07142653360913073, 0.9971197743568313, -0.02550305634950392, -0.0019024341970021565], [0.05211379178825507, 0.029264058767283597, 0.9982122858239704, 0.013541992585076601], [0.0, 0.0, 0.0, 1.0]], "antennas": [-0.22540409570990855, 0.7294909552656329], "body_yaw": -0.5199496057462288, "check_collision": false}, {"head": [[0.9961747478775311, 0.07015603680828565, -0.05209608613410752, -0.009593335146378319], [-0.07156133093197754, 0.9971072105281746, -0.02561613998960183, -0.0017771996752615699], [0.050148256264618746, 0.029246217055840813, 0.9983134834216862, 0.013527210847515847], [0.0, 0.0, 0.0, 1.0]], "antennas": [-0.22540409570990855, 0.7294909552656329], "body_yaw": -0.49202476382009397, "check_collision": false}, {"head": [[0.9962551422965543, 0.07042257163608161, -0.050163261973606224, -0.009563095990514022], [-0.07178253352057533, 0.9970854418607936, -0.025843558397263704, -0.0017542609200559556], [0.048197088387569365, 0.02934762398263706, 0.9984066093719202, 0.013473557725136365], [0.0, 0.0, 0.0, 1.0]], "antennas": [-0.22540409570990855, 0.7294909552656329], "body_yaw": -0.4640999218939591, "check_collision": false}, {"head": [[0.9963070794815423, 0.07073451146105016, -0.04867065094414415, -0.009583599111181328], [-0.07206005506911066, 0.9970603208294685, -0.02603968300257212, -0.0018031676355455013], [0.046685670589559886, 0.02945073031020227, 0.998475389103707, 0.013582655058830051], [0.0, 0.0, 0.0, 1.0]], "antennas": [-0.22540409570990855, 0.7294909552656329], "body_yaw": -0.43617507996782423, "check_collision": false}, {"head": [[0.9963626410068229, 0.07084386785729826, -0.047356456718445385, -0.009578638124132751], [-0.07213586607218386, 0.997051897493785, -0.026152065502717578, -0.0017850946397191935], [0.045364131557038355, 0.02947304007156607, 0.9985356455715615, 0.013563201424890758], [0.0, 0.0, 0.0, 1.0]], "antennas": [-0.22540409570990855, 0.7294909552