{"description": "An impatient movement used when you want things to move faster, like when someone says a demo is coming but it never starts.", "time": [0.0, 0.010229825973510742, 0.019973039627075195, 0.02985692024230957, 0.04041576385498047, 0.050454139709472656, 0.06015372276306152, 0.07013654708862305, 0.08013272285461426, 0.09022736549377441, 0.10025548934936523, 0.11030364036560059, 0.12047672271728516, 0.1304316520690918, 0.1410684585571289, 0.15060949325561523, 0.16067123413085938, 0.17068791389465332, 0.180680513381958, 0.19078874588012695, 0.20082736015319824, 0.21087980270385742, 0.22124910354614258, 0.231292724609375, 0.24128270149230957, 0.2511615753173828, 0.2612621784210205, 0.27126431465148926, 0.28133177757263184, 0.29138731956481934, 0.3014402389526367, 0.3114478588104248, 0.321502685546875, 0.3316624164581299, 0.34163379669189453, 0.35167813301086426, 0.3618462085723877, 0.3718547821044922, 0.3818845748901367, 0.3919858932495117, 0.4021592140197754, 0.4120826721191406, 0.42213916778564453, 0.4322323799133301, 0.44228649139404297, 0.4523794651031494, 0.4624898433685303, 0.47247767448425293, 0.4824368953704834, 0.49251723289489746, 0.50262451171875, 0.5126175880432129, 0.5227506160736084, 0.5327968597412109, 0.5428323745727539, 0.5528600215911865, 0.5630295276641846, 0.572972297668457, 0.583043098449707, 0.593153715133667, 0.6032536029815674, 0.6132774353027344, 0.6233346462249756, 0.6333966255187988, 0.6434226036071777, 0.6535634994506836, 0.6636242866516113, 0.6736545562744141, 0.6837465763092041, 0.6938633918762207, 0.7038905620574951, 0.713862419128418, 0.7240581512451172, 0.7340695858001709, 0.7440252304077148, 0.7541565895080566, 0.764272928237915, 0.7742593288421631, 0.7843544483184814, 0.79443359375, 0.8045206069946289, 0.8145895004272461, 0.8245775699615479, 0.834674596786499, 0.8449432849884033, 0.8549594879150391, 0.8649032115936279, 0.8748514652252197, 0.8849682807922363, 0.8950033187866211, 0.9050765037536621, 0.915132999420166, 0.9251625537872314, 0.9352378845214844, 0.9452645778656006, 0.9553625583648682, 0.9655048847198486, 0.9755187034606934, 0.9855988025665283, 0.9958679676055908, 1.0058796405792236, 1.0158607959747314, 1.0261924266815186, 1.036163568496704, 1.046473741531372, 1.0565125942230225, 1.0670511722564697, 1.0765283107757568, 1.086747169494629, 1.0967967510223389, 1.1068158149719238, 1.1168420314788818, 1.1269617080688477, 1.1370394229888916, 1.1470515727996826, 1.157153844833374, 1.1672184467315674, 1.1771759986877441, 1.187255859375, 1.1973466873168945, 1.2073822021484375, 1.2174859046936035, 1.2275338172912598, 1.2376220226287842, 1.2476122379302979, 1.2576904296875, 1.2678329944610596, 1.2778544425964355, 1.2879600524902344, 1.2980334758758545, 1.3080313205718994, 1.318091630935669, 1.3281779289245605, 1.3382470607757568, 1.3482904434204102, 1.3583266735076904, 1.3684136867523193, 1.379122018814087, 1.3892829418182373, 1.3994519710540771, 1.4088687896728516, 1.4188895225524902, 1.4288947582244873, 1.4389266967773438, 1.4489192962646484, 1.4590237140655518, 1.4690351486206055, 1.479062795639038, 1.4891633987426758, 1.4992005825042725, 1.5092439651489258, 1.519310712814331, 1.529414415359497, 1.5393705368041992, 1.5494205951690674, 1.5595545768737793, 1.5696523189544678, 1.5795741081237793, 1.5898363590240479, 1.5997440814971924, 1.6098871231079102, 1.6199829578399658, 1.6299662590026855, 1.6399867534637451, 1.6500165462493896, 1.6601557731628418, 1.6701617240905762, 1.6802315711975098, 1.6904265880584717, 1.7003915309906006, 1.7104692459106445, 1.7204511165618896, 1.730548620223999, 1.7405569553375244, 1.7505788803100586, 1.7607064247131348, 1.7707111835479736, 1.7807533740997314, 1.790867805480957, 1.8009536266326904, 1.8109498023986816, 1.8210868835449219, 1.8311059474945068, 1.8411765098571777, 1.85127592086792, 1.8613648414611816, 1.8713653087615967, 1.881422758102417, 1.8915112018585205, 1.9015824794769287, 1.9115674495697021, 1.9217007160186768, 1.9317762851715088, 1.941770076751709, 1.95180344581604, 1.9618818759918213, 1.9719510078430176, 1.981956958770752, 1.9921326637268066, 2.0023269653320312, 2.01229190826416, 2.0223140716552734, 2.0323333740234375, 2.042438507080078, 2.052415370941162, 2.0624852180480957, 2.0725362300872803, 2.0825576782226562, 2.092694044113159, 2.1026837825775146, 2.112705945968628, 2.123051643371582, 2.1329727172851562, 2.1430511474609375, 2.1531901359558105, 2.1631150245666504, 2.1731739044189453, 2.183427095413208, 2.1933417320251465, 2.2034082412719727, 2.213301420211792, 2.22350811958313, 2.233478307723999, 2.243490695953369, 2.253570318222046, 2.263625144958496, 2.2737162113189697, 2.2837753295898438, 2.2938668727874756, 2.3038675785064697, 2.313950777053833, 2.3240060806274414, 2.334094524383545, 2.3441619873046875, 2.3542215824127197, 2.364285945892334, 2.374324083328247, 2.3843905925750732, 2.3944945335388184, 2.404575824737549, 2.4145586490631104, 2.4246978759765625, 2.4346888065338135, 2.4447035789489746, 2.4548168182373047, 2.4648654460906982, 2.474921703338623, 2.4850361347198486, 2.495120048522949, 2.505129337310791, 2.5151569843292236, 2.525442361831665, 2.5353004932403564, 2.545365333557129, 2.5554568767547607, 2.5655384063720703, 2.5754923820495605, 2.5855348110198975, 2.595635414123535, 2.6056697368621826, 2.6157631874084473, 2.62581205368042, 2.6361734867095947, 2.645953893661499, 2.6560475826263428, 2.666127920150757, 2.676323413848877, 2.686206102371216, 2.6962783336639404, 2.7063448429107666, 2.716388702392578, 2.726383686065674, 2.7364628314971924, 2.7464919090270996, 2.756546974182129, 2.7666542530059814, 2.7767653465270996, 2.7867817878723145, 2.79685640335083, 2.8070619106292725, 2.816925048828125, 2.827091693878174, 2.8370509147644043, 2.847095489501953, 2.8571717739105225, 2.867218494415283, 2.8772828578948975, 2.887518882751465, 2.897477626800537, 2.907418727874756, 2.9174842834472656, 2.9275643825531006, 2.9377100467681885, 2.9477345943450928, 2.957716226577759, 2.967816114425659, 2.9778974056243896, 2.9880545139312744, 2.9981985092163086, 3.008180618286133, 3.018176794052124, 3.028273344039917, 3.038374662399292, 3.048374891281128, 3.0584676265716553, 3.0684235095977783, 3.0788042545318604, 3.088913679122925, 3.0990636348724365, 3.1090903282165527, 3.1191821098327637, 3.1291773319244385, 3.1392734050750732, 3.14929461479187, 3.1593713760375977, 3.1694419384002686, 3.179480791091919, 3.18959903717041, 3.1996583938598633, 3.209643602371216, 3.219740629196167, 3.229806661605835, 3.239877700805664, 3.2499308586120605, 3.2599716186523438, 3.270076036453247, 3.2800793647766113, 3.290179491043091, 3.3002700805664062, 3.310330390930176, 3.320335865020752, 3.3304383754730225, 3.340529203414917, 3.3505876064300537, 3.3606131076812744, 3.3706953525543213, 3.3806891441345215, 3.390795946121216, 3.4008946418762207, 3.410883903503418, 3.4210405349731445, 3.431130886077881, 3.4411442279815674, 3.451352119445801, 3.461801290512085, 3.4713943004608154, 3.481450319290161, 3.491497755050659, 3.501542806625366, 3.5115597248077393, 3.521610975265503, 3.5320560932159424, 3.5418999195098877, 3.5517725944519043, 3.5618667602539062, 3.5719473361968994, 3.5819878578186035, 3.5920374393463135, 3.6021463871002197, 3.6121459007263184, 3.622288942337036, 3.6323611736297607, 3.642362356185913, 3.6526193618774414, 3.6627020835876465, 3.672747850418091, 3.6826274394989014, 3.6926844120025635, 3.7027347087860107, 3.7127113342285156, 3.7228384017944336, 3.7329347133636475, 3.742912530899048, 3.753235340118408, 3.763089656829834, 3.773108720779419, 3.7834341526031494, 3.793355703353882, 3.803450345993042, 3.813384771347046, 3.8237290382385254, 3.833547353744507, 3.843557596206665, 3.853623867034912, 3.863649845123291, 3.8737540245056152, 3.884047746658325, 3.8939332962036133, 3.9039788246154785, 3.9139580726623535, 3.9241085052490234, 3.934236764907837, 3.94421648979187, 3.954317569732666, 3.9643898010253906, 3.9743964672088623, 3.984602689743042, 3.9947144985198975, 4.004719018936157, 4.014799118041992, 4.0247414112091064], "set_target_data": [{"head": [[0.9954652145139334, 0.04571723572245536, 0.08342026762499684, -0.0037168245971531434], [-0.04586260746036693, 0.9989477418904874, -0.00017380688329356295, 0.005729389317744943], [-0.08334043394214442, -0.003652852281962161, 0.9965144398053354, 0.012784661911498282], [0.0, 0.0, 0.0, 1.0]], "antennas": [0.05918609206592099, 0.42590497206648614], "body_yaw": 0.10326716053468718, "check_collision": false}, {"head": [[0.9954665445751855, 0.0457641634497338, 0.08337865419450367, -0.0037256244140513595], [-0.045914704368272316, 0.9989453575431353, -0.00011209724325596834, 0.005759081324964397], [-0.08329584956235654, -0.003716717202564622, 0.9965179313283438, 0.012772332463534472], [0.0, 0.0, 0.0, 1.0]], "antennas": [0.05918609206592099, 0.42590497206648614], "body_yaw": 0.10326716053468718, "check_collision": false}, {"head": [[0.9954534856832113, 0.045852406068365145, 0.08348601498985361, -0.0036868587667310253], [-0.046002855522898844, 0.9989413008158518, -0.0001216884267352242, 0.005570091435405478], [-0.08340320812105256, -0.003719459917199918, 0.9965089415018014, 0.012843594585573145], [0.0, 0.0, 0.0, 1.0]], "antennas": [0.05918609206592099, 0.42590497206648614], "body_yaw": 0.10326716053468718, "check_collision": false}, {"head": [[0.9954514632187526, 0.04590129663747584, 0.0834832638475686, -0.0036859139895348628], [-0.04605422615452721, 0.9989389367830823, -9.397868161758788e-05, 0.005598731094024256], [-0.08339899657041425, -0.0037512058972263927, 0.9965091749830327, 0.012825220339589091], [0.0, 0.0, 0.0, 1.0]], "antennas": [0.05918609206592099, 0.42590497206648614], "body_yaw": 0.10326716053468718, "check_collision": false}, {"head": [[0.9954480585053768, 0.045932094100135955, 0.08350691917112434, -0.003687261224143092], [-0.0460852981127891, 0.9989375038701206, -9.305691045757001e-05, 0.005638854907301011], [-0.08342246769145466, -0.0037558079436363504, 0.996507193045268, 0.012797763136580195], [0.0, 0.0, 0.0, 1.0]], "antennas": [0.05918609206592099, 0.42590497206648614], "body_yaw": 0.10326716053468718, "check_collision": false}, {"head": [[0.9954436823682972, 0.04597224852220309, 0.08353698341966408, -0.003681489820368816], [-0.04612596837654851, 0.9989356270313964, -8.993729133481001e-05, 0.00567754259299501], [-0.08345220353214215, -0.0037636967470191292, 0.9965046735025512, 0.012771014881462359], [0.0, 0.0, 0.0, 1.0]], "antennas": [0.05918609206592099, 0.42590497206648614], "body_yaw": 0.10326716053468718, "check_collision": false}, {"head": [[0.9954454675037534, 0.045997485530465294, 0.08350181166363108, -0.0036734532568524197], [-0.04614714454673275, 0.9989346435229669, -0.00013791238552885712, 0.0057157896143305315], [-0.08341919609068907, -0.003716085913668307, 0.9965076158409757, 0.01274198344954279], [0.0, 0.0, 0.0, 1.0]], "antennas": [0.05918609206592099, 0.42590497206648614], "body_yaw": 0.10326716053468718, "check_collision": false}, {"head": [[0.9954510123553422, 0.045990587267521706, 0.08343948635695474, -0.0036906609960654976], [-0.04614342722808506, 0.9989348200717197, -9.680871353429641e-05, 0.005852442009258161], [-0.08335506058044935, -0.003753815534768404, 0.996512841234151, 0.012618359594085957], [0.0, 0.0, 0.0, 1.0]], "antennas": [0.05918609206592099, 0.42590497206648614], "body_yaw": 0.10326716053468718, "check_collision": false}, {"head": [[0.9954435003123648, 0.0460164241418966, 0.08351482739645896, -0.003685788572857519], [-0.04616993768759851, 0.9989335954700036, -9.324856475665679e-05, 0.0058948577788065955], [-0.08343005777170795, -0.003763050699184583, 0.9965065302895135, 0.012587003983747444], [0.0, 0.0, 0.0, 1.0]], "antennas": [0.05918609206592099, 0.42590497206648614], "body_yaw": 0.10326716053468718, "check_collision": false}, {"head": [[0.9954404305251828, 0.04597057006627693, 0.08357664723844872, -0.003682860737765489], [-0.04611681254578015, 0.9989360374289701, -0.00018090418599618868, 0.005712145704529962], [-0.08349604108253246, -0.00367420923310848, 0.9965013353277834, 0.012717493163090773], [0.0, 0.0, 0.0, 1.0]], "antennas": [0.05918609206592099, 0.42590497206648614], "body_yaw": 0.10326716053468718, "check_collision": false}, {"head": [[0.9954417369884432, 0.04594222815995216, 0.08357667098616453, -0.0036860269992329726], [-0.04608489382890451, 0.998937502097481, -0.00022240508868245847, 0.005747628669412693], [-0.08349808873387041, -0.003630230701177542, 0.996501324937828, 0.012697843747388346], [0.0, 0.0, 0.0, 1.0]], "antennas": [0.05918609206592099, 0.42590497206648614], "body_yaw": 0.10326716053468718, "check_collision": false}, {"head": [[0.9954400812604934, 0.045982042487024706, 0.08357449604289115, -0.003706869999421764], [-0.046131077887861506, 0.9989353841775247, -0.00014795609069463114, 0.005737962633681856], [-0.08349232463529703, -0.003708100163449337, 0.9965015211830696, 0.012773670094785902], [0.0, 0.0, 0.0, 1.0]], "antennas": [0.05918609206592099, 0.42590497206648614], "body_yaw": 0.10326716053468718, "check_collision": false}, {"head": [[0.995444489346359, 0.045964755029808776, 0.08353149061890357, -0.0037134826209781965], [-0.046112532500276845, 0.998936238525109, -0.0001603362624150776, 0.0057789664095343135], [-0.08345000285426728, -0.003692242727097281, 0.9965051251083793, 0.012765111341575971], [0.0, 0.0, 0.0, 1.0]], "antennas": [0.05918609206592099, 0.42590497206648614], "body_yaw": 0.10326716053468718, "check_collision": false}, {"head": [[0.9954436958313742, 0.04595916701280831, 0.08354402071401346, -0.0037150246655374575], [-0.046107745467593685, 0.9989364609314149, -0.00015109505514482595, 0.005817590846093715], [-0.08346211258691161, -0.003701619822305896, 0.9965040761448098, 0.012749668683514445], [0.0, 0.0, 0.0, 1.0]], "antennas": [0.05918609206592099, 0.42590497206648614], "body_yaw": 0.10326716053468718, "check_collision": false}, {"head": [[0.9954370527635935, 0.04596911459270381, 0.08361766852103444, -0.003660844295189626], [-0.04611939717579104, 0.9989359254349923, -0.0001344599459136165, 0.0057574842384483915], [-0.08353487409143781, -0.0037225500531602247, 0.996497901368402, 0.012763382707677837], [0.0, 0.0, 0.0, 1.0]], "antennas": [0.05918609206592099, 0.42590497206648614], "body_yaw": 0.10326716053468718, "check_collision": false}, {"head": [[0.9954431101020986, 0.045914246037378814, 0.08357569360214728, -0.0036508721894831595], [-0.04606861109607041, 0.9989382745796089, -8.155729677703448e-05, 0.005786520200165705], [-0.08349070380551343, -0.0037690304764864124, 0.9965014283920155, 0.01275791143004977], [0.0, 0.0, 0.0, 1.0]], "antennas": [0.05918609206592099, 0.42590497206648614], "body_yaw": 0.10326716053468718, "check_collision": false}, {"head": [[0.99544451997134, 0.045925416085072106, 0.08355276067516451, -0.0036480150809393274], [-0.04607725924230304, 0.9989378728623443, -0.00011109442962357972, 0.005822831563573971], [-0.08346911907853058, -0.0037392938728715245, 0.9965033486354103, 0.012741087117043234], [0.0, 0.0, 0.0, 1.0]], "antennas": [0.05918609206592099, 0.42590497206648614], "body_yaw": 0.10326716053468718, "check_collision": false}, {"head": [[0.9954447430533224, 0.04595189849391202, 0.08353554065372674, -0.0036466974654445327], [-0.04610161968389898, 0.9989367457237031, -0.00013676790338787697, 0.005860309860020499], [-0.08345300587771758, -0.003714978834861105, 0.9965047891215729, 0.012723416896138748], [0.0, 0.0, 0.0, 1.0]], "antennas": [0.05918609206592099, 0.42590497206648614], "body_yaw": 0.10326716053468718, "check_collision": false}, {"head": [[0.9954408224762353, 0.045968083008987776, 0.08357334678182392, -0.003638881535702715], [-0.046112116511312584, 0.9989362491441367, -0.00020701857553638917, 0.005799423516917706], [-0.08349396180972203, -0.003647669162943992, 0.996501607048877, 0.01272231043151327], [0.0, 0.0, 0.0, 1.0]], "antennas": [0.05918609206592099, 0.42590497206648614], "body_yaw": 0.10326716053468718, "check_collision": false}, {"head": [[0.99543983206538, 0.04598672977894189, 0.08357488511440964, -0.00363069929203458], [-0.04613113169049317, 0.9989353719278675, -0.00020347060579184277, 0.005835774379342098], [-0.0834952658933581, -0.0036528612855709942, 0.9965014787634918, 0.01270020237962409], [0.0, 0.0, 0.0, 1.0]], "antennas": [0.05918609206592099, 0.42590497206648614], "body_yaw": 0.10326716053468718, "check_collision": false}, {"head": [[0.9954411949647867, 0.04598040809073565, 0.08356212921465601, -0.0036183075997550523], [-0.04612452916967159, 0.9989356762944067, -0.00020599784528670985, 0.005870852460484098], [-0.08348266392463512, -0.0036492051251688943, 0.9965025479776761, 0.012678269593912703], [0.0, 0.0, 0.0, 1.0]], "antennas": [0.05918609206592099, 0.42590497206648614], "body_yaw": 0.10326716053468718, "check_collision": false}, {"head": [[0.9954368562019551, 0.04598394633536104, 0.08361185319196818, -0.0036530661753553743], [-0.046115089224020384, 0.9989360673601189, -0.0003631431687453868, 0.005906462586860235], [-0.08353959456825993, -0.0034942819758861814, 0.9964983322278287, 0.012657961656308378], [0.0, 0.0, 0.0, 1.0]], "antennas": [0.05918609206592099, 0.42590497206648614], "body_yaw": 0.10326716053468718, "check_collision": false}, {"head": [[0.9954330156512843, 0.04595415306483082, 0.08367393362024138, -0.0036432470806991735], [-0.046077375943724366, 0.9989377682511587, -0.000458898175733269, 0.00594805056477688], [-0.08360614078840832, -0.0033986729011630584, 0.9964930818851581, 0.01264193291187897], [0.0, 0.0, 0.0, 1.0]], "antennas": [0.05918609206592099, 0.42590497206648614], "body_yaw": 0.10326716053468718, "check_collision": false}, {"head": [[0.995436618546457, 0.0458023785008818, 0.08371427942983935, -0.003648380586948245], [-0.045919696610516786, 0.9989449966580533, -0.0005245140989241363, 0.005811465937365935], [-0.08364998457856017, -0.0033220137723732647, 0.996489660911995, 0.01273361818537487], [0.0, 0.0, 0.0, 1.0]], "antennas": [0.05918609206592099, 0.42590497206648614], "body_yaw": 0.10326716053468718, "check_collision": false}, {"head": [[0.9954358009756089, 0.045737829009440546, 0.08375928088009615, -0.0036492347014651094], [-0.045849944469690145, 0.99894816669205, -0.0005855379734229979, 0.005850836725584499], [-0.0836979613143235, -0.0032574929155976314, 0.996485845364464, 0.012726974846769865], [0.0, 0.0, 0.0, 1.0]], "antennas": [0.05918609206592099, 0.43555466996027925], "body_yaw": 0.10326716053468718, "check_collision": false}, {"head": [[0.9954442374569575, 0.04563666527544262, 0.08371418575291809, -0.0036469075277108937], [-0.04574296711892917, 0.9989530319505313, -0.0006487803925383348, 0.005657639841713295], [-0.08365614784875902, -0.003183510543156312, 0.9964895956244243, 0.012821668770586644], [0.0, 0.0, 0.0, 1.0]], "antennas": [0.04994545571556405, 0.44848964337479413], "body_yaw": 0.10326716053468718, "check_collision": false}, {"head": [[0.9954492313000184, 0.04562128740875157, 0.08366317014894116, -0.0036479929159171885], [-0.045724881115313906, 0.9989538402412931, -0.0006784645633092527, 0.005688968095604948], [-0.08360659753388487, -0.003150111480780115, 0.9964938603154893, 0.01281862978756497], [0.0, 0.0, 0.0, 1.0]], "antennas": [0.03741954384448536, 0.4684058272708427], "body_yaw": 0.10326716053468718, "check_collision": false}, {"head": [[0.9954522082866089, 0.04562056793410183, 0.08362813401412296, -0.0036501084413436986], [-0.045729721747312775, 0.9989536623186358, -0.000610810198441811, 0.0056210019194134295], [-0.08356849625443465, -0.0032162589378299422, 0.9964968450086621, 0.012819273663191785], [0.0, 0.0, 0.0, 1.0]], "antennas": [0.019144399812143612, 0.4932499244479739], "body_yaw": 0.10326716053468718, "check_collision": false}, {"head": [[0.9954469646078719, 0.04563051026215061, 0.08368510731420395, -0.0036491807247775766], [-0.04573644106887773, 0.9989533287759422, -0.0006518326604300526, 0.0056497595732916], [-0.08362725997739695, -0.003178594135761429, 0.9964920360584889, 0.012807508956042976], [0.0, 0.0, 0.0, 1.0]], "antennas": [-0.003237338621100322, 0.5246645726665485], "body_yaw": 0.10326716053468718, "check_collision": false}, {"head": [[0.9954398458654621, 0.04565455495465711, 0.08375664078290958, -0.0036454218488795043], [-0.0457612870894347, 0.9989521946765856, -0.0006460299926034508, 0.005678999733029502], [-0.08369837434062562, -0.003189727688251736, 0.9964860298920458, 0.012796080297387644], [0.0, 0.0, 0.0, 1.0]], "antennas": [-0.03013633089533666, 0.5614177936062961], "body_yaw": 0.10326716053468718, "check_collision": false}, {"head": [[0.9954326420842917, 0.04565308167289709, 0.08384301525383181, -0.0036402542330901313], [-0.04575205340949943, 0.9989525512710278, -0.0007415645076370458, 0.005706985765810645], [-0.08378904869910386, -0.003097812594793706, 0.9964786996595697, 0.01278950930280863], [0.0, 0.0, 0.0, 1.0]], "antennas": [-0.061141917570475185, 0.6039202467073067], "body_yaw": 0.10326716053468718, "check_collision": false}, {"head": [[0.9954350772847578, 0.04557437377476634, 0.08385692199291583, -0.003630903198002482], [-0.045670106326205516, 0.9989562739254337, -0.0007772857689864673, 0.00573313973324779], [-0.08380482264906455, -0.0030560170240814012, 0.9964775022351017, 0.012780350795031356], [0.0, 0.0, 0.0, 1.0]], "antennas": [-0.09666475808660611, 0.6509399536493097], "body_yaw": 0.10326716053468718, "check_collision": false}, {"head": [[0.9954369350383168, 0.04551463603984357, 0.08386731346408416, -0.0036290794716992824], [-0.045602702761304625, 0.9989592799725197, -0.0008662895876362547, 0.005765160628471961], [-0.08381945992659748, -0.0029622395153195502, 0.9964765543025424, 0.01277618288545411], [0.0, 0.0, 0.0, 1.0]], "antennas": [-0.13670485244372943, 0.7032982333124855], "body_yaw": 0.10326716053468718, "check_collision": false}, {"head": [[0.9954273054328588, 0.04562277232184285, 0.08392283505904118, -0.0036521438966043776], [-0.04571364263907217, 0.9989542322414683, -0.0008395019509531249, 0.005842563342851943], [-0.08387337167030394, -0.0030007553262039084, 0.9964719027609997, 0.012758606504149825], [0.0, 0.0, 0.0, 1.0]], "antennas": [-0.18208351952202562, 0.7556565129756614], "body_yaw": 0.10326716053468718, "check_collision": false}, {"head": [[0.9954364912309128, 0.04560261137249148, 0.08382478011840086, -0.003658917707884953], [-0.04569497067675425, 0.9989551048358161, -0.0008174211364434959, 0.005881406619771986], [-0.08377446854942924, -0.003016680041576401, 0.9964801744444228, 0.01275969922308294], [0.0, 0.0, 0.0, 1.0]], "antennas": [-0.23115812156113374, 0.8080147926388372], "body_yaw": 0.10326716053468718, "check_collision": false}, {"head": [[0.9954330127079493, 0.04556744622550433, 0.08388518972775344, -0.003634441150157904], [-0.04566562037382799, 0.9989565006070339, -0.0007490065568880498, 0.005738429032761541], [-0.08383178589919724, -0.0030850833756330453, 0.9964751446641888, 0.012840669228643228], [0.0, 0.0, 0.0, 1.0]], "antennas": [-0.2802327236002419, 0.8603730723020131], "body_yaw": 0.10326716053468718, "check_collision": false}, {"head": [[0.9954389847063488, 0.045555937784987836, 0.08382054795409323, -0.00363016357667402], [-0.04565440201206165, 0.9989570180930697, -0.0007426840003098203, 0.0057697312173139986], [-0.08376695830526011, -0.003087480385941406, 0.996480588953519, 0.012836380140059153], [0.0, 0.0, 0.0, 1.0]], "antennas": [-0.32930732563935, 0.9127313519651888], "body_yaw": 0.10326716053468718, "check_collision": false}, {"head": [[0.9954410320999807, 0.04552387623610735, 0.08381365225406298, -0.003618341284714187], [-0.04562035331910133, 0.9989585569800847, -0.0007647217190281837, 0.005800140390095963], [-0.08376117820784146, -0.0030623730515359593, 0.996481152303709, 0.012828731832851145], [0.0, 0.0, 0.0, 1.0]], "antennas": [-0.3783819276784582, 0.9650896316283647], "body_yaw": 0.10326716053468718, "check_collision": false}, {"head": [[0.9954460834165257, 0.045471012765888906, 0.08378234902856338, -0.0036052635886141566], [-0.045568668278280856, 0.9989609291528577, -0.0007473268383885196, 0.005828473543593091], [-0.08372927494039134, -0.003073926496151844, 0.9964837979083518, 0.012825148493419078], [0.0, 0.0, 0.0, 1.0]], "antennas": [-0.4274565297175663, 1.0174479112915407], "body_yaw": 0.10326716053468718, "check_collision": false}, {"head": [[0.9954487010674165, 0.04540576494054194, 0.08378663409731706, -0.003592790185936218], [-0.04550040138348799, 0.9989640153811532, -0.0007806711884547617, 0.0058564678933986074], [-0.08373527940560611, -0.0030352073614913176, 0.9964834120541786, 0.012825126766314629], [0.0, 0.0, 0.0, 1.0]], "antennas": [-0.47653113175667444, 1.0698061909547165], "body_yaw": 0.10326716053468718, "check_collision": false}, {"head": [[0.9954546714930261, 0.045374684865000056, 0.08373252042135895, -0.0035824666774008605], [-0.045462203320781644, 0.9989656874759669, -0.0008621571137354448, 0.005886722273802548], [-0.08368503493415816, -0.0029484265415284294, 0.9964878934081427, 0.012827473677694642], [0.0, 0.0, 0.0, 1.0]], "antennas": [-0.5256057337957826, 1.1221644706178922], "body_yaw": 0.10326716053468718, "check_collision": false}, {"head": [[0.9954611675154275, 0.045367740595929934, 0.08365902271747169, -0.003573771116234298], [-0.04545254595211322, 0.9989661010834754, -0.000891601116299144, 0.005921020292234266], [-0.08361297767268588, -0.0029149612861855616, 0.996494040607071, 0.01283130640539075], [0.0, 0.0, 0.0, 1.0]], "antennas": [-0.5746803358348908, 1.174522750281068], "body_yaw": 0.10326716053468718, "check_collision": false}, {"head": [[0.9954696155155739, 0.045337053160155676, 0.08357509315596715, -0.003559805059836758], [-0.04542076231518818, 0.9989675387776406, -0.0009004550239230891, 0.005956856924318869], [-0.08352962909041647, -0.002899668825253109, 0.9965010752551756, 0.012827787844835278], [0.0, 0.0, 0.0, 1.0]], "antennas": [-0.6237549378739988, 1.2268810299442439], "body_yaw": 0.10326716053468718, "check_collision": false}, {"head": [[0.9954822764642639, 0.04512866361711809, 0.0835370634249241, -0.0036229706399798778], [-0.0452040814736587, 0.998977283122155, -0.0009893553459982883, 0.005727690131610492], [-0.08349627694484117, -0.0027913305090639983, 0.9965041797254739, 0.01277558916041209], [0.0, 0.0, 0.0, 1.0]], "antennas": [-0.672829539913107, 1.2792393096074197], "body_yaw": 0.10326716053468718, "check_collision": false}, {"head": [[0.9954656530359667, 0.04509002403021008, 0.08375573627299586, -0.003610159504395761], [-0.0451616500541733, 0.9989791506108314, -0.0010401967344403095, 0.00575638272167495], [-0.08371713677653426, -0.002747067130055165, 0.9964857724183132, 0.012755554516456588], [0.0, 0.0, 0.0, 1.0]], "antennas": [-0.7219041419522151, 1.3315975892705956], "body_yaw": 0.10326716053468718, "check_collision": false}, {"head": [[0.9954484340819274, 0.04505739664282423, 0.0839776523344733, -0.003595640764664178], [-0.04512614913944949, 0.9989807124031926, -0.0010802362026976855, 0.005792215348949676], [-0.08394072758609267, -0.0027142686272122627, 0.9964670526405459, 0.012738341300911768], [0.0, 0.0, 0.0, 1.0]], "antennas": [-0.7709787439913233, 1.3839558689337714], "body_yaw": 0.10326716053468718, "check_collision": false}, {"head": [[0.9954392503248195, 0.04498285180713583, 0.08412634519613017, -0.003583281321630473], [-0.04504709929044041, 0.9989842190683476, -0.0011352964022437791, 0.005828700717424961], [-0.08409196012864965, -0.0026595292254459287, 0.9964544491074444, 0.012721889807924533], [0.0, 0.0, 0.0, 1.0]], "antennas": [-0.8200533460304315, 1.4363141485969473], "body_yaw": 0.10326716053468718, "check_collision": false}, {"head": [[0.9954369473902861, 0.04488756686334285, 0.08420445422539914, -0.003583040648395982], [-0.04495139038805555, 0.9989885263138978, -0.0011387692334621814, 0.005864977398429847], [-0.0841704002158065, -0.0026515343247595, 0.9964478476534712, 0.012713560127462262], [0.0, 0.0, 0.0, 1.0]], "antennas": [-0.8691279480695395, 1.4886724282601231], "body_yaw": 0.10326716053468718, "check_collision": false}, {"head": [[0.9954393740314808, 0.04481788580702223, 0.08421288345379047, -0.0035939255744121736], [-0.04487820131782809, 0.9989917718703133, -0.0011776170378413869, 0.005899993245392681], [-0.08418075596173674, -0.002607076370196367, 0.9964470901550718, 0.012716499944655166], [0.0, 0.0, 0.0, 1.0]], "antennas": [-0.9182025501086477, 1.541030707923299], "body_yaw": 0.10326716053468718, "check_collision": false}, {"head": [[0.9954524628958293, 0.04476790667454102, 0.08408465167084009, -0.003603118133062619], [-0.0448271132628963, 0.9989940572783698, -0.0011846683148391511, 0.0059296294796716996], [-0.08405310244805003, -0.002589991212398647, 0.9964579107590931, 0.012714940964206653], [0.0, 0.0, 0.0, 1.0]], "antennas": [-0.9672771521477558, 1.5933889875864748], "body_yaw": 0.10326716053468718, "check_collision": false}, {"head": [[0.9954409616991284, 0.044703607074395746, 0.08425484725552518, -0.0036055808636426424], [-0.04475067432745938, 0.9989973003221428, -0.0013308254234023103, 0.005958248418439182], [-0.08422985764413657, -0.002445703090716597, 0.9964433499289561, 0.012695969678021543], [0.0, 0.0, 0.0, 1.0]], "antennas": [-1.0163517541868639, 1.6457472672496507], "body_yaw": 0.10326716053468718, "check_collision": false}, {"head": [[0.995404371347171, 0.044745990922770686, 0.08466365099192538, -0.0035971272174583537], [-0.04479757651821479, 0.998995250038388, -0.0012913321931839936, 0.00598604725985484], [-0.08463636713043582, -0.0025073286736655327, 0.9964087507955177, 0.012674110704393157], [0.0, 0.0, 0.0, 1.0]], "antennas": [-1.065426356225972, 1.6981055469128266], "body_yaw": 0.10326716053468718, "check_collision": false}, {"head": [[0.9953686980083984, 0.04475067113096474, 0.08507956545724636, -0.0035914740312278683], [-0.044796431357108875, 0.9989951936871402, -0.0013721252351511064, 0.00601897075704715], [-0.08505548049792831, -0.002445490405081364, 0.9963732156245194, 0.01265026542876245], [0.0, 0.0, 0.0, 1.0]], "antennas": [-1.1145009582650802, 1.7504638265760024], "body_yaw": 0.10326716053468718, "check_collision": false}, {"head": [[0.9953385025819088, 0.044684923199113526, 0.08546650172256062, -0.0037349833871658158], [-0.044725998048321204, 0.9989982610583578, -0.0014350961496168361, 0.006191444508339909], [-0.08544501376080818, -0.002394168136619403, 0.9963400110315497, 0.012553841028203436], [0.0, 0.0, 0.0, 1.0]], "antennas": [-1.1635755603041884, 1.8028221062391783], "body_yaw": 0.10326716053468718, "check_collision": false}, {"head": [[0.995299635362322, 0.04466202173198469, 0.08592985315034946, -0.003742134049309032], [-0.044685485838523525, 0.9989997399378105, -0.001651350829502711, 0.006238942973932288], [-0.08591765361672773, -0.0021962283575970303, 0.9962998210267817, 0.012528097221974108], [0.0, 0.0, 0.0, 1.0]], "antennas": [-1.2126501623432966, 1.855180385902354], "body_yaw": 0.10326716053468718, "check_collision": false}, {"head": [[0.9952366722312237, 0.04479597309544894, 0.08658687568304645, -0.0036027727094048445], [-0.04480860555526166, 0.9989939708142653, -0.0017986508664602917, 0.005976797721476178], [-0.0865803390748298, -0.0020897538559023583, 0.9962426801811439, 0.012556840632791264], [0.0, 0.0, 0.0, 1.0]], "antennas": [-1.2617247643824046, 1.9075386655655298], "body_yaw": 0.10326716053468718, "check_collision": false}, {"head": [[0.995193819559344, 0.04477188650766891, 0.08709041100734645, -0.003597400551953815], [-0.044767480890181406, 0.99899542234604, -0.002004691099613402, 0.006010472340862707], [-0.08709267572896907, -0.0019037621180285425, 0.9961983946605049, 0.012528772051249457], [0.0, 0.0, 0.0, 1.0]], "antennas": [-1.3107993664215127, 1.9598969452287056], "body_yaw": 0.10326716053468718, "check_collision": false}, {"head": [[0.9951577233006372, 0.04475297745658924, 0.08751158074141754, -0.0035760059053976164], [-0.044746288521538294, 0.9989963021740093, -0.002039094456415261, 0.005742355866046656], [-0.08751500110631821, -0.0018865978439902024, 0.9961614152987133, 0.012677674446513229], [0.0, 0.0, 0.0, 1.0]], "antennas": [-1.359873968460621, 2.0122552248918817], "body_yaw": 0.10326716053468718, "check_collision": false}, {"head": [[0.9951561252544424, 0.04466520451496838, 0.08757457321734818, -0.0035745848493192716], [-0.044653998462788703, 0.9990003307101768, -0.002087980422018655, 0.005772884746211946], [-0.08758028767850615, -0.0018326883514436225, 0.9961557782111976, 0.012669111375136585], [0.0, 0.0, 0.0, 1.0]], "antennas": [-1.408948570499729, 2.0646135045550573], "body_yaw": 0.10326716053468718, "check_collision": false}, {"head": [[0.9951456865152142, 0.04456491782517083, 0.08774412065431249, -0.003568802496641892], [-0.04455310057758065, 0.9990048228695498, -0.0020940659739111076, 0.005802946979133559], [-0.0877501215901537, -0.0018253719113870365, 0.9961408455526246, 0.01266094511471004], [0.0, 0.0, 0.0, 1.0]], "antennas": [-1.4580231725388373, 2.1169717842182334], "body_yaw": 0.10326716053468718, "check_collision": false}, {"head": [[0.9951362246215845, 0.044523440397582006, 0.08787239441976287, -0.003559189437121725], [-0.044511842255679765, 0.9990066654554084, -0.002092432716059044, 0.005836186552974576], [-0.08787827003818914, -0.0018291065657076743, 0.9961295417887507, 0.012646002383507646], [0.0, 0.0, 0.0, 1.0]], "antennas": [-1.5070977745779452, 2.169330063881409], "body_yaw": 0.10326716053468718, "check_collision": false}, {"head": [[0.9951315190902558, 0.044486413223692414, 0.08794440716504383, -0.003544766068104794], [-0.044475021942712606, 0.9990083105194005, -0.0020899608533365183, 0.005869498247888965], [-0.08795016848372354, -0.0018315435195842386, 0.9961231918352371, 0.012640346944237088], [0.0, 0.0, 0.0, 1.0]], "antennas": [-1.5561723766170534, 2.2216883435445847], "body_yaw": 0.10326716053468718, "check_collision": false}, {"head": [[0.9951334761092432, 0.04443570765358214, 0.08794789714404522, -0.003530582941616905], [-0.04442207967956996, 0.9990106173243939, -0.0021131280309610104, 0.005903731718824886], [-0.08795478135767329, -0.001803984051669289, 0.9961228348340706, 0.012623317556486144], [0.0, 0.0, 0.0, 1.0]], "antennas": [-1.6052469786561616, 2.2740466232077607], "body_yaw": 0.10326716053468718, "check_collision": false}, {"head": [[0.9951148383391158, 0.044423660652487526, 0.08816460112509812, -0.00351905428779007], [-0.044408029537640475, 0.9990111854464011, -0.0021396881922569953, 0.005937986776951693], [-0.08817247546654837, -0.0017859807414037144, 0.9961036215388899, 0.012612612923133523], [0.0, 0.0, 0.0, 1.0]], "antennas": [-1.6543215806952698, 2.3264049028709364], "body_yaw": 0.10326716053468718, "check_collision": false}, {"head": [[0.9951145531640739, 0.04442637731664142, 0.08816645098666799, -0.003522717101590458], [-0.04441131955479725, 0.999011052708081, -0.0021333688131990086, 0.005971845108760106], [-0.08817403686157736, -0.0017926420755005792, 0.9961034713612447, 0.012606172272399893], [0.0, 0.0, 0.0, 1.0]], "antennas": [-1.703396182734378, 2.3787631825341125], "body_yaw": 0.10326716053468718, "check_collision": false}, {"head": [[0.9951416333229971, 0.044487372629739654, 0.08782939885790131, -0.0035344289958503805], [-0.04448031381127291, 0.9990081813213219, -0.0020384642051374433, 0.006007972112465922], [-0.0878329739362633, -0.001878118624483964, 0.9961334455583469, 0.012607368293552454], [0.0, 0.0, 0.0, 1.0]], "antennas": [-1.752470784773486, 2.431121462197288], "body_yaw": 0.10326716053468718, "check_collision": false}, {"head": [[0.995170225560864, 0.044502152737655266, 0.08749731743804341, -0.003549545589371225], [-0.04450770181870254, 0.9990072563576395, -0.0018884447566832416, 0.006042683201091222], [-0.08749449488943174, -0.0020149805200011064, 0.9961629651907098, 0.012607471844910276], [0.0, 0.0, 0.0, 1.0]], "antennas": [-1.8015453868125941, 2.483479741860464], "body_yaw": 0.10326716053468718, "check_collision": false}, {"head": [[0.995191018710805, 0.044448525132926936, 0.08728782785049563, -0.0035675907862876676], [-0.044499702271755245, 0.9990084712973807, -0.0013604314740917715, 0.00607231726252945], [-0.08726174863636035, -0.0025303931667076487, 0.9961822043859981, 0.012608869805713949], [0.0, 0.0, 0.0, 1.0]], "antennas": [-1.8506199888517023, 2.53583802152364], "body_yaw": 0.10326716053468718, "check_collision": false}, {"head": [[0.9952211503681888, 0.04463303315597177, 0.08684903114668084, -0.0035856603774106245], [-0.044709020166869805, 0.9989994777270655, -0.001070988687562844, 0.0061080244356429905], [-0.08680993823023746, -0.0028170644913424465, 0.9962209086202288, 0.012623755132711509], [0.0, 0.0, 0.0, 1.0]], "antennas": [-1.8996945908908105, 2.588196301186816], "body_yaw": 0.10326716053468718, "check_collision": false}, {"head": [[0.9952792114498427, 0.044519700076790465, 0.08623970988385912, -0.0038489140189541353], [-0.0446214910624182, 0.9990036852400903, -0.0007479385571251003, 0.005911437940201658], [-0.08618708598825056, -0.0031037367464597544, 0.9962741354803218, 0.01253317203000913], [0.0, 0.0, 0.0, 1.0]], "antennas": [-1.9487691929299187, 2.6405545808499915], "body_yaw": 0.10326716053468718, "check_collision": false}, {"head": [[0.9952996478146744, 0.04444552345812065, 0.08604188808085701, -0.0038610796535410025], [-0.04458916423338978, 0.9990053766657304, -0.00025263794213150324, 0.005938202419088285], [-0.0859675374368306, -0.0035850854237601667, 0.9962914883052808, 0.012506004497963005], [0.0, 0.0, 0.0, 1.0]], "antennas": [-1.9978437949690266, 2.6929128605131676], "body_yaw": 0.10326716053468718, "check_collision": false}, {"head": [[0.995306916616691, 0.044479490303995874, 0.08594019244376956, -0.003862179210782739], [-0.04464623632715251, 0.9990028594794711, 1.8266370976625142e-05, 0.005969465380210075], [-0.08585368551667107, -0.0038550867872200233, 0.9963002975955932, 0.012483004941177808], [0.0, 0.0, 0.0, 1.0]], "antennas": [-2.046918397008135, 2.745271140176343], "body_yaw": 0.10326716053468718, "check_collision": false}, {"head": [[0.9953276189500021, 0.044518455423661646, 0.08567985808818133, -0.0038583919800018462], [-0.044704209263673675, 0.9990002359199542, 0.00024961166955937567, 0.006002921460004295], [-0.08558308611769684, -0.00407869569438059, 0.9963226884960532, 0.012465191508073556], [0.0, 0.0, 0.0, 1.0]], "antennas": [-2.095992999047243, 2.7976294198395193], "body_yaw": 0.10326716053468718, "check_collision": false}, {"head": [[0.995355138825042, 0.04444738194423986, 0.0853965915765033, -0.0038429639078358738], [-0.04466031123557225, 0.999002060017698, 0.0005836786251462178, 0.0060436287843210375], [-0.08528542791663223, -0.004394805877225309, 0.996346868046655, 0.012474947567268621], [0.0, 0.0, 0.0, 1.0]], "antennas": [-2.145067601086351, 2.849987699502695], "body_yaw": 0.10326716053468718, "check_collision": false}, {"head": [[0.9953807466511941, 0.0443701013853749, 0.08513790753338317, -0.0038473009442339945], [-0.04460030634634617, 0.9990045886462382, 0.000802830973769307, 0.0060814130749359185], [-0.08501753860188745, -0.004596299251780981, 0.9963688534690678, 0.012467924783149717], [0.0, 0.0, 0.0, 1.0]], "antennas": [-2.1929102248051886, 2.9023459791658706], "body_yaw": 0.10326716053468718, "check_collision": false}, {"head": [[0.9954080352321552, 0.04431993215296816, 0.08484448720581121, -0.0038572837981394586], [-0.04457178763260268, 0.9990056050536162, 0.0010755550625389612, 0.006119260890377867], [-0.0847124497491067, -0.004852286617120397, 0.9963936251161438, 0.012464819937524116], [0.0, 0.0, 0.0, 1.0]], "antennas": [-2.2354142758028535, 2.953472280508776], "body_yaw": 0.10326716053468718, "check_collision": false}, {"head": [[0.9954467832318222, 0.044317037924865375, 0.08439017657869764, -0.003858633009157928], [-0.04459455447610789, 0.999004179489364, 0.001405373210211244, 0.006158407058760957], [-0.08424385713210887, -0.005162316568032059, 0.9964317954697934, 0.012456611136242954], [0.0, 0.0, 0.0, 1.0]], "antennas": [-2.2354142758028535, 2.9984386902503277], "body_yaw": 0.10326716053468718, "