{"description": "A short movement to say you don\u2019t understand the instruction or what\u2019s being said.", "time": [0.0, 0.010076284408569336, 0.02017378807067871, 0.0302276611328125, 0.040238380432128906, 0.05031323432922363, 0.06039714813232422, 0.07043766975402832, 0.08044624328613281, 0.09055972099304199, 0.10057353973388672, 0.11063933372497559, 0.12076234817504883, 0.1307997703552246, 0.14087271690368652, 0.1509096622467041, 0.1609821319580078, 0.17108559608459473, 0.1810455322265625, 0.19123196601867676, 0.20122098922729492, 0.2113497257232666, 0.22136878967285156, 0.23134613037109375, 0.241424560546875, 0.25150132179260254, 0.2615652084350586, 0.2716190814971924, 0.2816133499145508, 0.29173874855041504, 0.30178046226501465, 0.31186628341674805, 0.3219637870788574, 0.33194947242736816, 0.34207653999328613, 0.35212087631225586, 0.36219143867492676, 0.37220001220703125, 0.38234996795654297, 0.3923811912536621, 0.40241479873657227, 0.41245436668395996, 0.42255234718322754, 0.43260788917541504, 0.44264984130859375, 0.45273852348327637, 0.4627797603607178, 0.47284531593322754, 0.48288846015930176, 0.49298858642578125, 0.5030145645141602, 0.5130364894866943, 0.523160457611084, 0.5331881046295166, 0.5432085990905762, 0.553300142288208, 0.563356876373291, 0.5735492706298828, 0.5840041637420654, 0.593731164932251, 0.6037352085113525, 0.6137571334838867, 0.6238794326782227, 0.6338760852813721, 0.6439037322998047, 0.6540243625640869, 0.6640348434448242, 0.6742241382598877, 0.6841812133789062, 0.6942844390869141, 0.7043724060058594, 0.7143900394439697, 0.7244248390197754, 0.7344770431518555, 0.7444889545440674, 0.7553377151489258, 0.7647981643676758, 0.7748055458068848, 0.7847809791564941, 0.7948498725891113, 0.8048930168151855, 0.8149082660675049, 0.8250987529754639, 0.8351016044616699, 0.8451228141784668, 0.85518479347229, 0.8652698993682861, 0.8753066062927246, 0.885394811630249, 0.8957726955413818, 0.9057838916778564, 0.9160048961639404, 0.9262905120849609, 0.936145544052124, 0.9461565017700195, 0.956279993057251, 0.9663352966308594, 0.976381778717041, 0.9865038394927979, 0.99654221534729, 1.0065748691558838, 1.0166115760803223, 1.0266940593719482, 1.0367419719696045, 1.0467712879180908, 1.0568408966064453, 1.0669052600860596, 1.0769741535186768, 1.0870256423950195, 1.0971834659576416, 1.1071374416351318, 1.1172895431518555, 1.1272695064544678, 1.1373322010040283, 1.1473815441131592, 1.1575298309326172, 1.167555570602417, 1.1775877475738525, 1.1877188682556152, 1.1977465152740479, 1.20796799659729, 1.2179324626922607, 1.2279469966888428, 1.2379717826843262, 1.248014211654663, 1.2581908702850342, 1.2682132720947266, 1.2781529426574707, 1.2882447242736816, 1.2983031272888184, 1.3084149360656738, 1.3184399604797363, 1.3284807205200195, 1.338548183441162, 1.3485674858093262, 1.3587932586669922, 1.3687491416931152, 1.3787908554077148, 1.3889431953430176, 1.3988990783691406, 1.4089679718017578, 1.419029951095581, 1.4291348457336426, 1.4392063617706299, 1.449272871017456, 1.4593210220336914, 1.4693281650543213, 1.4794201850891113, 1.4896292686462402, 1.4995229244232178, 1.5095903873443604, 1.5196702480316162, 1.529731035232544, 1.5399205684661865, 1.5498738288879395, 1.5599157810211182, 1.5699644088745117, 1.5801143646240234, 1.590198040008545, 1.6002283096313477, 1.6101722717285156, 1.6202905178070068, 1.6303598880767822, 1.6406874656677246, 1.650743007659912, 1.6605885028839111, 1.670670747756958, 1.68070387840271, 1.6907939910888672, 1.7008259296417236, 1.710878849029541, 1.7210853099822998, 1.731006383895874, 1.741032361984253, 1.7510895729064941, 1.7612977027893066, 1.7713871002197266, 1.7813684940338135, 1.791468620300293, 1.8016993999481201, 1.8114960193634033, 1.821664810180664, 1.8316404819488525, 1.8420612812042236, 1.8518781661987305, 1.861771583557129, 1.8717834949493408, 1.881803035736084, 1.8919434547424316, 1.9019544124603271, 1.911945104598999, 1.9221234321594238, 1.9321174621582031, 1.942213535308838, 1.9523265361785889, 1.962458848953247, 1.9725580215454102, 1.9825406074523926, 1.9927425384521484, 2.002631664276123, 2.012612819671631, 2.0227420330047607, 2.032773971557617, 2.042813777923584, 2.052865982055664, 2.0629818439483643, 2.073063373565674, 2.0830602645874023, 2.0931620597839355, 2.1032047271728516, 2.113264560699463, 2.1234285831451416, 2.133434772491455, 2.1435189247131348, 2.1535444259643555, 2.163630247116089, 2.173638105392456, 2.183682680130005, 2.1937592029571533, 2.203826665878296, 2.213822841644287, 2.2239863872528076, 2.2339999675750732, 2.2440059185028076, 2.2541732788085938, 2.2641677856445312, 2.274259567260742, 2.2843353748321533, 2.2944176197052, 2.3044180870056152, 2.3144941329956055, 2.3246653079986572, 2.334618091583252, 2.3446426391601562, 2.354735851287842, 2.36480975151062, 2.374812126159668, 2.384950637817383, 2.3949828147888184, 2.405029058456421, 2.415043830871582, 2.4251365661621094, 2.435187578201294, 2.4452245235443115, 2.4553658962249756, 2.465395450592041, 2.475473403930664, 2.485513925552368, 2.4956412315368652, 2.505580425262451, 2.5156443119049072, 2.525805950164795, 2.535762071609497, 2.545757293701172, 2.555849075317383, 2.565873861312866, 2.575932264328003, 2.586172580718994, 2.5961616039276123, 2.606229543685913, 2.616238832473755, 2.626333713531494, 2.6363255977630615, 2.6464130878448486, 2.6565768718719482, 2.6665194034576416, 2.6766164302825928, 2.686673402786255, 2.6967427730560303, 2.7068145275115967, 2.7170498371124268, 2.7269093990325928, 2.736906051635742, 2.7469613552093506, 2.7571370601654053, 2.7673020362854004, 2.7772016525268555, 2.787271499633789, 2.7973134517669678, 2.8074910640716553, 2.8174872398376465, 2.827575445175171, 2.837592840194702, 2.8475935459136963, 2.8579487800598145, 2.867774724960327, 2.8777706623077393, 2.887880325317383, 2.898308038711548, 2.908339738845825, 2.9186034202575684, 2.9287571907043457, 2.938844919204712, 2.9487767219543457, 2.9592204093933105, 2.9691150188446045, 2.9789862632751465, 2.9890897274017334, 2.9991390705108643, 3.0092077255249023, 3.019231081008911, 3.0293006896972656, 3.039316177368164, 3.0493791103363037, 3.0595319271087646, 3.069549322128296, 3.079577922821045, 3.0896835327148438, 3.09977126121521, 3.1098320484161377, 3.119863748550415, 3.129976272583008, 3.140048027038574, 3.150146722793579, 3.160109281539917, 3.170170783996582, 3.1801517009735107, 3.190312385559082, 3.200315237045288, 3.210371971130371, 3.22051739692688, 3.230522871017456, 3.2406210899353027, 3.250640392303467, 3.260751247406006, 3.2707910537719727, 3.2808074951171875, 3.2910714149475098, 3.3009767532348633, 3.3110127449035645, 3.321171998977661, 3.3312385082244873, 3.341196298599243, 3.3512942790985107, 3.3613507747650146, 3.371399164199829, 3.3814780712127686, 3.391584634780884, 3.4015324115753174, 3.411581039428711, 3.42189621925354, 3.43190860748291, 3.4420034885406494], "set_target_data": [{"head": [[0.9955847169456133, -0.09057000953468743, -0.02466059117720697, -0.007516089526370845], [0.09120281431925774, 0.9954961907313148, 0.025872396481357172, -0.0061661755112024695], [0.022206261382090076, -0.0280072778457346, 0.999361033032158, 0.005533041188938501], [0.0, 0.0, 0.0, 1.0]], "antennas": [-0.3179414867391099, 0.3869306747776125], "body_yaw": 0.07468526350440764, "check_collision": false}, {"head": [[0.9955836073751198, -0.09061653905468596, -0.02453413083224946, -0.007534774026878317], [0.09124382667597851, 0.9954947453864534, 0.025783250405722245, -0.006166539739498369], [0.022087209408781238, -0.02790796943008852, 0.9993664495183046, 0.005542116187418631], [0.0, 0.0, 0.0, 1.0]], "antennas": [-0.3179414867391099, 0.3869306747776125], "body_yaw": 0.07468526350440764, "check_collision": false}, {"head": [[0.9955816081608633, -0.0905854172642479, -0.024729409028356318, -0.007534467341641125], [0.09121756627254271, 0.9954978436753579, 0.025756530065741332, -0.006128170229384727], [0.02228490733981031, -0.027898484130419284, 0.9993623254296118, 0.005440717304086138], [0.0, 0.0, 0.0, 1.0]], "antennas": [-0.3179414867391099, 0.3869306747776125], "body_yaw": 0.07468526350440764, "check_collision": false}, {"head": [[0.995575647602124, -0.09063195994949272, -0.024798744672365442, -0.007557812078525471], [0.09126572087717197, 0.9954938000113829, 0.0257422285683913, -0.0061285525595227396], [0.022353927940783978, -0.027891611187070422, 0.9993609757895331, 0.005449624306939413], [0.0, 0.0, 0.0, 1.0]], "antennas": [-0.3179414867391099, 0.3869306747776125], "body_yaw": 0.07468526350440764, "check_collision": false}, {"head": [[0.9955473647857639, -0.09085162025372044, -0.02512822248776851, -0.007450649024597456], [0.09149249769851976, 0.9954753342426904, 0.025651155515688327, -0.00609111712807363], [0.022684076639955603, -0.02783598411548338, 0.9993550873715084, 0.005422682895487871], [0.0, 0.0, 0.0, 1.0]], "antennas": [-0.3179414867391099, 0.3869306747776125], "body_yaw": 0.07468526350440764, "check_collision": false}, {"head": [[0.995546931134611, -0.09080611282789354, -0.02530924300617786, -0.007463985697247428], [0.0914538450622321, 0.9954768459339962, 0.0257302046753576, -0.006095473496175773], [0.022858305531931675, -0.02793025389054705, 0.9993484871584177, 0.005437713154799137], [0.0, 0.0, 0.0, 1.0]], "antennas": [-0.3179414867391099, 0.3869306747776125], "body_yaw": 0.07468526350440764, "check_collision": false}, {"head": [[0.9955554307898072, -0.09074961692472401, -0.025177197082621578, -0.007472948857541385], [0.09139742278447437, 0.9954777407817311, 0.025895534681806515, -0.0058539683737789516], [0.02271332941858967, -0.028081571111966675, 0.9993475521712185, 0.005407105010613264], [0.0, 0.0, 0.0, 1.0]], "antennas": [-0.3179414867391099, 0.3869306747776125], "body_yaw": 0.07468526350440764, "check_collision": false}, {"head": [[0.9955526129227205, -0.09076037539754177, -0.02524973584894764, -0.007475733670865825], [0.09140916483951149, 0.9954778640060662, 0.025849310576170546, -0.005841240057094223], [0.022789459977966903, -0.028042405952728073, 0.9993469187335774, 0.005420923929811647], [0.0, 0.0, 0.0, 1.0]], "antennas": [-0.3179414867391099, 0.3869306747776125], "body_yaw": 0.07468526350440764, "check_collision": false}, {"head": [[0.9955486306895185, -0.09079971990838993, -0.025265288377192534, -0.007606028477664081], [0.09144651844985775, 0.9954771858894562, 0.025743089111619127, -0.005847957579342455], [0.02281355289350147, -0.02793891977451659, 0.9993492675567479, 0.005340309488608539], [0.0, 0.0, 0.0, 1.0]], "antennas": [-0.3179414867391099, 0.3869306747776125], "body_yaw": 0.07468526350440764, "check_collision": false}, {"head": [[0.9955542962846676, -0.09076071790798657, -0.025182041894317345, -0.00754987872426415], [0.09140650280414223, 0.9954793694814416, 0.025800701191013416, -0.006204465768303047], [0.022726513024584456, -0.027987801300897293, 0.9993498829659635, 0.005585727225296497], [0.0, 0.0, 0.0, 1.0]], "antennas": [-0.3179414867391099, 0.3869306747776125], "body_yaw": 0.07468526350440764, "check_collision": false}, {"head": [[0.99554556400559, -0.09087608112365461, -0.025111110457301328, -0.007560676137340818], [0.09151825326196494, 0.9954709489941963, 0.025729341780798935, -0.006207969033235397], [0.02265919920629772, -0.027912857041178546, 0.9993535075753365, 0.005597983912378987], [0.0, 0.0, 0.0, 1.0]], "antennas": [-0.3179414867391099, 0.3869306747776125], "body_yaw": 0.07468526350440764, "check_collision": false}, {"head": [[0.9955477143515542, -0.09092684031897795, -0.024840655365811558, -0.007514352466906399], [0.09156107503720666, 0.9954674532155611, 0.025712236902989006, -0.005894967915073298], [0.022390131474088082, -0.027872195789558855, 0.9993607070094568, 0.005428339627840848], [0.0, 0.0, 0.0, 1.0]], "antennas": [-0.3179414867391099, 0.3869306747776125], "body_yaw": 0.07468526350440764, "check_collision": false}, {"head": [[0.9955402061658744, -0.09101586153573867, -0.024815536587308278, -0.007508747087828005], [0.09164857919216989, 0.9954603343881263, 0.02567607041462611, -0.005880987743991999], [0.02236595267958319, -0.027835869104224493, 0.999362260920407, 0.005446289761313347], [0.0, 0.0, 0.0, 1.0]], "antennas": [-0.3179414867391099, 0.3869306747776125], "body_yaw": 0.07468526350440764, "check_collision": false}, {"head": [[0.9955357417292652, -0.09105550965107118, -0.02484916702316347, -0.0075000235240056026], [0.09168794264084015, 0.9954581098813413, 0.025621722146584616, -0.005869486988381497], [0.02240330586880867, -0.02778570916227373, 0.9993628201271536, 0.005471829936659853], [0.0, 0.0, 0.0, 1.0]], "antennas": [-0.3179414867391099, 0.3869306747776125], "body_yaw": 0.07468526350440764, "check_collision": false}, {"head": [[0.995536150399653, -0.09099383682392272, -0.02505783126092877, -0.0075805833172684686], [0.09162942686342491, 0.9954665052919891, 0.0255046069257091, -0.005893548767702858], [0.022623469674656855, -0.027686792913156073, 0.9993606056464625, 0.005451478957407727], [0.0, 0.0, 0.0, 1.0]], "antennas": [-0.3179414867391099, 0.3869306747776125], "body_yaw": 0.07468526350440764, "check_collision": false}, {"head": [[0.9955314596656059, -0.09106962019514644, -0.024968722305711552, -0.00756688011569644], [0.09170014535102905, 0.9954629305555558, 0.025389707212661355, -0.0059522929842671535], [0.022543206485948458, -0.02756588774656635, 0.9993657617079321, 0.005424832270032884], [0.0, 0.0, 0.0, 1.0]], "antennas": [-0.3179414867391099, 0.3869306747776125], "body_yaw": 0.07468526350440764, "check_collision": false}, {"head": [[0.9955365662401605, -0.09105136073548838, -0.024831330753031768, -0.0075499001006560755], [0.09167587727223693, 0.9954676872658944, 0.02529065313228089, -0.005952497068154565], [0.022416039014871596, -0.02745420400790314, 0.9993716965559792, 0.00542909301690476], [0.0, 0.0, 0.0, 1.0]], "antennas": [-0.3179414867391099, 0.3869306747776125], "body_yaw": 0.07468526350440764, "check_collision": false}, {"head": [[0.9955443646467154, -0.09100467368958738, -0.02468941851927074, -0.007534958957495844], [0.09162349145118116, 0.995474563723753, 0.02520969641425894, -0.0059506318249208144], [0.02228348793307099, -0.02735950192630503, 0.9993772580061452, 0.0054300374578549835], [0.0, 0.0, 0.0, 1.0]], "antennas": [-0.3179414867391099, 0.3869306747776125], "body_yaw": 0.07468526350440764, "check_collision": false}, {"head": [[0.9955441632851973, -0.0910334792958773, -0.024591148734125056, -0.007582722771189996], [0.0916475953864416, 0.9954746333075809, 0.025119169990680416, -0.005950924838384874], [0.022193179327439094, -0.027260962720063467, 0.9993819603649626, 0.005331434627598339], [0.0, 0.0, 0.0, 1.0]], "antennas": [-0.3179414867391099, 0.3869306747776125], "body_yaw": 0.07468526350440764, "check_collision": false}, {"head": [[0.9955421877458261, -0.09103603505554297, -0.024661564014070384, -0.007566096563333928], [0.09165119601634897, 0.9954752930126555, 0.02507985785725913, -0.00600192682603674], [0.0222668068439756, -0.027228318397093408, 0.9993812125461632, 0.0053948158066739], [0.0, 0.0, 0.0, 1.0]], "antennas": [-0.3179414867391099, 0.3869306747776125], "body_yaw": 0.07468526350440764, "check_collision": false}, {"head": [[0.9955366373240716, -0.09107195452552987, -0.02475283507761738, -0.007578753024038315], [0.09169098096311283, 0.9954700720047821, 0.025141594078655544, -0.006007456355499363], [0.022351012404407622, -0.027298989755916415, 0.9993774048890661, 0.0054169062009366085], [0.0, 0.0, 0.0, 1.0]], "antennas": [-0.3179414867391099, 0.3869306747776125], "body_yaw": 0.07468526350440764, "check_collision": false}, {"head": [[0.9955309161719115, -0.09108861426153013, -0.02492106133029882, -0.007591134006699774], [0.09171275747022913, 0.9954674810783879, 0.025164741855546933, -0.006012068659683602], [0.02251588468440169, -0.02733785776836869, 0.9993726414453795, 0.0054424413886534715], [0.0, 0.0, 0.0, 1.0]], "antennas": [-0.3179414867391099, 0.3869306747776125], "body_yaw": 0.07468526350440764, "check_collision": false}, {"head": [[0.9955279983834208, -0.09111014307492589, -0.024958891473102963, -0.00752245853278238], [0.09173373158297433, 0.995467324831423, 0.02509437552187436, -0.006037833416543436], [0.022559408781313732, -0.027271725684975705, 0.9993734667548467, 0.005412064159371352], [0.0, 0.0, 0.0, 1.0]], "antennas": [-0.3179414867391099, 0.3869306747776125], "body_yaw": 0.07468526350440764, "check_collision": false}, {"head": [[0.9955284936483584, -0.09112252865556393, -0.02489383669999349, -0.00749928028022203], [0.0917430748483986, 0.9954678805669198, 0.025038110491114766, -0.006049477514961273], [0.02249947891821375, -0.027209989544651963, 0.9993765005829326, 0.00541783020628773], [0.0, 0.0, 0.0, 1.0]], "antennas": [-0.3179414867391099, 0.3869306747776125], "body_yaw": 0.07468526350440764, "check_collision": false}, {"head": [[0.9955425716337296, -0.09100821738721308, -0.024748584462589745, -0.007478667454071469], [0.09162712179654327, 0.9954759634059721, 0.0251411382445764, -0.005947069375854971], [0.022348570786106216, -0.02729671498465045, 0.9993775216277705, 0.005410142581690933], [0.0, 0.0, 0.0, 1.0]], "antennas": [-0.3179414867391099, 0.3869306747776125], "body_yaw": 0.07468526350440764, "check_collision": false}, {"head": [[0.9955500925600289, -0.09100812765328957, -0.024444506637690912, -0.0074661104623303005], [0.09161702409753135, 0.9954788441452233, 0.02506375380509585, -0.005898943449391755], [0.022052983907624002, -0.027191755374242548, 0.9993869492546104, 0.005286724613226554], [0.0, 0.0, 0.0, 1.0]], "antennas": [-0.3179414867391099, 0.3869306747776125], "body_yaw": 0.07468526350440764, "check_collision": false}, {"head": [[0.9955584370612158, -0.0910120571868174, -0.024087420842679626, -0.0074323178707640485], [0.09160986569024757, 0.9954810993344436, 0.025000267520610873, -0.005890375270685425], [0.021703246403330538, -0.02709587264715399, 0.9993972097124573, 0.005264267412704813], [0.0, 0.0, 0.0, 1.0]], "antennas": [-0.3179414867391099, 0.3869306747776125], "body_yaw": 0.07468526350440764, "check_collision": false}, {"head": [[0.9955655855839154, -0.09101359067713032, -0.02378426187653359, -0.007407702377439141], [0.09160215733178799, 0.9954830121909295, 0.024952298720483816, -0.0058777735376526075], [0.02140583035338995, -0.027020339585757926, 0.9994056692232401, 0.005248959656742111], [0.0, 0.0, 0.0, 1.0]], "antennas": [-0.3179414867391099, 0.3869306747776125], "body_yaw": 0.07468526350440764, "check_collision": false}, {"head": [[0.9955667493425088, -0.09100145173759283, -0.023781997082685778, -0.0074361853443882225], [0.09159109081378736, 0.9954827032757623, 0.02500519070755525, -0.005801549064250554], [0.021399058089805436, -0.02707255548394379, 0.9994044011572282, 0.005276187532907381], [0.0, 0.0, 0.0, 1.0]], "antennas": [-0.3179414867391099, 0.3869306747776125], "body_yaw": 0.07468526350440764, "check_collision": false}, {"head": [[0.9955672132971346, -0.0909744906264946, -0.02386557904235945, -0.007449084686369853], [0.09156595859112121, 0.995485526406583, 0.02498483424593635, -0.005781985253762742], [0.02148485594706966, -0.027059356427263485, 0.9994029178437872, 0.005303161788425168], [0.0, 0.0, 0.0, 1.0]], "antennas": [-0.3179414867391099, 0.3869306747776125], "body_yaw": 0.07468526350440764, "check_collision": false}, {"head": [[0.9955730785031971, -0.09084273690176191, -0.02412141189615907, -0.007476860368999328], [0.09144255479119127, 0.9954952399630406, 0.02504967832504694, -0.00571562110885159], [0.021737169386258203, -0.027144508894537213, 0.9993951526318043, 0.005180449023383113], [0.0, 0.0, 0.0, 1.0]], "antennas": [-0.3179414867391099, 0.3869306747776125], "body_yaw": 0.07468526350440764, "check_collision": false}, {"head": [[0.9955706745433741, -0.09081541862183773, -0.024322658773077457, -0.007495610572608119], [0.09142218228645346, 0.995495416367649, 0.025116938049523235, -0.005707624520950952], [0.021932090079006778, -0.027229317500471476, 0.9993885869336436, 0.005202095353008094], [0.0, 0.0, 0.0, 1.0]], "antennas": [-0.3179414867391099, 0.3869306747776125], "body_yaw": 0.07468526350440764, "check_collision": false}, {"head": [[0.995565534134992, -0.09079694634271371, -0.02460044262500449, -0.0075405721812423394], [0.09141241856267679, 0.9954950220392945, 0.025168051722493423, -0.005608442879545101], [0.02220443593135737, -0.027305230814305304, 0.9993805018085691, 0.0051843561181173035], [0.0, 0.0, 0.0, 1.0]], "antennas": [-0.3179414867391099, 0.3869306747776125], "body_yaw": 0.07468526350440764, "check_collision": false}, {"head": [[0.9955614605166851, -0.0908331405208267, -0.02463166492562558, -0.007541985055110353], [0.09145014317228933, 0.9954907840600107, 0.02519861435382372, -0.005606691311129779], [0.02223172615098349, -0.027339338593109767, 0.9993789626151027, 0.005183708278088126], [0.0, 0.0, 0.0, 1.0]], "antennas": [-0.3179414867391099, 0.3869306747776125], "body_yaw": 0.07468526350440764, "check_collision": false}, {"head": [[0.9955585700664066, -0.09090904817754512, -0.02446790809988727, -0.007540052706019339], [0.09152225598536935, 0.9954833663607335, 0.025229822798624877, -0.00560526790915949], [0.022063776346769724, -0.027357124456972182, 0.9993821979176762, 0.0051757064520307015], [0.0, 0.0, 0.0, 1.0]], "antennas": [-0.3179414867391099, 0.3869306747776125], "body_yaw": 0.07468526350440764, "check_collision": false}, {"head": [[0.9955583959160214, -0.09096024355975894, -0.02428403616921027, -0.007542292802001159], [0.09156806265169744, 0.9954795627739655, 0.02521368679049021, -0.0055989702085600425], [0.021880818616610138, -0.02732533972164775, 0.9993870899635252, 0.0051700571092909795], [0.0, 0.0, 0.0, 1.0]], "antennas": [-0.3179414867391099, 0.3869306747776125], "body_yaw": 0.07468526350440764, "check_collision": false}, {"head": [[0.9955734622817757, -0.09079804389459185, -0.024273368641242334, -0.0075027335331588445], [0.09140474558294488, 0.995495541410392, 0.025175375209674274, -0.005491723834907801], [0.021878155434016743, -0.027282636546831985, 0.9993883149496289, 0.00505615673458871], [0.0, 0.0, 0.0, 1.0]], "antennas": [-0.3179414867391099, 0.3869306747776125], "body_yaw": 0.07468526350440764, "check_collision": false}, {"head": [[0.9955777300870968, -0.0907616680827465, -0.02423433435152313, -0.007516237805559342], [0.09136690431222699, 0.9954994812354739, 0.025156940519523607, -0.005468895328927555], [0.0218419813896179, -0.02725990584612955, 0.9993897264742299, 0.0050768223522314], [0.0, 0.0, 0.0, 1.0]], "antennas": [-0.3179414867391099, 0.3869306747776125], "body_yaw": 0.07468526350440764, "check_collision": false}, {"head": [[0.9955793501737789, -0.09070333999462976, -0.024385684763301208, -0.00753067230427514], [0.0913136810785852, 0.9955032481174764, 0.025201084013054, -0.005444963724216224], [0.02199020589796594, -0.027316425486750104, 0.9993849327177152, 0.005098010849173615], [0.0, 0.0, 0.0, 1.0]], "antennas": [-0.3179414867391099, 0.3869306747776125], "body_yaw": 0.07468526350440764, "check_collision": false}, {"head": [[0.9955744659470559, -0.09074820458545538, -0.02441815141960224, -0.007545029208473395], [0.09135952391321209, 0.9954989337852307, 0.025205360993647154, -0.005679687154015715], [0.0220209024471186, -0.027324644498788603, 0.9993840321210006, 0.005244543201237581], [0.0, 0.0, 0.0, 1.0]], "antennas": [-0.3179414867391099, 0.3869306747776125], "body_yaw": 0.07468526350440764, "check_collision": false}, {"head": [[0.995567628094117, -0.09082937457783886, -0.024395134860307095, -0.007552192808813349], [0.09144010014889832, 0.995491487856211, 0.02520725472134329, -0.005671816212910441], [0.021995589917376143, -0.027326220368464334, 0.9993845464607508, 0.00525490180506639], [0.0, 0.0, 0.0, 1.0]], "antennas": [-0.3179414867391099, 0.3869306747776125], "body_yaw": 0.07468526350440764, "check_collision": false}, {"head": [[0.9955639326968834, -0.09089183519474471, -0.02431316943647184, -0.0075536346216315865], [0.09150081205629403, 0.9954853352194845, 0.02522991787519551, -0.005667273862035715], [0.021910210089225085, -0.02734267100854848, 0.9993859720027913, 0.005261558492572158], [0.0, 0.0, 0.0, 1.0]], "antennas": [-0.3179414867391099, 0.3869306747776125], "body_yaw": 0.07468526350440764, "check_collision": false}, {"head": [[0.9955404263282417, -0.09109907906966974, -0.024499333436660588, -0.007504756083314731], [0.09171180539918028, 0.9954674415823186, 0.025169773538428357, -0.005954367243703202], [0.022095345586921708, -0.027304405179584913, 0.9993829422004277, 0.005384193368642718], [0.0, 0.0, 0.0, 1.0]], "antennas": [-0.3179414867391099, 0.3869306747776125], "body_yaw": 0.07468526350440764, "check_collision": false}, {"head": [[0.9955370772561448, -0.09116547821258952, -0.024388181370549086, -0.007578421254292781], [0.09177400032937083, 0.9954630451282073, 0.02511689964190719, -0.00571154139586056], [0.021987739125193723, -0.02724300582437372, 0.9993869910909465, 0.0052107352401184], [0.0, 0.0, 0.0, 1.0]], "antennas": [-0.3179414867391099, 0.3869306747776125], "body_yaw": 0.07468526350440764, "check_collision": false}, {"head": [[0.9955296699094534, -0.09125814858780891, -0.024343924217357284, -0.007591457543322928], [0.09186361859479854, 0.9954568883983205, 0.025033156393140448, -0.005705852662192845], [0.02194884754706793, -0.02715757089025882, 0.9993901712718093, 0.0052134023170541475], [0.0, 0.0, 0.0, 1.0]], "antennas": [-0.3179414867391099, 0.3869306747776125], "body_yaw": 0.07468526350440764, "check_collision": false}, {"head": [[0.9955228428925733, -0.09133597523003409, -0.02433123317604658, -0.007603655167525146], [0.09194020688993038, 0.9954508339774166, 0.024992708750800736, -0.0057004912779174445], [0.021937812929399968, -0.02711783107927611, 0.9993914926601238, 0.005215148849799909], [0.0, 0.0, 0.0, 1.0]], "antennas": [-0.3179414867391099, 0.3869306747776125], "body_yaw": 0.07468526350440764, "check_collision": false}, {"head": [[0.9955136095732825, -0.09140102860211581, -0.024464364386781803, -0.007640205011933833], [0.09201313642606505, 0.9954392224326784, 0.025186051053370774, -0.0054968298808731435], [0.022050756889784293, -0.027324099492936037, 0.9993833887490264, 0.005049046130487631], [0.0, 0.0, 0.0, 1.0]], "antennas": [-0.3179414867391099, 0.3869306747776125], "body_yaw": 0.07468526350440764, "check_collision": false}, {"head": [[0.9955180368901351, -0.0913686991030063, -0.024404898086989722, -0.007665473906917811], [0.09197902945960482, 0.9954425519431097, 0.025179037325895656, -0.005484156100851099], [0.02199309814649144, -0.027310924649560957, 0.9993850194137919, 0.005042599208809792], [0.0, 0.0, 0.0, 1.0]], "antennas": [-0.3179414867391099, 0.3869306747776125], "body_yaw": 0.07468526350440764, "check_collision": false}, {"head": [[0.9955132586752387, -0.09146002284308535, -0.024257288046065237, -0.007588445083598586], [0.09206609182286951, 0.995434759955839, 0.02516889763426737, -0.005652313111111175], [0.02184459975074922, -0.02728924500977585, 0.9993888685434344, 0.005131743752463511], [0.0, 0.0, 0.0, 1.0]], "antennas": [-0.3179414867391099, 0.3869306747776125], "body_yaw": 0.07468526350440764, "check_collision": false}, {"head": [[0.9955227112210501, -0.0913443472076926, -0.02430517797282459, -0.0075720228395107225], [0.09195154173398035, 0.9954455683892542, 0.025160173825693972, -0.005609953746907037], [0.021896242048220257, -0.027282423048467758, 0.9993879246702807, 0.005168515470608601], [0.0, 0.0, 0.0, 1.0]], "antennas": [-0.3179414867391099, 0.3869306747776125], "body_yaw": 0.07468526350440764, "check_collision": false}, {"head": [[0.9955193972032651, -0.09138273775216703, -0.02429660537948305, -0.007575544090920235], [0.09198861275888696, 0.9954433913808416, 0.025110748274477356, -0.005606422812680272], [0.021891206333667364, -0.027233248009139382, 0.9993893762133603, 0.0051735937676190644], [0.0, 0.0, 0.0, 1.0]], "antennas": [-0.3179414867391099, 0.3869306747776125], "body_yaw": 0.07468526350440764, "check_collision": false}, {"head": [[0.9955247816753107, -0.09134650486756869, -0.024212086213384235, -0.00758502010131455], [0.0919487039715632, 0.9954486671116192, 0.0250476941783179, -0.005579028021738817], [0.02181386963092386, -0.027161870226108314, 0.9993930097301787, 0.005112273324778491], [0.0, 0.0, 0.0, 1.0]], "antennas": [-0.3179414867391099, 0.3869306747776125], "body_yaw": 0.07468526350440764, "check_collision": false}, {"head": [[0.9955251089754147, -0.09135994325400805, -0.024147839822924032, -0.007591348249554757], [0.09196032787946183, 0.9954476715609056, 0.02504458584751769, -0.005575723663285515], [0.021749838983106083, -0.027153157322790986, 0.9993946420466808, 0.005111957540081211], [0.0, 0.0, 0.0, 1.0]], "antennas": [-0.3179414867391099, 0.3869306747776125], "body_yaw": 0.07468526350440764, "check_collision": false}, {"head": [[0.9955237607936049, -0.09138799240115703, -0.024097230966298636, -0.007597838199066209], [0.09198629321114485, 0.9954460909622123, 0.025012034090099094, -0.005569225181368861], [0.02170169478705209, -0.027116689195715932, 0.9993966788069852, 0.005117072494304051], [0.0, 0.0, 0.0, 1.0]], "antennas": [-0.3179414867391099, 0.3869306747776125], "body_yaw": 0.07468526350440764, "check_collision": false}, {"head": [[0.9955281638967971, -0.09134311394104401, -0.024085481598368888, -0.0075605184504256365], [0.09193764074991932, 0.9954545755728981, 0.024852729916857694, -0.005580330735670118], [0.02170587712143162, -0.026955954936431967, 0.9994009362572432, 0.005169425694432248], [0.0, 0.0, 0.0, 1.0]], "antennas": [-0.3179414867391099, 0.3869306747776125], "body_yaw": 0.07468526350440764, "check_collision": false}, {"head": [[0.9955298992890049, -0.09131729324605574, -0.024111648136076917, -0.007564129929171486], [0.09191148432913819, 0.9954581875752817, 0.024804754337628198, -0.005571952201864001], [0.021737034527246474, -0.02691001195743623, 0.9994014971903996, 0.005182848326014575], [0.0, 0.0, 0.0, 1.0]], "antennas": [-0.3179414867391099, 0.3869306747776125], "body_yaw": 0.07468526350440764, "check_collision": false}, {"head": [[0.9955314347081538, -0.09127637542392864, -0.024203012155414073, -0.007571330442873295], [0.09187375790000851, 0.9954608387694642, 0.024838097465899826, -0.0055677327515294625], [0.02182601927186243, -0.026950728484865686, 0.9993984606336351, 0.005204068659241732], [0.0, 0.0, 0.0, 1.0]], "antennas": [-0.3179414867391099, 0.3869306747776125], "body_yaw": 0.07468526350440764, "check_collision": false}, {"head": [[0.9955181528027258, -0.0913912842824899, -0.024315439486998446, -0.007610832631493248], [0.09198873070468598, 0.9954535763418876, 0.024703254269158523, -0.005649837874295721], [0.02194722906404206, -0.026829284473184327, 0.9993990737593604, 0.005180371407211623], [0.0, 0.0, 0.0, 1.0]], "antennas": [-0.3179414867391099, 0.3869306747776125], "body_yaw": 0.07468526350440764, "check_collision": false}, {"head": [[0.9955138305210643, -0.09142239010139123, -0.024375393933767156, -0.007627055115174723], [0.09202072454233261, 0.9954514296845939, 0.024670577488211463, -0.005651767817845589], [0.022009077581339825, -0.026802942507246165, 0.999398420439502, 0.005199485574776128], [0.0, 0.0, 0.0, 1.0]], "antennas": [-0.3179414867391099, 0.3869306747776125], "body_yaw": 0.07468526350440764, "check_collision": false}, {"head": [[0.9955155305641965, -0.09144057909796095, -0.024237345145791653, -0.007597951616102595], [0.09203609145844381, 0.9954490111765247, 0.024710807690815732, -0.005763865026180457], [0.021867470693695903, -0.026830703343540194, 0.9994007840118756, 0.005350081371718005], [0.0, 0.0, 0.0, 1.0]], "antennas": [-0.3179414867391099, 0.3869306747776125], "body_yaw": 0.07468526350440764, "check_collision": false}, {"head": [[0.9955132998448936, -0.09141385703753134, -0.024429010897961415, -0.007597351113502029], [0.09201816219669871, 0.9954465551751852, 0.02487596462046909, -0.0057750766482023985], [0.0220437668712265, -0.027012266313261545, 0.999392020085586, 0.005377849726166626], [0.0, 0.0, 0.0, 1.0]], "antennas": [-0.3179414867391099, 0.3869306747776125], "body_yaw": 0.07468526350440764, "check_collision": false}, {"head": [[0.9955118409167691, -0.09141663600896399, -0.024478015755157498, -0.0076130514730447536], [0.09202173764494337, 0.9954468211093992, 0.024852085304794408, -0.005917788934628715], [0.02209466893416521, -0.02699305473628636, 0.999391415112564, 0.005399992761981451], [0.0, 0.0, 0.0, 1.0]], "antennas": [-0.3179414867391099, 0.3869306747776125], "body_yaw": 0.07468526350440764, "check_collision": false}, {"head": [[0.9955163087743419, -0.09137895946977298, -0.02443695419912776, -0.007604854025285133], [0.09198232795367897, 0.995451172046152, 0.02482368659494338, -0.005935977891163243], [0.022057432047510185, -0.026960152784502357, 0.9993931257784924, 0.005409822833144071], [0.0, 0.0, 0.0, 1.0]], "antennas": [-0.3179414867391099, 0.3869306747776125], "body_yaw": 0.07468526350440764, "check_collision": false}, {"head": [[0.9955277728284728, -0.09127609303830835, -0.02435422687836457, -0.007603477778741041], [0.0918760023337196, 0.9954623896250707, 0.02476753998923289, -0.006267805256446701], [0.02198303260142068, -0.026894342929433716, 0.9993965382149564, 0.005662278354236836], [0.0, 0.0, 0.0, 1.0]], "antennas": [-0.3179414867391099, 0.3869306747776125], "body_yaw": 0.07468526350440764, "check_collision": false}, {"head": [[0.995535633353117, -0.09123049404047202, -0.024203298976379076, -0.00759145583225419], [0.09182389178476662, 0.9954699860226456, 0.024655219033172245, -0.006292252134447431], [0.021844349880645635, -0.026767590201690335, 0.999402982031316, 0.005680949790447873], [0.0, 0.0, 0.0, 1.0]], "antennas": [-0.3179414867391099, 0.3869306747776125], "body_yaw": 0.07468526350440764, "check_collision": false}, {"head": [[0.9955398187031707, -0.09123216870609528, -0.024024170529721407, -0.007594113621607543], [0.09182020942833395, 0.9954709662531486, 0.024629342004202817, -0.0061505002218144094], [0.02166837596580463, -0.02672539504302348, 0.9994079421051242, 0.005542941223066542], [0.0, 0.0, 0.0, 1.0]], "antennas": [-0.3179414867391099, 0.3869306747776125], "body_yaw": 0.07468526350440764, "check_collision": false}, {"head": [[0.9955377027110583, -0.09128790938676017, -0.023899792479915246, -0.00759848151773314], [0.09187034555599975, 0.9954689461124818, 0.024523803398450526, -0.0061683596357389285], [0.02155277448983178, -0.026610053090877578, 0.999413519513465, 0.005566954430277668], [0.0, 0.0, 0.0, 1.0]], "antennas": [-0.3179414867391099, 0.3869306747776125], "body_yaw": 0.07468526350440764, "check_collision": false}, {"head": [[0.995529696423178, -0.09137340666925096, -0.023906570085046725, -0.007607420343280928], [0.09195394488308282, 0.9954635892692296, 0.024427739552853316, -0.006186570140034502], [0.021566074283803586, -0.02651684356930046, 0.9994157100261668, 0.00560054247535092], [0.0, 0.0, 0.0, 1.0]], "antennas": [-0.3179414867391099, 0.3869306747776125], "body_yaw": 0.07468526350440764, "check_collision": false}, {"head": [[0.9955148872138561, -0.09146099816175783, -0.024186673000603412, -0.0075316141281229244], [0.09204905450886276, 0.9954546997899986, 0.02443178728680883, -0.0063446928685923975], [0.021842181658607254, -0.026548568346680998, 0.9994088715931702, 0.005720142150272287], [0.0, 0.0, 0.0, 1.0]], "antennas": [-0.3179414867391099, 0.3869306747776125], "body_yaw": 0.07468526350440764, "check_collision": false}, {"head": [[0.9955193913385559, -0.09136422495494653, -0.02436636754408377, -0.0075317275423395415], [0.09196114163151733, 0.9954582618716066, 0.024617012438318327, -0.006378838847342457], [0.02200658762142512, -0.02674747221593541, 0.9993999613924941, 0.005762181958151378], [0.0, 0.0, 0.0, 1.0]], "antennas": [-0.3179414867391099, 0.3869306747776125], "body_yaw": 0.07468526350440764, "check_collision": false}, {"head": [[0.9955225666527047, -0.09128544175542055, -0.024531355623547517, -0.0075269226982008115], [0.09189140769017493, 0.995459518891283, 0.024825701227829962, -0.006415945023623441], [0.022153746363297033, -0.026968766606078554, 0.9993907629900417, 0.005799065174721405], [0.0, 0.0, 0.0, 1.0]], "antennas": [-0.3179414867391099, 0.3869306747776125], "body_yaw": 0.07468526350440764, "check_collision": false}, {"head": [[0.9955064465960196, -0.09137274688403381, -0.02485831676990352, -0.007541334736424012], [0.09199015717022414, 0.9954474836974188, 0.024942297092989212, -0.0064234809290904206], [0.02246610267856973, -0.02711693801563456, 0.9993797806155037, 0.005678160016912912], [0.0, 0.0, 0.0, 1.0]], "antennas": [-0.3179414867391099, 0.3869306747776125], "body_yaw": 0.07468526350440764, "check_collision": false}, {"head": [[0.9955028891135554, -0.09138684350955471, -0.024948799568804542, -0.007540169731850059], [0.09201000633409213, 0.995441976081192, 0.025088463284385486, -0.006464302088688074], [0.02254232687555904, -0.027271176889378815, 0.9993738671839002, 0.005698930638077479], [0.0, 0.0, 0.0, 1.0]], "antennas": [-0.3179414867391099, 0.3869306747776125], "body_yaw": 0.07468526350440764, "check_collision": false}, {"head": [[0.9955093378365968, -0.09129278171686851, -0.025035700240600395, -0.007548271881336565], [0.09192156320068408, 0.9954465280867385, 0.025231645582504507, -0.006455353597151121], [0.022618233770205012, -0.027419659488306478, 0.9993680892317215, 0.005690419900615815], [0.0, 0.0, 0.0, 1.0]], "antennas": [-0.3179414867391099, 0.3869306747776125], "body_yaw": 0.07468526350440764, "check_collision": false}, {"head": [[0.9955022522818867, -0.0912948867442347, -0.02530828631195497, -0.007562203296747781], [0.0919371195597441, 0.9954384476163569, 0.025492411698277838, -0.006494849238175112], [0.022865514399371078, -0.027704524206247146, 0.9993546055278664, 0.005729714226545899], [0.0, 0.0, 0.0, 1.0]], "antennas": [-0.3179414867391099, 0.3869306747776125], "body_yaw": 0.07468526350440764, "check_collision": false}, {"head": [[0.9954992387803894, -0.09122123393755907, -0.025689532237354536, -0.007585361882628703], [0.09189101101940286, 0.995423733555933, 0.026222752856984496, -0.006538433443155491], [0.023179898220159183, -0.0284653675977604, 0.9993259804318244, 0.0057847564585679166], [0.0, 0.0, 0.0, 1.0]], "antennas": [-0.3179414867391099, 0.3869306747776125], "body_yaw": 0.07468526350440764, "check_collision": false}, {"head": [[0.9955037876502315, -0.09101727275279622, -0.026230989967703598, -0.007607247943961063], [0.09174607717761937, 0.995386869957278, 0.02806486128900477, -0.0066096277838854555], [0.02355559586512251, -0.030345266143104902, 0.9992618769502533, 0.005854975714831298], [0.0, 0.0, 0.0, 1.0]], "antennas": [-0.3179414867391099, 0.3869306747776125], "body_yaw": 0.07468526350440764, "check_collision": false}, {"head": [[0.995568486967647, -0.08998968498795229, -0.027299163956411972, -0.007711488355761841], [0.0908520779448323, 0.9953439975289112, 0.03219047244562749, -0.006525255015027885], [0.024275248506576884, -0.034528005719063795, 0.9991088675069439, 0.005845501415648444], [0.0, 0.0, 0.0, 1.0]], "antennas": [-0.3179414867391099, 0.3869306747776125], "body_yaw": 0.07468526350440764, "check_collision": false}, {"head": [[0.9956112666928759, -0.08909576038109811, -0.028638280610422662, -0.007753563889182247], [0.09016311177506793, 0.995185204893977, 0.03843203397128438, -0.006687724657432741], [0.025076261867430904, -0.04084548251945737, 0.9988507534404272, 0.005938982353204345], [0.0, 0.0, 0.0, 1.0]], "antennas": [-0.3179414867391099, 0.3869306747776125], "body_yaw": 0.07468526350440764, "check_collision": false}, {"head": [[0.9957310544751932, -0.08757130684620743, -0.029170762262362964, -0.00783180810685171], [0.08886841230856901, 0.9949519870101765, 0.04661489931616038, -0.007336527568662216], [0.024941380223918955, -0.049008262178422246, 0.9984869141810407, 0.0063535252754613], [0.0, 0.0, 0.0, 1.0]], "antennas": [-0.3179414867391099, 0.3869306747776125], "body_yaw": 0.07468526350440764, "check_collision": false}, {"head": [[0.9957880222733321, -0.08677363162760462, -0.029