{"description": "Like a light-hearted \u201coh well\u201d, can also mean \u201cwe\u2019ll see.\u201d Funny in some situations.", "time": [0.0, 0.010245084762573242, 0.020174264907836914, 0.03021073341369629, 0.04029655456542969, 0.05035233497619629, 0.06039929389953613, 0.07047224044799805, 0.08056426048278809, 0.09062600135803223, 0.1006166934967041, 0.11073970794677734, 0.12070322036743164, 0.13080620765686035, 0.14097213745117188, 0.15098237991333008, 0.1610090732574463, 0.17104458808898926, 0.1811223030090332, 0.19118309020996094, 0.20141077041625977, 0.21150612831115723, 0.22137212753295898, 0.23139619827270508, 0.2415623664855957, 0.2515585422515869, 0.26161766052246094, 0.271686315536499, 0.2817702293395996, 0.2918086051940918, 0.30181384086608887, 0.31192874908447266, 0.321990966796875, 0.3319997787475586, 0.34229373931884766, 0.35225558280944824, 0.3622550964355469, 0.372330904006958, 0.38236045837402344, 0.39242005348205566, 0.40262508392333984, 0.41290807723999023, 0.4230842590332031, 0.4331953525543213, 0.44345688819885254, 0.45346832275390625, 0.46338844299316406, 0.4734339714050293, 0.4835071563720703, 0.49372005462646484, 0.5036139488220215, 0.5137555599212646, 0.5236454010009766, 0.5336945056915283, 0.5438504219055176, 0.5538630485534668, 0.5638651847839355, 0.5740110874176025, 0.5840651988983154, 0.594104528427124, 0.6041858196258545, 0.6142756938934326, 0.6243307590484619, 0.6343123912811279, 0.6444287300109863, 0.6544654369354248, 0.664484977722168, 0.6748702526092529, 0.6846015453338623, 0.694678783416748, 0.7047276496887207, 0.7148966789245605, 0.7248799800872803, 0.7348921298980713, 0.7450525760650635, 0.7550530433654785, 0.765733003616333, 0.7752718925476074, 0.7853097915649414, 0.7953870296478271, 0.8054559230804443, 0.8154740333557129, 0.8254938125610352, 0.8355269432067871, 0.8456196784973145, 0.8556568622589111, 0.8656854629516602, 0.8760313987731934, 0.8859975337982178, 0.895850658416748, 0.9059503078460693, 0.9159929752349854, 0.9260387420654297, 0.9361565113067627, 0.9463849067687988, 0.9562511444091797, 0.9663703441619873, 0.976470947265625, 0.9864490032196045, 0.996469259262085, 1.006756067276001, 1.0166113376617432, 1.02671480178833, 1.0366847515106201, 1.0467743873596191, 1.0568194389343262, 1.0669493675231934, 1.0771534442901611, 1.0869526863098145, 1.0970253944396973, 1.107208251953125, 1.1171669960021973, 1.1272578239440918, 1.1373116970062256, 1.147407054901123, 1.1574304103851318, 1.1674721240997314, 1.177595853805542, 1.1875855922698975, 1.1976332664489746, 1.207719087600708, 1.217782974243164, 1.2278213500976562, 1.2379004955291748, 1.2479395866394043, 1.2580316066741943, 1.2683312892913818, 1.2783784866333008, 1.288264274597168, 1.2981960773468018, 1.308318853378296, 1.318347454071045, 1.3283782005310059, 1.338510274887085, 1.3486649990081787, 1.3588593006134033, 1.3686144351959229, 1.378931999206543, 1.389530897140503, 1.3990211486816406, 1.409088373184204, 1.4191546440124512, 1.4290242195129395, 1.4391465187072754, 1.4491889476776123, 1.4592480659484863, 1.469799280166626, 1.4798238277435303, 1.490288496017456, 1.4998583793640137, 1.5100512504577637, 1.519991159439087, 1.5300521850585938, 1.5401661396026611, 1.550191879272461, 1.5602734088897705, 1.5703740119934082, 1.580435037612915, 1.590435266494751, 1.6004140377044678, 1.6105971336364746, 1.6205592155456543, 1.6305556297302246, 1.6406986713409424, 1.6507127285003662, 1.660783052444458, 1.6708319187164307, 1.680894136428833, 1.6910459995269775, 1.7010078430175781, 1.7110874652862549, 1.72113037109375, 1.731180191040039, 1.7413935661315918, 1.7513573169708252, 1.761362075805664, 1.7715063095092773, 1.7815463542938232, 1.7916762828826904, 1.8016088008880615, 1.811690330505371, 1.8217759132385254, 1.8318102359771729, 1.841855525970459, 1.8519165515899658, 1.8619747161865234, 1.8720495700836182, 1.8820960521697998, 1.8921687602996826, 1.9022977352142334, 1.9123404026031494, 1.9223706722259521, 1.9324212074279785, 1.9425435066223145, 1.952866554260254, 1.9626893997192383, 1.9727802276611328, 1.982755184173584, 1.9927618503570557, 2.0028560161590576, 2.0130317211151123, 2.023038148880005, 2.033052921295166, 2.0431222915649414, 2.0531575679779053, 2.0632383823394775, 2.073322296142578, 2.0833511352539062, 2.093461751937866, 2.1035609245300293, 2.1136252880096436, 2.1236588954925537, 2.133594274520874, 2.143742084503174, 2.153768301010132, 2.1638004779815674, 2.1740713119506836, 2.1839168071746826, 2.1939566135406494, 2.2040557861328125, 2.214163064956665, 2.224189281463623, 2.2342207431793213, 2.2443878650665283, 2.254425048828125, 2.264453172683716, 2.2746267318725586, 2.2846031188964844, 2.2946102619171143, 2.304694890975952, 2.3147804737091064, 2.3248205184936523, 2.3348827362060547, 2.34506893157959, 2.3550448417663574, 2.3651347160339355, 2.3752291202545166, 2.3852505683898926, 2.395839214324951, 2.405860185623169, 2.415541887283325, 2.4255905151367188, 2.4358303546905518, 2.445625066757202, 2.4558165073394775, 2.4658737182617188, 2.476027727127075, 2.486060857772827, 2.49607253074646, 2.5059714317321777, 2.516021490097046, 2.526093006134033, 2.536097288131714, 2.5461878776550293, 2.5562469959259033, 2.566351890563965, 2.577057361602783], "set_target_data": [{"head": [[0.9990016834399721, 0.0118677626195411, -0.04306730424007736, -0.006495066627148032], [-0.0158697148595732, 0.9954640734668587, -0.0938052801661173, -0.0008961374405392353], [0.041758695314592906, 0.09439509863956996, 0.9946586232061975, 0.0007042226289429867], [0.0, 0.0, 0.0, 1.0]], "antennas": [-0.0, 0.22749734032671082], "body_yaw": 0.12100764834658437, "check_collision": false}, {"head": [[0.9990068051704194, 0.011676030066375496, -0.043000855166848206, -0.0065506532501702144], [-0.015677106815771398, 0.9954564923857051, -0.09391804985749586, -0.0009509264970343945], [0.04170889048006497, 0.09449889993559332, 0.9946508565149301, 0.0007871374055226101], [0.0, 0.0, 0.0, 1.0]], "antennas": [-0.0, 0.22749734032671082], "body_yaw": 0.12100764834658437, "check_collision": false}, {"head": [[0.9990153545955821, 0.011698488922804893, -0.04279563808597614, -0.006554882723864144], [-0.015684695655460146, 0.9954458808823979, -0.09402918991707866, -0.0009600452858675478], [0.04150074221575356, 0.09460784106610544, 0.9946492069088235, 0.0007961680398503881], [0.0, 0.0, 0.0, 1.0]], "antennas": [-0.0, 0.22749734032671082], "body_yaw": 0.12100764834658437, "check_collision": false}, {"head": [[0.999026916131511, 0.0116507962603894, -0.04253798057338879, -0.006550996364197047], [-0.015614973874374797, 0.9954419207618035, -0.09408270287865893, -0.0009400557471824248], [0.04124795068443641, 0.09465538197350597, 0.9946551991659139, 0.000750365221537709], [0.0, 0.0, 0.0, 1.0]], "antennas": [-0.0, 0.22749734032671082], "body_yaw": 0.12100764834658437, "check_collision": false}, {"head": [[0.9990349109598783, 0.01175025589272954, -0.04232231290753425, -0.0065433775249985875], [-0.015691930179071497, 0.9954445960636411, -0.09404158386027646, -0.0009468344620618067], [0.04102450500180362, 0.09461494413753908, 0.9946682875889867, 0.0007573728659314729], [0.0, 0.0, 0.0, 1.0]], "antennas": [-0.0, 0.22749734032671082], "body_yaw": 0.12100764834658437, "check_collision": false}, {"head": [[0.999054154878423, 0.011739834029787217, -0.04186850746220964, -0.006498234167279793], [-0.015639309165265763, 0.9954436347011079, -0.09406052382312417, -0.00097822804525039], [0.040573484309254094, 0.09462635166802282, 0.9946857020893617, 0.000702412689138733], [0.0, 0.0, 0.0, 1.0]], "antennas": [-0.0, 0.22749734032671082], "body_yaw": 0.12100764834658437, "check_collision": false}, {"head": [[0.9990693562594215, 0.011793502679079046, -0.041488970557765875, -0.006471368783343473], [-0.015654409288829794, 0.995449007851778, -0.09400112891198664, -0.0009925171927979187], [0.04019155201285972, 0.09456313267584088, 0.9947072197814432, 0.0006990840266132294], [0.0, 0.0, 0.0, 1.0]], "antennas": [-0.0, 0.22749734032671082], "body_yaw": 0.12100764834658437, "check_collision": false}, {"head": [[0.9990850425869142, 0.011906940520156173, -0.04107678719853479, -0.006438885139672501], [-0.01572776291460857, 0.9954493406329393, -0.09398535900420199, -0.0010067749909035229], [0.03977078265267245, 0.09454541237361194, 0.9947258164169149, 0.0007069599119088345], [0.0, 0.0, 0.0, 1.0]], "antennas": [-0.0, 0.22749734032671082], "body_yaw": 0.12100764834658437, "check_collision": false}, {"head": [[0.9991017803290249, 0.011942321558005831, -0.040657268712715126, -0.006406723500074861], [-0.015720602411683365, 0.9954558610208766, -0.09391747131923218, -0.0010174923383071798], [0.03935092379076393, 0.09447226955562259, 0.9947494634740062, 0.0006979373518084544], [0.0, 0.0, 0.0, 1.0]], "antennas": [-0.0, 0.22749734032671082], "body_yaw": 0.12100764834658437, "check_collision": false}, {"head": [[0.9991153710735904, 0.011896242224050625, -0.04033552659168155, -0.006411897164974395], [-0.015652386639504922, 0.9954373466992452, -0.09412487231786283, -0.0009956716666046459], [0.039031757287739194, 0.0946729539906369, 0.9947429586107748, 0.0006755283061774544], [0.0, 0.0, 0.0, 1.0]], "antennas": [-0.0, 0.22749734032671082], "body_yaw": 0.12100764834658437, "check_collision": false}, {"head": [[0.9991266242150725, 0.011749767942785696, -0.040099024151264706, -0.006391523258092113], [-0.01549531034894055, 0.9954124160529307, -0.09441407376475666, -0.0010034911036803076], [0.03880572305450629, 0.09495296162288769, 0.9947251132535355, 0.000681638388850049], [0.0, 0.0, 0.0, 1.0]], "antennas": [-0.0, 0.22749734032671082], "body_yaw": 0.12100764834658437, "check_collision": false}, {"head": [[0.9991309450966582, 0.011645813786875967, -0.040021613804291215, -0.006386212934868445], [-0.015398369894016982, 0.9953797830517387, -0.09477329632591867, -0.0009976815441273986], [0.038732993104915805, 0.09530720074115474, 0.9946940699189976, 0.0006255128802111778], [0.0, 0.0, 0.0, 1.0]], "antennas": [-0.0, 0.22749734032671082], "body_yaw": 0.12100764834658437, "check_collision": false}, {"head": [[0.9991369737921504, 0.011486692168842924, -0.03991695760552883, -0.006372156775352397], [-0.01524543948472592, 0.9953438623328331, -0.09517443086919507, -0.001013871666753423], [0.03863785936592377, 0.09570084440262726, 0.9946599741641576, 0.0006242584601188219], [0.0, 0.0, 0.0, 1.0]], "antennas": [-0.0, 0.22749734032671082], "body_yaw": 0.12100764834658437, "check_collision": false}, {"head": [[0.9991500015740512, 0.011523992687093847, -0.039578680462105664, -0.00635260463486915], [-0.015263724930263196, 0.9953098682775622, -0.09552635662766212, -0.0010427135850651973], [0.038292206202136206, 0.09604927746656833, 0.994639755510669, 0.0006445922378774962], [0.0, 0.0, 0.0, 1.0]], "antennas": [-0.0, 0.22749734032671082], "body_yaw": 0.12100764834658437, "check_collision": false}, {"head": [[0.9991600237406043, 0.01151948826504961, -0.03932617892430297, -0.00634850815983818], [-0.015244015797736267, 0.9952873883414664, -0.09576343034155256, -0.0010699659799946089], [0.038037704202978306, 0.09628248022633405, 0.9946269738250779, 0.000652468159506149], [0.0, 0.0, 0.0, 1.0]], "antennas": [-0.0, 0.22749734032671082], "body_yaw": 0.12100764834658437, "check_collision": false}, {"head": [[0.9991651077673258, 0.011578584401199098, -0.039179379826283875, -0.006382843991088337], [-0.015292935148483414, 0.995276002506719, -0.09587390139547657, -0.0011208157529638834], [0.03788421247501644, 0.09639302473472648, 0.994622124843218, 0.0007822956952272544], [0.0, 0.0, 0.0, 1.0]], "antennas": [-0.0, 0.22749734032671082], "body_yaw": 0.12100764834658437, "check_collision": false}, {"head": [[0.9991700967155344, 0.011561782469524145, -0.03905692020112427, -0.0063865488690434125], [-0.015265624057586535, 0.995273257243298, -0.09590674709554142, -0.0011565975028184857], [0.03776345523918621, 0.09642338203176196, 0.9946237745227864, 0.0008031308059081046], [0.0, 0.0, 0.0, 1.0]], "antennas": [-0.0, 0.22749734032671082], "body_yaw": 0.12100764834658437, "check_collision": false}, {"head": [[0.9991761964299175, 0.011704234143097122, -0.03885793858360065, -0.00638468335792166], [-0.015391979281430764, 0.9952619270273219, -0.09600408107816288, -0.0012817376190814448], [0.037550172591392, 0.09652309315902607, 0.9946221780281049, 0.0009126953144329444], [0.0, 0.0, 0.0, 1.0]], "antennas": [-0.0, 0.22749734032671082], "body_yaw": 0.12100764834658437, "check_collision": false}, {"head": [[0.9991801938052184, 0.011798510698534983, -0.03872641802004196, -0.0063773976910509594], [-0.015468978185075142, 0.9952714843933812, -0.09589256002060664, -0.0013184425028705386], [0.0374119101527327, 0.09641300482140641, 0.9946380655695979, 0.000937556917160244], [0.0, 0.0, 0.0, 1.0]], "antennas": [-0.0, 0.22749734032671082], "body_yaw": 0.12100764834658437, "check_collision": false}, {"head": [[0.999186460649805, 0.011921664577857408, -0.03852649436178459, -0.006381520723401901], [-0.01557232785329228, 0.9952699206826693, -0.09589206218213599, -0.001291888235059087], [0.037201067986620186, 0.0964139974174192, 0.994645877507492, 0.0008775345093755562], [0.0, 0.0, 0.0, 1.0]], "antennas": [-0.0, 0.22749734032671082], "body_yaw": 0.12100764834658437, "check_collision": false}, {"head": [[0.999196822132548, 0.011972033673599718, -0.038241091118534326, -0.006357996226930245], [-0.015595445567256061, 0.9952682547738566, -0.09590559481574017, -0.0013371687671340428], [0.03691195900757102, 0.09642495241959088, 0.9946555865389304, 0.0008853751610753426], [0.0, 0.0, 0.0, 1.0]], "antennas": [-0.0, 0.22749734032671082], "body_yaw": 0.12100764834658437, "check_collision": false}, {"head": [[0.9992134626900299, 0.012188352161752338, -0.03773460017783286, -0.006285136941616266], [-0.015753905958711983, 0.9952870667102229, -0.09568421649574159, -0.0013174079112059662], [0.03639052659750688, 0.09620342463208363, 0.9946962504518727, 0.0008296680587949203], [0.0, 0.0, 0.0, 1.0]], "antennas": [-0.0, 0.22749734032671082], "body_yaw": 0.12100764834658437, "check_collision": false}, {"head": [[0.9992253833364885, 0.01245566565060904, -0.037329474805413376, -0.006265495920245985], [-0.015964237803555294, 0.9953285434740018, -0.09521677193264728, -0.0013719105708196264], [0.0359691035111982, 0.09573895204733791, 0.994756390607006, 0.0008418324878266561], [0.0, 0.0, 0.0, 1.0]], "antennas": [-0.0, 0.22749734032671082], "body_yaw": 0.12100764834658437, "check_collision": false}, {"head": [[0.9992309927581771, 0.012744465995112919, -0.03708101533139687, -0.006274272285442728], [-0.01621036792972029, 0.995371687165925, -0.09472290303851015, -0.0014109043851560847], [0.03570219997550537, 0.09525115734183658, 0.9948128316130375, 0.000890026850369209], [0.0, 0.0, 0.0, 1.0]], "antennas": [-0.0, 0.22749734032671082], "body_yaw": 0.12100764834658437, "check_collision": false}, {"head": [[0.9992337979049847, 0.013000546381952704, -0.03691616066373541, -0.006264890646795708], [-0.01643316046490529, 0.9954121029797524, -0.09425866792269812, -0.0014704348888422585], [0.03552137893599717, 0.09479309592579778, 0.9948630562058718, 0.0009218218786525303], [0.0, 0.0, 0.0, 1.0]], "antennas": [-0.0, 0.22749734032671082], "body_yaw": 0.12100764834658437, "check_collision": false}, {"head": [[0.9992404987378021, 0.01297608902796427, -0.03674298294595389, -0.006270130521460767], [-0.016389726473251348, 0.9954198327620242, -0.0941845709771799, -0.0015296509021571199], [0.035352546561178824, 0.0947152451169387, 0.9948764846924856, 0.000888833285703551], [0.0, 0.0, 0.0, 1.0]], "antennas": [-0.0, 0.22749734032671082], "body_yaw": 0.12100764834658437, "check_collision": false}, {"head": [[0.9992405051360878, 0.012990284766254958, -0.03673779249040838, -0.006265845209411184], [-0.016396353107283313, 0.9954384055693768, -0.09398691569723268, -0.0015886083926783157], [0.035349292781581686, 0.09451789893554048, 0.9948953685089973, 0.0009239344545096686], [0.0, 0.0, 0.0, 1.0]], "antennas": [-0.0, 0.22749734032671082], "body_yaw": 0.12100764834658437, "check_collision": false}, {"head": [[0.9992455694699988, 0.01291097339170641, -0.036627839967110505, -0.006284309677472231], [-0.016305770141445818, 0.9954430050192411, -0.09395395477763188, -0.0015935595088861262], [0.03524789007404475, 0.09448031818501465, 0.994902535789806, 0.0008828521314477879], [0.0, 0.0, 0.0, 1.0]], "antennas": [-0.0, 0.22749734032671082], "body_yaw": 0.12100764834658437, "check_collision": false}, {"head": [[0.9992500990643738, 0.012893669552988674, -0.03651017399708492, -0.0062743239831473865], [-0.01627500133432691, 0.9954499195890979, -0.09388600492952162, -0.0016537568801489625], [0.03513351464637064, 0.09440980285710185, 0.9949132752522083, 0.0008984062987917887], [0.0, 0.0, 0.0, 1.0]], "antennas": [-0.0, 0.22749734032671082], "body_yaw": 0.12100764834658437, "check_collision": false}, {"head": [[0.9992603444173481, 0.012950655881275227, -0.036208349688540725, -0.006244513716480379], [-0.016300108980078942, 0.995457939029462, -0.0937965781382965, -0.00158800351015587], [0.034829161950302584, 0.09431740102155489, 0.994932740109792, 0.0008310010228128619], [0.0, 0.0, 0.0, 1.0]], "antennas": [-0.0, 0.22749734032671082], "body_yaw": 0.12100764834658437, "check_collision": false}, {"head": [[0.9992649351885464, 0.012955096269057494, -0.03607983901418753, -0.006234586683263255], [-0.016288234328453905, 0.9954693703561746, -0.0936772443293611, -0.0016393643977078176], [0.03470277690749851, 0.09419606235581661, 0.994948651494924, 0.0008497135664032886], [0.0, 0.0, 0.0, 1.0]], "antennas": [-0.0, 0.22749734032671082], "body_yaw": 0.12100764834658437, "check_collision": false}, {"head": [[0.999267133521143, 0.012927989932017332, -0.03602864056213858, -0.00623812378694133], [-0.01625113982259285, 0.995484182581932, -0.09352616042396467, -0.0015754427493532121], [0.03465683653919751, 0.09404312471148699, 0.9949647201662957, 0.0008706114056579186], [0.0, 0.0, 0.0, 1.0]], "antennas": [-0.0, 0.22749734032671082], "body_yaw": 0.12100764834658437, "check_collision": false}, {"head": [[0.9992692386481044, 0.013033533563009236, -0.03593209838709268, -0.006271135169658874], [-0.016347087700396855, 0.9954828967835093, -0.0935231251361306, -0.0015671766058343005], [0.034550852599513814, 0.09404216721436572, 0.9949684966722674, 0.0008589277028788768], [0.0, 0.0, 0.0, 1.0]], "antennas": [-0.0, 0.22749734032671082], "body_yaw": 0.12100764834658437, "check_collision": false}, {"head": [[0.9992709517565513, 0.013130750821862715, -0.0358489659322317, -0.006269060826386813], [-0.01643088370991645, 0.995495678759597, -0.09337226371616256, -0.0016069682302366176], [0.034461442745006475, 0.09389322102166672, 0.9949856642234144, 0.0008889059958233649], [0.0, 0.0, 0.0, 1.0]], "antennas": [-0.0, 0.22749734032671082], "body_yaw": 0.12100764834658437, "check_collision": false}, {"head": [[0.9992732311562444, 0.013059066350529476, -0.03581159422046148, -0.006270408297848619], [-0.01635536632080712, 0.995498522799067, -0.09335519855577015, -0.0016309789255489363], [0.034431257413442364, 0.09387306264806497, 0.9949886113026628, 0.0009352587887514487], [0.0, 0.0, 0.0, 1.0]], "antennas": [-0.0, 0.22749734032671082], "body_yaw": 0.12100764834658437, "check_collision": false}, {"head": [[0.9992781377108637, 0.013059506448472586, -0.03567425940969758, -0.0062514523724989095], [-0.016343807677900845, 0.9954962343588518, -0.09338162200312122, -0.0016760706741064985], [0.03429407301117618, 0.09389726656654243, 0.9949910652300531, 0.0009559225685258368], [0.0, 0.0, 0.0, 1.0]], "antennas": [-0.0, 0.22749734032671082], "body_yaw": 0.12100764834658437, "check_collision": false}, {"head": [[0.9992882781889886, 0.013017318991750371, -0.03540461100413695, -0.006232399234638539], [-0.01628326597770114, 0.9954784579915098, -0.09358148814774196, -0.0017226679958118089], [0.03402634748524561, 0.09409138685933767, 0.9949819187280242, 0.0009776583484503178], [0.0, 0.0, 0.0, 1.0]], "antennas": [-0.0, 0.22749734032671082], "body_yaw": 0.12100764834658437, "check_collision": false}, {"head": [[0.9992952163033643, 0.012945259801608199, -0.0352347970319215, -0.006229213247900782], [-0.016204083276139016, 0.9954559670488264, -0.09383413745575292, -0.0016195750959212016], [0.033859981665556003, 0.09433895227080938, 0.9949641519803885, 0.0009436512783678199], [0.0, 0.0, 0.0, 1.0]], "antennas": [-0.0, 0.22749734032671082], "body_yaw": 0.12100764834658437, "check_collision": false}, {"head": [[0.9992997405801473, 0.012853770388648144, -0.03513985007432629, -0.00622199216581909], [-0.01610632826081405, 0.9954510239470872, -0.09390338179560075, -0.001668961897252073], [0.03377298722951703, 0.09440359902827523, 0.994960977035835, 0.0009712317473389311], [0.0, 0.0, 0.0, 1.0]], "antennas": [-0.0, 0.22749734032671082], "body_yaw": 0.12100764834658437, "check_collision": false}, {"head": [[0.9993035960804543, 0.012797639528097336, -0.03505058178092229, -0.006241899287019723], [-0.016042801352252573, 0.9954497515462776, -0.09392774175517349, -0.0016023714162039793], [0.03368903954470064, 0.09442463962845332, 0.9949618264263169, 0.0009083075186462355], [0.0, 0.0, 0.0, 1.0]], "antennas": [-0.0, 0.22749734032671082], "body_yaw": 0.12100764834658437, "check_collision": false}, {"head": [[0.999303048651928, 0.012798408786075282, -0.035065904914992875, -0.006246983256360809], [-0.016042286491137068, 0.995457360051197, -0.09384715959494115, -0.0016506488119714387], [0.03370551882257699, 0.09434428998326601, 0.9949688904425378, 0.0009343059177334702], [0.0, 0.0, 0.0, 1.0]], "antennas": [-0.0, 0.22749734032671082], "body_yaw": 0.12100764834658437, "check_collision": false}, {"head": [[0.9993067680981705, 0.012826020675453693, -0.034949626991164856, -0.0062290710686823975], [-0.01606288336569349, 0.9954456413634117, -0.09396786082786704, -0.00162049975386657], [0.03358522012982573, 0.09446411109102809, 0.9949615895624376, 0.0008344781217881638], [0.0, 0.0, 0.0, 1.0]], "antennas": [-0.0, 0.22749734032671082], "body_yaw": 0.12100764834658437, "check_collision": false}, {"head": [[0.9993064101225982, 0.012873895994702173, -0.03494225936889532, -0.006220495218893009], [-0.016106833972481676, 0.995453439557012, -0.09387768410808281, -0.001668287505310349], [0.03357482073322911, 0.0943753806669497, 0.9949703608332762, 0.0008465110383119047], [0.0, 0.0, 0.0, 1.0]], "antennas": [-0.0, 0.22749734032671082], "body_yaw": 0.12100764834658437, "check_collision": false}, {"head": [[0.9993118246575015, 0.012905982967684484, -0.03477517366359411, -0.006188663400698407], [-0.016124636779324537, 0.9954485805946872, -0.09392613843205613, -0.0016652905106715452], [0.03340468812053401, 0.09442223782383447, 0.9949716417144306, 0.0009239344855606082], [0.0, 0.0, 0.0, 1.0]], "antennas": [-0.0, 0.22749734032671082], "body_yaw": 0.12100764834658437, "check_collision": false}, {"head": [[0.9993151607121127, 0.012943695611232077, -0.03466511668590978, -0.006172501264748357], [-0.01614897719623984, 0.9954561415711942, -0.09384178570181546, -0.0016994770983290576], [0.03329294379353222, 0.09433732533898713, 0.9949834415413387, 0.0009457973997938364], [0.0, 0.0, 0.0, 1.0]], "antennas": [-0.0, 0.22749734032671082], "body_yaw": 0.12100764834658437, "check_collision": false}, {"head": [[0.9993200235992236, 0.012813855262515527, -0.03457304653858125, -0.006154288812645035], [-0.016004570510604506, 0.9954764508978945, -0.09365089124243936, -0.0015534755752332388], [0.03321662469936839, 0.09414053760757593, 0.9950046306538167, 0.0008702344730161528], [0.0, 0.0, 0.0, 1.0]], "antennas": [-0.0, 0.22749734032671082], "body_yaw": 0.12100764834658437, "check_collision": false}, {"head": [[0.9993214255746053, 0.012753020851470002, -0.03455501188974544, -0.006132695667565651], [-0.01593849830838703, 0.9954881380472663, -0.09353786013620544, -0.0015833935695898018], [0.03320621416560493, 0.09402514273506188, 0.9950158892572717, 0.0008919991858910028], [0.0, 0.0, 0.0, 1.0]], "antennas": [-0.0, 0.22749734032671082], "body_yaw": 0.12100764834658437, "check_collision": false}, {"head": [[0.9993245186554518, 0.012747380078969778, -0.0344675313182097, -0.006189351069972761], [-0.01592535616692694, 0.9954863389116652, -0.09355924364383159, -0.0015729248745589906], [0.03311932132465887, 0.09404495383257733, 0.9950169130289306, 0.0008547660041093876], [0.0, 0.0, 0.0, 1.0]], "antennas": [-0.0, 0.22749734032671082], "body_yaw": 0.12100764834658437, "check_collision": false}, {"head": [[0.999326056367706, 0.012907273444131848, -0.03436328501187012, -0.006195594855963604], [-0.016068274773563, 0.9955025690747209, -0.09336190610432077, -0.0015890156342107135], [0.033003690859809726, 0.09385114414789592, 0.9950390540736385, 0.0008687225543519985], [0.0, 0.0, 0.0, 1.0]], "antennas": [-0.0, 0.22749734032671082], "body_yaw": 0.12100764834658437, "check_collision": false}, {"head": [[0.9993328258039502, 0.012933528705779662, -0.03415592343808587, -0.006182671931087017], [-0.016074170503947993, 0.9955046819270696, -0.09333835923077911, -0.0016176707255839246], [0.032795187349695366, 0.09382511442306231, 0.9950484026368756, 0.0008863511408269144], [0.0, 0.0, 0.0, 1.0]], "antennas": [-0.0, 0.22749734032671082], "body_yaw": 0.12100764834658437, "check_collision": false}, {"head": [[0.9993419770753972, 0.01287922063700692, -0.03390779454373238, -0.0061625458311306055], [-0.015991033408089127, 0.9955224302002825, -0.0931631784487047, -0.0016453588351745035], [0.032556100896422614, 0.09364409561690001, 0.9950733056667308, 0.0008924318473682038], [0.0, 0.0, 0.0, 1.0]], "antennas": [-0.0, 0.22749734032671082], "body_yaw": 0.12100764834658437, "check_collision": false}, {"head": [[0.9993516921447799, 0.012694879927968134, -0.03369028689368885, -0.006183831094920969], [-0.015779868541168814, 0.9955463217565925, -0.09294362262007169, -0.0015725952663444682], [0.032360333066704085, 0.09341499483773119, 0.9951012247923717, 0.0008871844309075185], [0.0, 0.0, 0.0, 1.0]], "antennas": [-0.0, 0.22749734032671082], "body_yaw": 0.12100764834658437, "check_collision": false}, {"head": [[0.9993613689167764, 0.012676841270049083, -0.033408861282616685, -0.00616799499514375], [-0.015732847586372462, 0.9955549788016544, -0.09285882666748438, -0.0015975419818412611], [0.03208320157981615, 0.0933251406570165, 0.9951186292587118, 0.0008998122591685766], [0.0, 0.0, 0.0, 1.0]], "antennas": [-0.0, 0.22749734032671082], "body_yaw": 0.12100764834658437, "check_collision": false}, {"head": [[0.9993750788964532, 0.012732759139677908, -0.03297466490199808, -0.006162866966965419], [-0.01574545763339181, 0.995562199791953, -0.09277923749052223, -0.001541880353001822], [0.031646994243105915, 0.09324045897623313, 0.9951405350829994, 0.0008597346239541683], [0.0, 0.0, 0.0, 1.0]], "antennas": [-0.0, 0.22749734032671082], "body_yaw": 0.12100764834658437, "check_collision": false}, {"head": [[0.9993824994297457, 0.01268421382236333, -0.032767828021755124, -0.006149342914629976], [-0.01567493623569334, 0.9955717321462154, -0.09268884790195471, -0.0015620207262626563], [0.03144703813655113, 0.09314524610034221, 0.9951557902767513, 0.0008676401599533325], [0.0, 0.0, 0.0, 1.0]], "antennas": [-0.0, 0.22749734032671082], "body_yaw": 0.12100764834658437, "check_collision": false}, {"head": [[0.9993864820882764, 0.012520371215713635, -0.032709321665855724, -0.006192946388010625], [-0.015499432690503015, 0.9955946077724539, -0.09247239891279382, -0.00151923694856531], [0.03140743551282491, 0.0929226413692327, 0.9951778512986879, 0.0007847091417073639], [0.0, 0.0, 0.0, 1.0]], "antennas": [-0.0, 0.22749734032671082], "body_yaw": 0.12100764834658437, "check_collision": false}, {"head": [[0.9993951301182168, 0.01253302650765433, -0.03243912980569008, -0.006197800074321516], [-0.01548162699781965, 0.9956105464082893, -0.09230362455552528, -0.0015001099843455973], [0.031139895977545563, 0.09275000338083779, 0.9952023632163268, 0.0007463154586235823], [0.0, 0.0, 0.0, 1.0]], "antennas": [-0.0, 0.22749734032671082], "body_yaw": 0.12100764834658437, "check_collision": false}, {"head": [[0.9994013638413733, 0.01254837559957408, -0.03224053693434733, -0.0062045409676995695], [-0.015473453717529074, 0.9956256485596597, -0.09214195656815949, -0.0015244021963488692], [0.030943273615674314, 0.09258566951731309, 0.995223797755046, 0.0007424205181170165], [0.0, 0.0, 0.0, 1.0]], "antennas": [-0.0, 0.22749734032671082], "body_yaw": 0.12100764834658437, "check_collision": false}, {"head": [[0.9994057886452645, 0.012580476730664182, -0.03209051616235175, -0.006214453889808812], [-0.015484674079835736, 0.9956459563598775, -0.0919203701736788, -0.0015539200039275832], [0.030794390576502812, 0.09236266122981782, 0.9952491368092553, 0.000741120561392973], [0.0, 0.0, 0.0, 1.0]], "antennas": [-0.0, 0.22749734032671082], "body_yaw": 0.12100764834658437, "check_collision": false}, {"head": [[0.9994125443251107, 0.012668319000535581, -0.03184462182707661, -0.006152500240773403], [-0.015537894042817352, 0.9956798245037564, -0.09154376507924196, -0.0015639567398973197], [0.0305473418536382, 0.09198478553472812, 0.9952917457388096, 0.0007730431812982288], [0.0, 0.0, 0.0, 1.0]], "antennas": [-0.0, 0.22749734032671082], "body_yaw": 0.12100764834658437, "check_collision": false}, {"head": [[0.9994155197522607, 0.012759189615862051, -0.031714696256866556, -0.0061460842827167576], [-0.015604703994163456, 0.9957140846037569, -0.09115895422259504, -0.0015961493803921935], [0.0304156553697823, 0.09160057206180056, 0.9953312127660711, 0.0007690247656916296], [0.0, 0.0, 0.0, 1.0]], "antennas": [-0.0, 0.22749734032671082], "body_yaw": 0.12100764834658437, "check_collision": false}, {"head": [[0.9994222938562425, 0.012895007840829812, -0.03144514773237771, -0.006210706105488392], [-0.015699627657545293, 0.9957598555087877, -0.09064122598758505, -0.0014852172419998458], [0.030142996442632575, 0.09108253910548915, 0.9953870457442955, 0.0006766348591769069], [0.0, 0.0, 0.0, 1.0]], "antennas": [-0.0, 0.22749734032671082], "body_yaw": 0.12100764834658437, "check_collision": false}, {"head": [[0.9994269125358284, 0.01304015454962203, -0.031237811517825967, -0.006226197369937438], [-0.015807816410205938, 0.9958110245408437, -0.09005840517828483, -0.0015067681172812111], [0.029932581569962737, 0.09050059542476428, 0.9954464740950767, 0.0006731419543951635], [0.0, 0.0, 0.0, 1.0]], "antennas": [-0.0055447013895449735, 0.22749734032671082], "body_yaw": 0.12100764834658437, "check_collision": false}, {"head": [[0.9994327818078865, 0.013293250567078972, -0.030941947855802267, -0.006244980021768919], [-0.016007054955688813, 0.9958868964003559, -0.08917995161309127, -0.0014450899493079839], [0.02962918897634375, 0.08962465658192838, 0.9955347970277967, 0.0006103387460362221], [0.0, 0.0, 0.0, 1.0]], "antennas": [-0.01355335941963126, 0.22749734032671082], "body_yaw": 0.12100764834658437, "check_collision": false}, {"head": [[0.9994367176690385, 0.013628179181209765, -0.030667900272818557, -0.006266673106968221], [-0.016258423494996496, 0.9960564624016723, -0.08721919154247747, -0.0014843026043163431], [0.029358321484649792, 0.08766867422329865, 0.9957169741043552, 0.000617727610648823], [0.0, 0.0, 0.0, 1.0]], "antennas": [-0.02566861185061973, 0.22749734032671082], "body_yaw": 0.12100764834658437, "check_collision": false}, {"head": [[0.9994334245784045, 0.014301993075911231, -0.030467734237039544, -0.0063070578713415055], [-0.016801023155742608, 0.9963734991341716, -0.08341208452044956, -0.001395814257276195], [0.02916428391719031, 0.08387671439191575, 0.9960492665156749, 0.0006450778903948086], [0.0, 0.0, 0.0, 1.0]], "antennas": [-0.03983716148205929, 0.22749734032671082], "body_yaw": 0.12100764834658437, "check_collision": false}, {"head": [[0.9994306611079358, 0.014799105572957954, -0.030320621886687122, -0.006289145605851433], [-0.0171865955335463, 0.9966420540871878, -0.0800577101773335, -0.0015392288778724693], [0.02903402437350516, 0.08053323847401199, 0.9963289732460696, 0.0007555426311294257], [0.0, 0.0, 0.0, 1.0]], "antennas": [-0.05975494327476191, 0.22749734032671082], "body_yaw": 0.12100764834658437, "check_collision": false}, {"head": [[0.9994306211258515, 0.015034073513911247, -0.030206128344636835, -0.00629260008946398], [-0.017310778821190507, 0.9969129670423309, -0.07658245934585663, -0.0015798766542546392], [0.028961534707231635, 0.07706174651819327, 0.9966055973809134, 0.000775597810848462], [0.0, 0.0, 0.0, 1.0]], "antennas": [-0.08418997890845695, 0.2383790165407746], "body_yaw": 0.12100764834658437, "check_collision": false}, {"head": [[0.9994422382206326, 0.014977347168030269, -0.02984780615624991, -0.00626262353093119], [-0.017168391597250077, 0.9970689416198659, -0.07455717260602447, -0.001492789788356723], [0.028643651835899824, 0.07502802628917642, 0.9967699516341044, 0.0006820282070658669], [0.0, 0.0, 0.0, 1.0]], "antennas": [-0.11601688446377591, 0.25418860603592097], "body_yaw": 0.12100764834658437, "check_collision": false}, {"head": [[0.9994518427973851, 0.014960272798408187, -0.02953310289670962, -0.0062341773207874665], [-0.017090954345242767, 0.9971661395864527, -0.07326383379143732, -0.0015162285008403127], [0.028353363265744284, 0.07372842260653441, 0.9968752211242249, 0.000669401449649333], [0.0, 0.0, 0.0, 1.0]], "antennas": [-0.1531823627402677, 0.2790327032130522], "body_yaw": 0.12100764834658437, "check_collision": false}, {"head": [[0.9994618428203365, 0.015154688081143387, -0.0290922700272719, -0.0062616254419093145], [-0.017217262915481157, 0.9972553735339771, -0.07200892871933526, -0.0014975364166779361], [0.02792114975919956, 0.07247106585921281, 0.9969796156438472, 0.0006532350029656588], [0.0, 0.0, 0.0, 1.0]], "antennas": [-0.19609707317802255, 0.3092153731113562], "body_yaw": 0.12100764834658437, "check_collision": false}, {"head": [[0.9994759081004885, 0.015208806044874998, -0.028576237425406766, -0.00624103549215246], [-0.017208520838630476, 0.9973215849362264, -0.07108813565455124, -0.0015147533377457536], [0.027418532733358755, 0.07154263371572808, 0.9970606178281073, 0.0006447247682129799], [0.0, 0.0, 0.0, 1.0]], "antennas": [-0.2451716752171307, 0.34596859405110375], "body_yaw": 0.12100764834658437, "check_collision": false}, {"head": [[0.9994885109970107, 0.015171357269824368, -0.028152198911794928, -0.006230638320019249], [-0.017101644823207883, 0.9974253861317075, -0.06964289514627202, -0.0015369350287300547], [0.027023140626484685, 0.07008872247805019, 0.9971746691789135, 0.0006452522549376129], [0.0, 0.0, 0.0, 1.0]], "antennas": [-0.2975315527769606, 0.3868284093917535], "body_yaw": 0.12100764834658437, "check_collision": false}, {"head": [[0.9994990581172869, 0.015292247057745062, -0.027708843400295006, -0.006241219494371373], [-0.017136021081453862, 0.9975671036188092, -0.0675738896251864, -0.001572524473336351], [0.026608074040658288, 0.06801485835834545, 0.9973294287437536, 0.0006688478745728878], [0.0, 0.0, 0.0, 1.0]], "antennas": [-0.3498914303367905, 0.43508009465402714], "body_yaw": 0.12100764834658437, "check_collision": false}, {"head": [[0.9995048211064484, 0.015531762159765261, -0.027365616184900986, -0.006244780976922852], [-0.017292835007483985, 0.9977133098791149, -0.06533842014822111, -0.0015104225505300952], [0.02628821869908205, 0.06577929502718932, 0.9974878515066514, 0.0006942656833777163], [0.0, 0.0, 0.0, 1.0]], "antennas": [-0.40225130789662034, 0.487438374317203], "body_yaw": 0.12100764834658437, "check_collision": false}, {"head": [[0.9995089783663648, 0.015899241822642022, -0.027000301377771117, -0.00627580429829269], [-0.0175593287153033, 0.9978965357114279, -0.06240331714098596, -0.001546308327860171], [0.02595134177828274, 0.0628467829295637, 0.9976857269377519, 0.000746910340819197], [0.0, 0.0, 0.0, 1.0]], "antennas": [-0.45461118545645024, 0.5397966539803788], "body_yaw": 0.12100764834658437, "check_collision": false}, {"head": [[0.9995169647294545, 0.01617833781744049, -0.02653485638709366, -0.006293382168516283], [-0.017727764242051303, 0.9980865796407522, -0.059236018738627334, -0.0015879686377476595], [0.02552574373053913, 0.05967780933051695, 0.9978912743783832, 0.0007907298861270519], [0.0, 0.0, 0.0, 1.0]], "antennas": [-0.5069710630162801, 0.5921549336435546], "body_yaw": 0.12100764834658437, "check_collision": false}, {"head": [[0.9995324252850474, 0.01633325426183547, -0.02584870613802164, -0.006312372675890222], [-0.017766356319114593, 0.9982603314201053, -0.05621981230993383, -0.0014985868284736479], [0.024885485467111567, 0.056652762670854485, 0.9980837525452593, 0.0007197101731407653], [0.0, 0.0, 0.0, 1.0]], "antennas": [-0.55933094057611, 0.6445132133067305], "body_yaw": 0.12100764834658437, "check_collision": false}, {"head": [[0.9995578177556551, 0.016571138863156826, -0.024689396921149423, -0.006279667775848432], [-0.01786667526545974, 0.9984234117628936, -0.05321158481666959, -0.0015416371808579965], [0.023768695347256612, 0.05362917303596044, 0.9982779978147208, 0.0007109909732064836], [0.0, 0.0, 0.0, 1.0]], "antennas": [-0.61169081813594, 0.6968714929699064], "body_yaw": 0.12100764834658437, "check_collision": false}, {"head": [[0.9995834132637014, 0.016841404969187655, -0.02343857945251998, -0.006278550587867122], [-0.018008671204593558, 0.9985609252361631, -0.05051501116442984, -0.001475161157391197], [0.022554105824286477, 0.050916064951657944, 0.9984482293240373, 0.0007200455345640635], [0.0, 0.0, 0.0, 1.0]], "antennas": [-0.6640506956957698, 0.7492297726330822], "body_yaw": 0.12100764834658437, "check_collision": false}, {"head": [[0.9996154623421346, 0.01703999704967853, -0.021876150188448348, -0.006218970665242133], [-0.018074185132662946, 0.9986846839272104, -0.04798151645163205, -0.0015037730713271347], [0.02102977123771981, 0.04835845934017087, 0.9986086361192429, 0.0006908942597788638], [0.0, 0.0, 0.0, 1.0]], "antennas": [-0.7164105732555996, 0.801588052296258], "body_yaw": 0.12100764834658437, "check_collision": false}, {"head": [[0.9996470992495702, 0.017023452129985975, -0.02039311255051752, -0.006208164858426119], [-0.01793419205885298, 0.9988105371719112, -0.04534176429688695, -0.001363777095767866], [0.019596982347192482, 0.04569149715139956, 0.9987633580438098, 0.00048692421623297696], [0.0, 0.0, 0.0, 1.0]], "antennas": [-0.7687704508154296, 0.8539463319594338], "body_yaw": 0.12100764834658437, "check_collision": false}, {"head": [[0.9996814987912372, 0.017009221113995585, -0.018643695223870275, -0.006163618853822101], [-0.01777727669843857, 0.9989663294736034, -0.04183588186261957, -0.0014085190867653794], [0.017912828020513947, 0.04215399121235277, 0.9989505351203213, 0.00044898990417086134], [0.0, 0.0, 0.0, 1.0]], "antennas": [-0.8207196689351692, 0.9063046116226097], "body_yaw": 0.12100764834658437, "check_collision": false}, {"head": [[0.9997022929980768, 0.017354476350824575, -0.01715072957562391, -0.006164202576573836], [-0.01797283525957911, 0.9991689743770702, -0.0365832999469113, -0.0014308106506912242], [0.016501592866130833, 0.03688065607960793, 0.9991834239217633, 0.00033414011820054454], [0.0, 0.0, 0.0, 1.0]], "antennas": [-0.8730795464949991, 0.9586628912857855], "body_yaw": 0.12100764834658437, "check_collision": false}, {"head": [[0.99971205994784, 0.018090659083885942, -0.01576468359202675, -0.006068208919033572], [-0.01852143912150482, 0.9994468341729299, -0.027622127987825512, -0.001537995231014069], [0.015256260607189855, 0.02790615909827144, 0.9994941184402573, 0.00032911571091787236], [0.0, 0.0, 0.0, 1.0]], "antennas": [-0.925439424054829, 1.0110211709489614], "body_yaw": 0.12100764834658437, "check_collision": false}, {"head": [[0.9996799346593614, 0.020332964895241546, -0.015053198265610761, -0.005872008738714789], [-0.020554671414975145, 0.9996803187569886, -0.014722967531994808, -0.0018467938968799202], [0.014749024458496083, 0.015027668764470573, 0.9997782931475498, 0.000451657345405422], [0.0, 0.0, 0.0, 1.0]], "antennas": [-0.9777993016146589, 1.0633794506121372], "body_yaw": 0.121007648346584