{"description": "A fast movement that lets you ask a question.", "time": [0.0, 0.010123014450073242, 0.02036452293395996, 0.030478239059448242, 0.04041147232055664, 0.050420284271240234, 0.06047940254211426, 0.07059907913208008, 0.08057141304016113, 0.09058547019958496, 0.1006932258605957, 0.11067008972167969, 0.12078619003295898, 0.13077187538146973, 0.14086437225341797, 0.15102195739746094, 0.16116023063659668, 0.17135119438171387, 0.18132948875427246, 0.1916027069091797, 0.20154714584350586, 0.21145105361938477, 0.22153830528259277, 0.23152375221252441, 0.24159955978393555, 0.25177907943725586, 0.26169371604919434, 0.27177977561950684, 0.281813383102417, 0.29188036918640137, 0.30199432373046875, 0.31203579902648926, 0.32218217849731445, 0.3321216106414795, 0.3422119617462158, 0.3523523807525635, 0.36238861083984375, 0.37236595153808594, 0.38247036933898926, 0.3924846649169922, 0.4025146961212158, 0.41255664825439453, 0.42267322540283203, 0.43267059326171875, 0.4428102970123291, 0.45295047760009766, 0.4630239009857178, 0.47300219535827637, 0.48311328887939453, 0.49327707290649414, 0.5032205581665039, 0.5137782096862793, 0.5234405994415283, 0.5334067344665527, 0.5436317920684814, 0.5536458492279053, 0.5635247230529785, 0.5736570358276367, 0.5836756229400635, 0.5937066078186035, 0.6038296222686768, 0.6139051914215088, 0.623995304107666, 0.6341288089752197, 0.6443648338317871, 0.6544251441955566, 0.6641950607299805, 0.6743471622467041, 0.6843335628509521, 0.6943550109863281, 0.7045371532440186, 0.7146520614624023, 0.724738597869873, 0.7348694801330566, 0.7447106838226318, 0.7547965049743652, 0.7647662162780762, 0.7748546600341797, 0.7849674224853516, 0.794945240020752, 0.8050346374511719, 0.8151359558105469, 0.8252172470092773, 0.8352289199829102, 0.8453412055969238, 0.8554067611694336, 0.8654048442840576, 0.8754265308380127, 0.8855483531951904, 0.8955376148223877, 0.9057157039642334, 0.9157845973968506, 0.9257621765136719, 0.9358091354370117, 0.9458737373352051, 0.955960750579834, 0.9659526348114014, 0.9760334491729736, 0.9861805438995361, 0.9962220191955566, 1.0062828063964844, 1.016420602798462, 1.0264596939086914, 1.0365002155303955, 1.0464723110198975, 1.0566089153289795, 1.0671117305755615, 1.0766878128051758, 1.0872828960418701, 1.0968499183654785, 1.1068470478057861, 1.1169161796569824, 1.1269450187683105, 1.136991262435913, 1.1471402645111084, 1.1571357250213623, 1.1671597957611084, 1.1772098541259766, 1.1873784065246582, 1.1973726749420166, 1.2074275016784668, 1.217482566833496, 1.2274720668792725, 1.2375891208648682, 1.2477343082427979, 1.2576961517333984, 1.2677414417266846, 1.2778315544128418, 1.2879607677459717, 1.297928810119629, 1.307960033416748, 1.3181521892547607, 1.3281304836273193, 1.3381729125976562, 1.348477840423584, 1.3583743572235107, 1.368452548980713, 1.3784549236297607, 1.3885395526885986, 1.3985364437103271, 1.4087004661560059, 1.4187648296356201, 1.4287941455841064, 1.4388618469238281, 1.4489059448242188, 1.4589533805847168, 1.4691424369812012, 1.4790489673614502, 1.4891655445098877, 1.4992501735687256, 1.5092520713806152, 1.519404411315918, 1.5293667316436768, 1.5395636558532715, 1.5496602058410645, 1.5595946311950684, 1.5696322917938232, 1.5797255039215088, 1.5897514820098877, 1.5998351573944092, 1.6098792552947998, 1.6199820041656494, 1.6299712657928467, 1.6401770114898682, 1.650193214416504, 1.6602156162261963, 1.6703402996063232, 1.6803932189941406, 1.6904869079589844, 1.700554370880127, 1.7106542587280273, 1.7206180095672607, 1.7306265830993652, 1.7406675815582275, 1.7509584426879883, 1.7608232498168945, 1.7709155082702637, 1.7809770107269287, 1.7910544872283936, 1.801147699356079, 1.8111982345581055, 1.8213062286376953, 1.831291675567627, 1.8414244651794434, 1.8515825271606445, 1.8615071773529053, 1.8715479373931885, 1.8816213607788086, 1.8916423320770264, 1.9017090797424316, 1.9117505550384521, 1.9219117164611816, 1.9318854808807373, 1.941957712173462, 1.9523229598999023, 1.962130069732666, 1.9721527099609375, 1.9822356700897217, 1.9922897815704346, 2.0023467540740967, 2.0124149322509766, 2.022580862045288, 2.032503604888916, 2.0425407886505127, 2.053011655807495, 2.062950849533081, 2.072913646697998, 2.0829083919525146, 2.0930633544921875, 2.1029815673828125, 2.1131479740142822, 2.1231682300567627, 2.1331841945648193, 2.1436097621917725, 2.1540284156799316, 2.1640379428863525, 2.174222707748413, 2.184187412261963, 2.1942176818847656, 2.204211473464966, 2.2143893241882324, 2.224360466003418, 2.234410524368286, 2.244497537612915, 2.2546300888061523, 2.264577865600586, 2.2746431827545166, 2.284762144088745, 2.2947685718536377, 2.3050692081451416, 2.3151605129241943, 2.325063943862915, 2.33505916595459, 2.3451473712921143, 2.355269432067871, 2.3652474880218506, 2.375304698944092, 2.3853936195373535, 2.3953769207000732, 2.4054670333862305, 2.41572904586792, 2.4256081581115723, 2.4356541633605957, 2.4456827640533447, 2.4557762145996094, 2.465819835662842, 2.4758596420288086, 2.485978126525879, 2.4960062503814697, 2.5061166286468506, 2.5162229537963867, 2.526198148727417, 2.536290168762207, 2.5464589595794678, 2.5564191341400146, 2.5664565563201904, 2.5765910148620605, 2.5865731239318848, 2.5965757369995117, 2.6066253185272217, 2.616755723953247, 2.626960277557373, 2.6369428634643555, 2.6468863487243652, 2.6570332050323486, 2.667048931121826, 2.6771163940429688, 2.687211036682129, 2.697222948074341, 2.7072768211364746, 2.7175779342651367, 2.727382183074951, 2.7374532222747803, 2.747554063796997, 2.7576303482055664, 2.767662525177002, 2.7777299880981445, 2.787867546081543, 2.7978122234344482, 2.807934284210205, 2.8180389404296875, 2.828045129776001, 2.8381268978118896, 2.8482840061187744, 2.8584024906158447, 2.8683478832244873, 2.8783316612243652, 2.8884201049804688, 2.8984386920928955, 2.908594846725464, 2.918625831604004, 2.9286105632781982, 2.9387073516845703], "set_target_data": [{"head": [[0.9997853074220744, -0.007231475553584889, 0.01941764208821147, -0.006962721097251934], [0.008384450035410298, 0.9981650663612515, -0.05996833575848108, 0.005637529568074879], [-0.01894835244953201, 0.06011826725177728, 0.9980113996754205, 0.008306332868175781], [0.0, 0.0, 0.0, 1.0]], "antennas": [-0.10699036626506134, 0.5318902613361516], "body_yaw": 0.12100764834658437, "check_collision": false}, {"head": [[0.9998052248407278, -0.00651246285981585, 0.018630625557970532, -0.006933436142416066], [0.007577251252856665, 0.9983072287687675, -0.05766508693719835, 0.005318321793083867], [-0.01822354643401958, 0.05779502414155635, 0.9981621298866452, 0.008558171370040724], [0.0, 0.0, 0.0, 1.0]], "antennas": [-0.10699036626506134, 0.5318902613361516], "body_yaw": 0.12100764834658437, "check_collision": false}, {"head": [[0.9998293349014925, -0.006035508537356337, 0.017460633067981214, -0.006920906069346495], [0.006983207792697555, 0.9984765133015895, -0.054734698263760186, 0.005256366449002471], [-0.017103680287095767, 0.05484728818999498, 0.9983482554193405, 0.008606018510177782], [0.0, 0.0, 0.0, 1.0]], "antennas": [-0.10699036626506134, 0.5318902613361516], "body_yaw": 0.12100764834658437, "check_collision": false}, {"head": [[0.9998538282406163, -0.005617516780791931, 0.016148240083733143, -0.006903006537008333], [0.006442827488068889, 0.9986512170945672, -0.051519283472295715, 0.005207386758791626], [-0.015837049174115377, 0.05161579313308379, 0.9985414351806837, 0.008625824031978091], [0.0, 0.0, 0.0, 1.0]], "antennas": [-0.10699036626506134, 0.5318902613361516], "body_yaw": 0.12100764834658437, "check_collision": false}, {"head": [[0.9998726555588247, -0.004912275510709043, 0.015183616665691332, -0.006981685317613815], [0.005644863749295688, 0.9988029282294962, -0.04858853849865655, 0.005106964040076295], [-0.014926760499038589, 0.04866806046567328, 0.9987034653547137, 0.008654417354270305], [0.0, 0.0, 0.0, 1.0]], "antennas": [-0.10699036626506134, 0.5318902613361516], "body_yaw": 0.12100764834658437, "check_collision": false}, {"head": [[0.9998882840127711, -0.004300827701137636, 0.014315110026860945, -0.006954736030808324], [0.004950148122833318, 0.9989458161992707, -0.04563718145914491, 0.0050560876639363685], [-0.014103741615543635, 0.04570294497139147, 0.9988555077153972, 0.008662029529269033], [0.0, 0.0, 0.0, 1.0]], "antennas": [-0.10699036626506134, 0.5318902613361516], "body_yaw": 0.12100764834658437, "check_collision": false}, {"head": [[0.9998986244431, -0.0036849885042516285, 0.01375360667315247, -0.00695209720014121], [0.004268996076707771, 0.9990797917055596, -0.042677224348270044, 0.004916867529041928], [-0.013583685409096623, 0.04273161201381307, 0.9989942406367553, 0.008679965359085329], [0.0, 0.0, 0.0, 1.0]], "antennas": [-0.10699036626506134, 0.5318902613361516], "body_yaw": 0.12100764834658437, "check_collision": false}, {"head": [[0.9999089082705142, -0.003075807917551522, 0.013142091421186901, -0.006916869184932929], [0.003592090599064218, 0.9992153492886077, -0.03944341049115564, 0.00484817072527279], [-0.013010459115520153, 0.03948702510572327, 0.9991353776150174, 0.008678933168133118], [0.0, 0.0, 0.0, 1.0]], "antennas": [-0.10699036626506134, 0.5318902613361516], "body_yaw": 0.12100764834658437, "check_collision": false}, {"head": [[0.9999231437099921, -0.0024116394665085507, 0.012161030721522576, -0.0068850441527538615], [0.0028500789016606964, 0.9993417558985194, -0.036165342082138695, 0.004766382582147621], [-0.012065808028497141, 0.03619722244520126, 0.999271823561473, 0.008695419419372352], [0.0, 0.0, 0.0, 1.0]], "antennas": [-0.10699036626506134, 0.5318902613361516], "body_yaw": 0.12100764834658437, "check_collision": false}, {"head": [[0.9999397535068806, -0.0018310740017908815, 0.010822962838272148, -0.006921467938694512], [0.0021846945991658233, 0.9994611154437746, -0.03275218810085716, 0.0050734809478908665], [-0.010757158830612758, 0.032773859764841845, 0.9994049017540424, 0.008636321690422333], [0.0, 0.0, 0.0, 1.0]], "antennas": [-0.10699036626506134, 0.5318902613361516], "body_yaw": 0.12100764834658437, "check_collision": false}, {"head": [[0.999953455659695, -0.0009837468516459514, 0.009597851653699458, -0.006959372304729913], [0.00125977618275098, 0.9995845162900305, -0.028795967724582792, 0.005062199229733883], [-0.009565535960097486, 0.028806718580180513, 0.9995392305889942, 0.008641047625488896], [0.0, 0.0, 0.0, 1.0]], "antennas": [-0.10699036626506134, 0.5318902613361516], "body_yaw": 0.12100764834658437, "check_collision": false}, {"head": [[0.9999655991384342, -0.0002402060705832017, 0.008291130245999178, -0.006931033103673382], [0.000447097236237714, 0.9996883385318219, -0.024960486925273875, 0.004984483745230675], [-0.008282550559689692, 0.024963335204436818, 0.9996540557871494, 0.008675434234598545], [0.0, 0.0, 0.0, 1.0]], "antennas": [-0.10699036626506134, 0.5318902613361516], "body_yaw": 0.12100764834658437, "check_collision": false}, {"head": [[0.9999748329984665, 0.00017838022429447965, 0.007092358577007544, -0.006850334405522029], [-2.2760879909876697e-05, 0.9997593797824683, -0.021935861481071864, 0.0051143545716528654], [-0.007094564936035018, 0.02193514799289048, 0.999734222896715, 0.00864823309019952], [0.0, 0.0, 0.0, 1.0]], "antennas": [-0.10699036626506134, 0.5318902613361516], "body_yaw": 0.12100764834658437, "check_collision": false}, {"head": [[0.9999810754616825, 0.0007461381386368975, 0.006106717315757394, -0.006819504901041492], [-0.0006253972086424843, 0.9998047560068867, -0.01974990491979105, 0.005066338807330286], [-0.006120261173178962, 0.019745712037995387, 0.999786301796181, 0.008683312410450839], [0.0, 0.0, 0.0, 1.0]], "antennas": [-0.10699036626506134, 0.5318902613361516], "body_yaw": 0.12100764834658437, "check_collision": false}, {"head": [[0.9999860399137452, 0.0007571205475976412, 0.005229411640113744, -0.0067940733945728304], [-0.0006611671665143105, 0.9998318423057705, -0.018326209903487687, 0.005023626671827123], [-0.005242407424387683, 0.01832249655274008, 0.9998183851502589, 0.008726570738259276], [0.0, 0.0, 0.0, 1.0]], "antennas": [-0.10699036626506134, 0.5318902613361516], "body_yaw": 0.12100764834658437, "check_collision": false}, {"head": [[0.9999903707502683, 0.0009017650419762541, 0.004294790629363863, -0.00686073065207396], [-0.0008287881536057593, 0.999855765503288, -0.016963528525349724, 0.0054719479788138785], [-0.004309468289411681, 0.01695980570770139, 0.9998468850146105, 0.008369123241326881], [0.0, 0.0, 0.0, 1.0]], "antennas": [-0.10699036626506134, 0.5318902613361516], "body_yaw": 0.12100764834658437, "check_collision": false}, {"head": [[0.9999918723218275, 0.000996641827383869, 0.003906660383731611, -0.006845499039336109], [-0.000932295380942511, 0.9998644470742752, -0.016438318106687614, 0.005453826017487701], [-0.003922513939883749, 0.01643454233989768, 0.9998572496624054, 0.008379593875513291], [0.0, 0.0, 0.0, 1.0]], "antennas": [-0.10699036626506134, 0.5318902613361516], "body_yaw": 0.12100764834658437, "check_collision": false}, {"head": [[0.9999926600576795, 0.0011357686524131783, 0.003659215808710727, -0.00682928480963934], [-0.001077468732679597, 0.9998730840276193, -0.01589512183745843, 0.005447181298117498], [-0.0036768045768874867, 0.01589106247756095, 0.9998669687720652, 0.008394551381781024], [0.0, 0.0, 0.0, 1.0]], "antennas": [-0.10699036626506134, 0.5318902613361516], "body_yaw": 0.12100764834658437, "check_collision": false}, {"head": [[0.999992461845234, 0.0010252007112691113, 0.003745025528597181, -0.006733831894038901], [-0.0009658610091375173, 0.9998745076314702, -0.015812529880956466, 0.005119565363944815], [-0.0037607665733543137, 0.015808793509522683, 0.9998679606240787, 0.008443146674373514], [0.0, 0.0, 0.0, 1.0]], "antennas": [-0.10699036626506134, 0.5318902613361516], "body_yaw": 0.12100764834658437, "check_collision": false}, {"head": [[0.9999912933830656, 0.0008394896028624605, 0.004087592845463588, -0.006702560017128031], [-0.0007742176983060728, 0.9998725900968851, -0.015943781229745397, 0.005102052042076756], [-0.00410045668422786, 0.015940477726625314, 0.999864534536968, 0.008431789590678973], [0.0, 0.0, 0.0, 1.0]], "antennas": [-0.10699036626506134, 0.5318902613361516], "body_yaw": 0.12100764834658437, "check_collision": false}, {"head": [[0.9999905419610928, 0.0004814300500202159, 0.004322523969479819, -0.006778254088661291], [-0.0004099902326317561, 0.9998635663994448, -0.016513040149892265, 0.005148483514640867], [-0.004329884105716527, 0.01651111177630825, 0.9998543070325503, 0.008353980067972], [0.0, 0.0, 0.0, 1.0]], "antennas": [-0.10699036626506134, 0.5318902613361516], "body_yaw": 0.12100764834658437, "check_collision": false}, {"head": [[0.9999894864554737, 0.0002352458295953959, 0.004579480092556478, -0.006769975111483625], [-0.0001576723462896021, 0.9998566248578235, -0.016932361540952824, 0.005139956181724565], [-0.004582806776384822, 0.016931461464444846, 0.9998461499124397, 0.00834399046908707], [0.0, 0.0, 0.0, 1.0]], "antennas": [-0.10699036626506134, 0.5318902613361516], "body_yaw": 0.12100764834658437, "check_collision": false}, {"head": [[0.9999897378604334, 0.00020948052168247042, 0.004525515631710832, -0.006837256730386484], [-0.00013130159191717162, 0.9998508790567551, -0.017268538135185287, 0.005240336622112329], [-0.004528458204928414, 0.017267766715630142, 0.9998406459526143, 0.008397426608678482], [0.0, 0.0, 0.0, 1.0]], "antennas": [-0.10699036626506134, 0.5318902613361516], "body_yaw": 0.12100764834658437, "check_collision": false}, {"head": [[0.9999900005558245, 4.673393020924867e-05, 0.0044717562883107445, -0.006843931695869318], [3.136182575754745e-05, 0.9998475173671688, -0.017462560841558762, 0.005236747266287482], [-0.004471890517238167, 0.01746252646809801, 0.9998375179820734, 0.008403554310183192], [0.0, 0.0, 0.0, 1.0]], "antennas": [-0.10699036626506134, 0.5318902613361516], "body_yaw": 0.12100764834658437, "check_collision": false}, {"head": [[0.9999896513233086, -0.00017863746707877991, 0.004545914093243497, -0.0068479656755190445], [0.00025858080514531214, 0.9998452285573117, -0.017591249732311146, 0.00523879374746229], [-0.004542068059266018, 0.01759224317228142, 0.99983492767452, 0.008404402466353433], [0.0, 0.0, 0.0, 1.0]], "antennas": [-0.10699036626506134, 0.5318902613361516], "body_yaw": 0.12100764834658437, "check_collision": false}, {"head": [[0.9999892788570149, -0.00044778241750090616, 0.004608867749608159, -0.006939048672191587], [0.0005301113290372151, 0.999840044893146, -0.01787746095088022, 0.005741182363587803], [-0.004600125324991433, 0.017879712497073263, 0.9998295628395952, 0.008111014010167505], [0.0, 0.0, 0.0, 1.0]], "antennas": [-0.10699036626506134, 0.5318902613361516], "body_yaw": 0.12100764834658437, "check_collision": false}, {"head": [[0.9999878785926753, -0.0006827073498766811, 0.004876123295712912, -0.006930256893845493], [0.0007710304107323932, 0.9998352586684071, -0.018134526064526545, 0.005766714121768561], [-0.004862939422437384, 0.018138065887896956, 0.9998236656461077, 0.00808735604968569], [0.0, 0.0, 0.0, 1.0]], "antennas": [-0.10699036626506134, 0.5318902613361516], "body_yaw": 0.12100764834658437, "check_collision": false}, {"head": [[0.9999860793575042, -0.0007907898867003364, 0.005216870955109763, -0.006899156204040902], [0.0008863294853214233, 0.9998314745630392, -0.018336763431476482, 0.005701094944750863], [-0.005201491252576057, 0.01834113203849685, 0.9998182571669192, 0.008092828773547], [0.0, 0.0, 0.0, 1.0]], "antennas": [-0.10699036626506134, 0.5318902613361516], "body_yaw": 0.12100764834658437, "check_collision": false}, {"head": [[0.9999835881669483, -0.000988877767230203, 0.005643183278712079, -0.0068903288191480005], [0.0010938135884766627, 0.999825988668022, -0.018622458372799706, 0.005732581877015554], [-0.005623785965817122, 0.018628325334674397, 0.9998106613387541, 0.008066529041070358], [0.0, 0.0, 0.0, 1.0]], "antennas": [-0.10699036626506134, 0.5318902613361516], "body_yaw": 0.12100764834658437, "check_collision": false}, {"head": [[0.9999819481968966, -0.001153421802072644, 0.0058968549656750625, -0.006915700758471446], [0.0012655396608267796, 0.999817828111383, -0.019044920582773354, 0.005992008740952501], [-0.00587381389785015, 0.01905203949145007, 0.9998012392978466, 0.008001035372268595], [0.0, 0.0, 0.0, 1.0]], "antennas": [-0.10699036626506134, 0.5318902613361516], "body_yaw": 0.12100764834658437, "check_collision": false}, {"head": [[0.9999800171179993, -0.0013572179119262456, 0.006174408815821954, -0.0069180224975391134], [0.0014766079582249085, 0.9998112357110387, -0.019372985699240383, 0.006040168793223237], [-0.006146949944733582, 0.019381715752347935, 0.9997932606798625, 0.007983827904391727], [0.0, 0.0, 0.0, 1.0]], "antennas": [-0.10699036626506134, 0.5318902613361516], "body_yaw": 0.12100764834658437, "check_collision": false}, {"head": [[0.9999785721833112, -0.0016476535455718388, 0.006335646140667235, -0.006799928661505479], [0.0017714823880350655, 0.9998065457214199, -0.01958910367400768, 0.005753642439336274], [-0.006302144426690701, 0.019599907407840074, 0.9997880408392716, 0.008164916031896008], [0.0, 0.0, 0.0, 1.0]], "antennas": [-0.10699036626506134, 0.5318902613361516], "body_yaw": 0.12100764834658437, "check_collision": false}, {"head": [[0.9999768447838993, -0.0017996875655521877, 0.006562851567996523, -0.006784722726660045], [0.001929004810769544, 0.9998030566351448, -0.01975162989379075, 0.005785486512235398], [-0.006526012295206433, 0.01976383231277925, 0.9997833775852821, 0.008151322317082432], [0.0, 0.0, 0.0, 1.0]], "antennas": [-0.10699036626506134, 0.5318902613361516], "body_yaw": 0.12100764834658437, "check_collision": false}, {"head": [[0.9999744359365952, -0.0020301801764296586, 0.006856080639812928, -0.0068295338208427606], [0.002165376104978226, 0.9998022170802208, -0.019769619819290107, 0.005952162325191449], [-0.00681458873391307, 0.019783960420666814, 0.9997810541765938, 0.007998995658155095], [0.0, 0.0, 0.0, 1.0]], "antennas": [-0.10699036626506134, 0.5318902613361516], "body_yaw": 0.12100764834658437, "check_collision": false}, {"head": [[0.9999721003718145, -0.0021596950474562825, 0.007150817805270321, -0.006822391906955362], [0.0023005638079124794, 0.9998022948812846, -0.019750406483996046, 0.005977949659619498], [-0.007106749196918482, 0.019766306367638407, 0.9997793692852605, 0.007974778349594924], [0.0, 0.0, 0.0, 1.0]], "antennas": [-0.10699036626506134, 0.5318902613361516], "body_yaw": 0.12100764834658437, "check_collision": false}, {"head": [[0.9999706699957558, -0.0023021032922183483, 0.00730475657851786, -0.006878307811709155], [0.00244650559300657, 0.9998005456161191, -0.019821291484014555, 0.006204689789532753], [-0.007257668952413722, 0.019838581253276096, 0.9997768535704528, 0.007820676624354372], [0.0, 0.0, 0.0, 1.0]], "antennas": [-0.10699036626506134, 0.5318902613361516], "body_yaw": 0.12100764834658437, "check_collision": false}, {"head": [[0.9999673401201271, -0.002495541718808796, 0.0076870647589592465, -0.006881133847181538], [0.00264808069208137, 0.999798513274702, -0.019897751690692564, 0.006238579931665933], [-0.007635860247999187, 0.019917457800279578, 0.9997724683712028, 0.007800999349484361], [0.0, 0.0, 0.0, 1.0]], "antennas": [-0.10699036626506134, 0.5318902613361516], "body_yaw": 0.12100764834658437, "check_collision": false}, {"head": [[0.9999639770789808, -0.002835020491041804, 0.008000450187499253, -0.006866482233234467], [0.0029933876431088805, 0.9997984340874883, -0.01985272844281553, 0.006230649371400606], [-0.007942554677518235, 0.01987596173827739, 0.999770904742768, 0.007734834072233354], [0.0, 0.0, 0.0, 1.0]], "antennas": [-0.10699036626506134, 0.5318902613361516], "body_yaw": 0.12100764834658437, "check_collision": false}, {"head": [[0.9999596471491581, -0.0030482287954928682, 0.008450584272222419, -0.006859167365634151], [0.003216288568108618, 0.9997958930158691, -0.019945620984258585, 0.006262059161291619], [-0.008388060632724268, 0.019971995639178643, 0.9997653523847537, 0.007712751935043338], [0.0, 0.0, 0.0, 1.0]], "antennas": [-0.10699036626506134, 0.5318902613361516], "body_yaw": 0.12100764834658437, "check_collision": false}, {"head": [[0.9999560607299578, -0.003191944421257032, 0.008814085331837045, -0.006990267286189473], [0.0033684597772263426, 0.999792605181875, -0.020084822687023916, 0.006621802877293161], [-0.008748147698484926, 0.02011363006648945, 0.9997594269610036, 0.007615339205588323], [0.0, 0.0, 0.0, 1.0]], "antennas": [-0.10699036626506134, 0.5318902613361516], "body_yaw": 0.12100764834658437, "check_collision": false}, {"head": [[0.9999512146163511, -0.0032001496311197452, 0.009344914639654728, -0.006994943545417354], [0.0033861408759995326, 0.9997951367595235, -0.019955414352334156, 0.006663690860512514], [-0.009279139898281209, 0.01998608401723317, 0.9997571975276818, 0.00760200051170179], [0.0, 0.0, 0.0, 1.0]], "antennas": [-0.10699036626506134, 0.5318902613361516], "body_yaw": 0.12100764834658437, "check_collision": false}, {"head": [[0.9999511620210985, -0.002921782692063343, 0.009441226538718619, -0.006993864705756327], [0.0031041066493383766, 0.9998078582167629, -0.019354874577712473, 0.006194617498369966], [-0.009382861747067307, 0.019383235898832948, 0.99976809914676, 0.007832021456282812], [0.0, 0.0, 0.0, 1.0]], "antennas": [-0.10699036626506134, 0.5318902613361516], "body_yaw": 0.12100764834658437, "check_collision": false}, {"head": [[0.9999561703631441, -0.002429522230723407, 0.009041834681348405, -0.007008593777929662], [0.0025893643559911366, 0.9998398384597235, -0.017708546554298373, 0.006159508334065823], [-0.008997363219651446, 0.017731182999570303, 0.9998023067609562, 0.007844154852268914], [0.0, 0.0, 0.0, 1.0]], "antennas": [-0.10699036626506134, 0.5318902613361516], "body_yaw": 0.12100764834658437, "check_collision": false}, {"head": [[0.9999603847017544, -0.001850096632946967, 0.008706673852182193, -0.006954225759446632], [0.0019876663721880754, 0.9998729047421776, -0.01581845582960512, 0.0060220022653670775], [-0.0086763016033554, 0.015835135139589233, 0.9998369718537111, 0.007951373192125077], [0.0, 0.0, 0.0, 1.0]], "antennas": [-0.10699036626506134, 0.5318902613361516], "body_yaw": 0.12100764834658437, "check_collision": false}, {"head": [[0.9999634575881611, -0.0013175989471721017, 0.008446740279187927, -0.0069503592695928235], [0.0014364479483851013, 0.9998998428035892, -0.01407980747911206, 0.005980758460169506], [-0.008427342737851892, 0.014091426271733131, 0.9998651967140404, 0.007964420632967428], [0.0, 0.0, 0.0, 1.0]], "antennas": [-0.10699036626506134, 0.5318902613361516], "body_yaw": 0.12100764834658437, "check_collision": false}, {"head": [[0.9999663865259478, -0.0009969563946258015, 0.008138298113617498, -0.006926838678039889], [0.001096366828696323, 0.9999247340365658, -0.012219829854808795, 0.00593011721201517], [-0.00812550293925427, 0.01222834166396886, 0.9998922161223848, 0.007965746373496896], [0.0, 0.0, 0.0, 1.0]], "antennas": [-0.10699036626506134, 0.5318902613361516], "body_yaw": 0.12100764834658437, "check_collision": false}, {"head": [[0.9999698721624398, -0.0006514573661371815, 0.0077350094204467505, -0.006895834493540601], [0.0007286763294785825, 0.9999498888449877, -0.009984429362971668, 0.005888847025377021], [-0.007728117380135474, 0.00998976487197866, 0.9999202372187304, 0.007966711379798819], [0.0, 0.0, 0.0, 1.0]], "antennas": [-0.10699036626506134, 0.5318902613361516], "body_yaw": 0.12100764834658437, "check_collision": false}, {"head": [[0.9999725018004867, -0.000359144250675046, 0.007407203134948181, -0.006866220336928575], [0.0004199544008502646, 0.9999662118592079, -0.008209675891688563, 0.005856020497676246], [-0.007404004401429377, 0.00821256082793747, 0.9999388654130165, 0.007961450304096007], [0.0, 0.0, 0.0, 1.0]], "antennas": [-0.10699036626506134, 0.5318902613361516], "body_yaw": 0.12100764834658437, "check_collision": false}, {"head": [[0.9999741232850141, -2.791565745883511e-05, 0.007193884978442951, -0.006811499393224823], [7.334304452194145e-05, 0.9999800604290384, -0.006314536018910874, 0.00570853299340684], [-0.007193565261038419, 0.006314900240888306, 0.9999541862774426, 0.007900704491577926], [0.0, 0.0, 0.0, 1.0]], "antennas": [-0.10699036626506134, 0.5318902613361516], "body_yaw": 0.12100764834658437, "check_collision": false}, {"head": [[0.9999778413740885, 0.0003515625583455882, 0.006647793963854305, -0.006796946178985141], [-0.0003264507355149847, 0.9999928093861566, -0.0037781749428902585, 0.005661563165367747], [-0.006649074426983801, 0.0037759210464960186, 0.999970765687435, 0.007910433267572792], [0.0, 0.0, 0.0, 1.0]], "antennas": [-0.10699036626506134, 0.5318902613361516], "body_yaw": 0.12100764834658437, "check_collision": false}, {"head": [[0.9999846610134413, 0.0007988395963976072, 0.0054808387252492366, -0.0067664511486533185], [-0.0007966281396770987, 0.9999996004117101, -0.0004056599898924722, 0.005590505154550817], [-0.005481160592432863, 0.00040128757712177426, 0.9999848978093822, 0.007923464239273426], [0.0, 0.0, 0.0, 1.0]], "antennas": [-0.10699036626506134, 0.5318902613361516], "body_yaw": 0.12100764834658437, "check_collision": false}, {"head": [[0.9999905478379415, 0.0017962074885369357, 0.0039595294456895485, -0.006763276079839883], [-0.0018129841264261286, 0.9999893782053432, 0.004237518737179781, 0.005728071543465005], [-0.003951875925492302, -0.004244657247499104, 0.9999831826393484, 0.007893869918482344], [0.0, 0.0, 0.0, 1.0]], "antennas": [-0.10699036626506134, 0.5318902613361516], "body_yaw": 0.12100764834658437, "check_collision": false}, {"head": [[0.9999921743851151, 0.0030792526800409287, 0.002483821946418994, -0.006737768058938758], [-0.0031024511792193924, 0.9999510936210056, 0.009390695545851728, 0.005650497799843387], [-0.0024547841472545165, -0.009398327994211525, 0.9999528216199518, 0.00790809941395465], [0.0, 0.0, 0.0, 1.0]], "antennas": [-0.10699036626506134, 0.5318902613361516], "body_yaw": 0.12100764834658437, "check_collision": false}, {"head": [[0.9999903843090079, 0.0042349434104825435, 0.0011386587867666335, -0.006821414720077041], [-0.004250142118165417, 0.9998971949975403, 0.013694368478552245, 0.005791053933424261], [-0.0010805468513982943, -0.013699076259404478, 0.9999055794064462, 0.007894787779327228], [0.0, 0.0, 0.0, 1.0]], "antennas": [-0.10699036626506134, 0.5318902613361516], "body_yaw": 0.12100764834658437, "check_collision": false}, {"head": [[0.9999877499884282, 0.004949734279426303, 1.9089292992332374e-06, -0.006797733699748832], [-0.004949031256894211, 0.9998390691181114, 0.017243635192349983, 0.005752572001422146], [8.344279011993886e-05, -0.01724343340497011, 0.9998513174676069, 0.007911753355190398], [0.0, 0.0, 0.0, 1.0]], "antennas": [-0.10699036626506134, 0.5318902613361516], "body_yaw": 0.12100764834658437, "check_collision": false}, {"head": [[0.9999866266908887, 0.005150940409872627, -0.0004628739255588282, -0.006767647230894291], [-0.005140915913279389, 0.999795956911684, 0.019534982124955788, 0.005731290193485944], [0.0005634030081671306, -0.019532341281671604, 0.9998090668828256, 0.007930551486500681], [0.0, 0.0, 0.0, 1.0]], "antennas": [-0.10699036626506134, 0.5318902613361516], "body_yaw": 0.12100764834658437, "check_collision": false}, {"head": [[0.999985707974175, 0.0053053680814177055, -0.0006609969054199412, -0.006748864989255074], [-0.005290159562048195, 0.9997611384875411, 0.021205663910945388, 0.0057125726695562914], [0.000773342871157783, -0.021201864059949442, 0.999774916119217, 0.007946001581061457], [0.0, 0.0, 0.0, 1.0]], "antennas": [-0.10699036626506134, 0.5318902613361516], "body_yaw": 0.12100764834658437, "check_collision": false}, {"head": [[0.9999866429937742, 0.005127939184507587, -0.0006465862367791696, -0.006690042912494809], [-0.005112238078128815, 0.9997380100258965, 0.02231090162437576, 0.006198393724986968], [0.0007608257843490708, -0.022307298114743405, 0.999750871765034, 0.007468284209400322], [0.0, 0.0, 0.0, 1.0]], "antennas": [-0.10699036626506134, 0.5318902613361516], "body_yaw": 0.12100764834658437, "check_collision": false}, {"head": [[0.999987450160609, 0.00498038878239591, -0.0005433680701711444, -0.0066855956376351555], [-0.004966664623838115, 0.9997262638444548, 0.022863281088281194, 0.005963496879852084], [0.0006570873593454101, -0.022860295430803743, 0.999738453361187, 0.007476000538770233], [0.0, 0.0, 0.0, 1.0]], "antennas": [-0.10699036626506134, 0.5318902613361516], "body_yaw": 0.12100764834658437, "check_collision": false}, {"head": [[0.9999903617212111, 0.00438996397382127, 6.841776041472216e-05, -0.006667134076900606], [-0.004390391047503776, 0.9997364845233251, 0.02253188805656079, 0.005966615025692817], [3.051444555450216e-05, -0.022531971268664873, 0.9997461224429014, 0.007448529865446307], [0.0, 0.0, 0.0, 1.0]], "antennas": [-0.10699036626506134, 0.5318902613361516], "body_yaw": 0.12100764834658437, "check_collision": false}, {"head": [[0.9999930787772788, 0.003604366024813696, 0.0009224657708317677, -0.006641013246830852], [-0.003623566922665318, 0.9997571703172574, 0.021736378768959175, 0.005974744705855279], [-0.0008438959036239774, -0.02173957094309504, 0.9997633114367191, 0.007409555418351921], [0.0, 0.0, 0.0, 1.0]], "antennas": [-0.10699036626506134, 0.5318902613361516], "body_yaw": 0.12100764834658437, "check_collision": false}, {"head": [[0.9999951388912276, 0.002597854637581116, 0.001724339060640324, -0.0066484143721091404], [-0.00263350816670199, 0.9997758624462509, 0.021006891835549962, 0.006101322602141189], [-0.00166937972012529, -0.021011330779762145, 0.9997778438984397, 0.007504816439604378], [0.0, 0.0, 0.0, 1.0]], "antennas": [-0.10699036626506134, 0.5318902613361516], "body_yaw": 0.12100764834658437, "check_collision": false}, {"head": [[0.9999953028924817, 0.0015746622721807544, 0.002629568729302775, -0.006631490766852013], [-0.0016264422954254453, 0.9998025029288758, 0.019806812530407645, 0.006010305863750709], [-0.002597860356756628, -0.019810996337479663, 0.9998003678463431, 0.007600055015963447], [0.0, 0.0, 0.0, 1.0]], "antennas": [-0.10699036626506134, 0.5318902613361516], "body_yaw": 0.12100764834658437, "check_collision": false}, {"head": [[0.9999926685735471, 0.0006283026465524619, 0.0037773052484702287, -0.006632310701588755], [-0.000696643632457946, 0.999835603502012, 0.018118516976200403, 0.00605156120745807], [-0.0037653003605477957, -0.018121015577274958, 0.999828710983858, 0.007589659932013382], [0.0, 0.0, 0.0, 1.0]], "antennas": [-0.10699036626506134, 0.5318902613361516], "body_yaw": 0.12100764834658437, "check_collision": false}, {"head": [[0.9999884825166816, -0.0002895645663049677, 0.004790718771339485, -0.006533557567247963], [0.00021019841334666813, 0.999862870498659, 0.016558865142537894, 0.005972338599057304], [-0.004794856683066808, -0.016557667424600322, 0.9998514154607399, 0.007735445582941702], [0.0, 0.0, 0.0, 1.0]], "antennas": [-0.10699036626506134, 0.5318902613361516], "body_yaw": 0.12100764834658437, "check_collision": false}, {"head": [[0.9999826661735288, -0.0010286855399641065, 0.0057973406438121666, -0.006537444280020434], [0.0009451244611111499, 0.9998958961015731, 0.014398044970927547, 0.006025253915693933], [-0.005811548178715984, -0.014392316189262637, 0.9998795363154876, 0.00774853410431936], [0.0, 0.0, 0.0, 1.0]], "antennas": [-0.10699036626506134, 0.5318902613361516], "body_yaw": 0.12100764834658437, "check_collision": false}, {"head": [[0.9999736562273013, -0.0020061938093067504, 0.0069758180740704225, -0.006522841795858037], [0.0019232126774794214, 0.9999275573944094, 0.011881970217397807, 0.005901268697343387], [-0.006999150262725522, -0.011868241219719345, 0.9999050738674898, 0.007728991748298775], [0.0, 0.0, 0.0, 1.0]], "antennas": [-0.10699036626506134, 0.5318902613361516], "body_yaw": 0.12100764834658437, "check_collision": false}, {"head": [[0.9999613580162532, -0.002757910084209377, 0.0083472394393687, -0.006518624835677694], [0.002682930231379773, 0.9999560752853139, 0.008980500284785147, 0.005942736667514164], [-0.008371640201554564, -0.008957758199398655, 0.9999248342792456, 0.007707163997439037], [0.0, 0.0, 0.0, 1.0]], "antennas": [-0.10699036626506134, 0.5318902613361516], "body_yaw": 0.12100764834658437, "check_collision": false}, {"head": [[0.9999478844737258, -0.0032706668252197304, 0.009671146521398857, -0.006585788053086617], [0.003216968016253094, 0.9999793528128331, 0.005562828849575546, 0.006208676121137022], [-0.009689140999199194, -0.00553142717078264, 0.9999377599931667, 0.00746245187457284], [0.0, 0.0, 0.0, 1.0]], "antennas": [-0.10699036626506134, 0.5318902613361516], "body_yaw": 0.12100764834658437, "check_collision": false}, {"head": [[0.9999310172012875, -0.0034740643769752334, 0.011220147748691454, -0.0065753863348166665], [0.0034535485643054854, 0.9999923301433551, 0.001847337753807509, 0.006247998179223354], [-0.011226479462049433, -0.0018084609941302957, 0.9999353457237724, 0.007423878818558383], [0.0, 0.0, 0.0, 1.0]], "antennas": [-0.10699036626506134, 0.5382546837092229], "body_yaw": 0.12100764834658437, "check_collision": false}, {"head": [[0.9999107845101389, -0.0033192683225252498, 0.01293852689147914, -0.006617126271200244], [0.0033585827581313343, 0.9999898057093124, -0.003018012476516574, 0.006110248986475145], [-0.01292837739916465, 0.0030611983363884156, 0.9999117391662976, 0.007502962835889138], [0.0, 0.0, 0.0, 1.0]], "antennas": [-0.10699036626506134, 0.5524216354440085], "body_yaw": 0.12100764834658437, "check_collision": false}, {"head": [[0.9998816745992019, -0.0032376364602621052, 0.015038434454661723, -0.006623478721084805], [0.0033701973041892577, 0.9999556188978931, -0.008797840909143297, 0.006151629313709177], [-0.015009282821867634, 0.008847482392349892, 0.999848210222177, 0.0074652098523347865], [0.0, 0.0, 0.0, 1.0]], "antennas": [-0.10699036626506134, 0.572337819340057], "body_yaw": 0.12100764834658437, "check_collision": false}, {"head": [[0.9998386611187827, -0.0035753144417135156, 0.01760309230909734, -0.006587181442156358], [0.0038384174087724653, 0.9998810934725196, -0.014935376392795258, 0.006144585075803432], [-0.01754760051960836, 0.015000534751844957, 0.9997334973247435, 0.007535516331768799], [0.0, 0.0, 0.0, 1.0]], "antennas": [-0.10699036626506134, 0.60046719203791], "body_yaw": 0.12100764834658437, "check_collision": false}, {"head": [[0.9997883482792634, -0.003843653058034336, 0.020211011260995088, -0.00658254683828784], [0.00427841763085919, 0.9997594308489658, -0.021512219112132035, 0.006194788861225509], [-0.020123463608399034, 0.021594137160856623, 0.9995642747981142, 0.007480565249674387], [0.0, 0.0, 0.0, 1.0]], "antennas": [-0.10699036626506134, 0.6339351374569357], "body_yaw": 0.12100764834658437, "check_collision": false}, {"head": [[0.9997379409989197, -0.00400686211866021, 0.022538730736280894, -0.006580466329160459], [0.004617770568183981, 0.9996215622553835, -0.027118415681711375, 0.006238631964614338], [-0.02242154147734141, 0.027215387744225168, 0.9993781051972828, 0.007425596913568588], [0.0, 0.0, 0.0, 1.0]], "antennas": [-0.10699036626506134, 0.6743842933574953], "body_yaw": 0.12100764834658437, "check_collision": false}, {"head": [[0.9996961437258778, -0.004240229098592582, 0.024282517925458054, -0.0065451183020110715], [0.005009008755408797, 0.9994852894897981, -0.03168699930227466, 0.006192695113943332], [-0.024135659321779072, 0.031799002353620556, 0.9992028289583738, 0.0074936297330986945], [0.0, 0.0, 0.0, 1.0]], "antennas": [-0.10699036626506134, 0.7185293842188667], "body_yaw": 0.12100764834658437, "check_collision": false}, {"head": [[0.999654864862135, -0.0044819013685924785, 0.02588558899443723, -0.006551984965946233], [0.005410738979768587, 0.9993398563872048, -0.03592457849013473, 0.006236324655282299], [-0.025707490370698066, 0.03605223982117126, 0.9990191994865351, 0.007484444930595191], [0.0, 0.0, 0.0, 1.0]], "antennas": [-0.10699036626506134, 0.7671917289212306], "body_yaw": 0.12100764834658437, "check_collision": false}, {"head": [[0.9996225066762324, -0.004624306687455041, 0.027082465434042836, -0.0065541656736430795], [0.005699156373389479, 0.9991935507911341, -0.0397462913243102, 0.006290668030549586], [-0.026876825760446872, 0.03988563457017628, 0.9988427165434891, 0.007492441825040719], [0.0, 0.0, 0.0, 1.0]], "antennas": [-0.10699036626506134, 0.8162647330636846], "body_yaw": 0.12100764834658437, "check_collision": false}, {"head": [[0.9995999307898359, -0.0045360542677742, 0.027917782444806492, -0.006544697321227734], [0.005751367710860102, 0.9990322203888508, -0.04360670125539808, 0.006353815108490476], [-0.027692961820834798, 0.04374982098938084, 0.9986586268735616, 0.007503922710769273], [0.0, 0.0, 0.0, 1.0]], "antennas": [-0.10699036626506134, 0.8653377372061388], "body_yaw": 0.12100764834658437, "check_collision": false}, {"head": [[0.9995746688220033, -0.004511199471767284, 0.028811985851522733, -0.006528270224870663], [0.0058699569685953384, 0.9988658294082603, -0.04725038037661722, 0.0064176228746128765], [-0.028566152253484516, 0.047399408433799056, 0.9984674611751535, 0.0075082761738782255], [0.0, 0.0, 0.0, 1.0]], "antennas": [-0.10699036626506134, 0.9144107413485929], "body_yaw": 0.12100764834658437, "check_collision": false}, {"head": [[0.9995473723770898, -0.004564393533593359, 0.029735781236173788, -0.006503129644582242], [0.006060366827341571, 0.9987099865787109, -0.05041462745938827, 0.006477834901826622], [-0.029467309479712458, 0.05057201814859022, 0.9982856047506672, 0.0074954817404070395], [0.0, 0.0, 0.0, 1.0]], "antennas": [-0.10699036626506134, 0.963483745491047], "body_yaw": 0.12100764834658437, "check_collision": false}, {"head": [[0.9995186070191847, -0.004602892227114969, 0.030681714514892922, -0.006483685534006443], [0.006234579714770721, 0.9985591113272309, -0.05329944841318991, 0.006535610960158646], [-0.030392173963176703, 0.05346507802777144, 0.9981071090786177, 0.00747729523391677], [0.0, 0.0