{"description": "When you want your interlocutor to go deeper in their reasoning, you need more details to respond. It\u2019s a quick movement.", "time": [0.0, 0.009986162185668945, 0.02002549171447754, 0.030196189880371094, 0.04021310806274414, 0.050276994705200195, 0.06040763854980469, 0.07039451599121094, 0.08045840263366699, 0.09052896499633789, 0.10057258605957031, 0.11061596870422363, 0.12066912651062012, 0.1307086944580078, 0.14080214500427246, 0.15107154846191406, 0.16104483604431152, 0.1710066795349121, 0.18106365203857422, 0.19133210182189941, 0.20120596885681152, 0.21122169494628906, 0.2213430404663086, 0.2314131259918213, 0.24146437644958496, 0.25154829025268555, 0.2615678310394287, 0.2716379165649414, 0.28162646293640137, 0.2917664051055908, 0.30176830291748047, 0.3118131160736084, 0.32192039489746094, 0.33194899559020996, 0.34205198287963867, 0.3520846366882324, 0.36219120025634766, 0.3722193241119385, 0.3822803497314453, 0.39249324798583984, 0.40244340896606445, 0.41252875328063965, 0.4225301742553711, 0.432636022567749, 0.44264769554138184, 0.45270371437072754, 0.4627854824066162, 0.47275471687316895, 0.4828169345855713, 0.4929378032684326, 0.5029289722442627, 0.5129930973052979, 0.5231578350067139, 0.5331799983978271, 0.543292760848999, 0.5533101558685303, 0.5634691715240479, 0.5735025405883789, 0.5835657119750977, 0.5937535762786865, 0.6036839485168457, 0.6137380599975586, 0.6238675117492676, 0.6337823867797852, 0.643841028213501, 0.6539328098297119, 0.6640219688415527, 0.6740574836730957, 0.6840779781341553, 0.6942334175109863, 0.7042124271392822, 0.7143464088439941, 0.7244038581848145, 0.7344827651977539, 0.7445619106292725, 0.7546548843383789, 0.7647473812103271, 0.774662971496582, 0.7848882675170898, 0.7949182987213135, 0.804844856262207, 0.814892053604126, 0.8251481056213379, 0.8350977897644043, 0.8451759815216064, 0.8552467823028564, 0.8652923107147217, 0.8754093647003174, 0.8859384059906006, 0.8959193229675293, 0.9059474468231201, 0.915879487991333, 0.9259498119354248, 0.9359650611877441, 0.9460346698760986, 0.956134557723999, 0.9661867618560791, 0.9762601852416992, 0.9863343238830566, 0.9964563846588135, 1.0064589977264404, 1.016577959060669, 1.0268099308013916, 1.0368216037750244, 1.0468769073486328, 1.0567522048950195, 1.0669360160827637, 1.07684326171875, 1.086982250213623, 1.0970325469970703, 1.1070468425750732, 1.117079257965088, 1.1271932125091553, 1.137232780456543, 1.1474096775054932, 1.157524585723877, 1.167433500289917, 1.1774792671203613, 1.1875674724578857, 1.1976191997528076, 1.2076606750488281, 1.2177326679229736, 1.227823257446289, 1.2379035949707031, 1.2479844093322754, 1.258026123046875, 1.268021583557129, 1.2780938148498535, 1.2881743907928467, 1.2982614040374756, 1.3082873821258545, 1.3183448314666748, 1.3284964561462402, 1.3384652137756348, 1.3484838008880615, 1.3586325645446777, 1.368664264678955, 1.378650188446045, 1.3887567520141602, 1.3988020420074463, 1.4088404178619385, 1.4188902378082275, 1.4289546012878418, 1.4390015602111816, 1.4491355419158936, 1.4592249393463135, 1.4692537784576416, 1.4792778491973877, 1.4894025325775146, 1.4994032382965088, 1.509465217590332, 1.5194947719573975, 1.5296504497528076, 1.5396666526794434, 1.549680471420288, 1.5598530769348145, 1.5698013305664062, 1.5798661708831787, 1.5901448726654053, 1.5999977588653564, 1.6100609302520752, 1.6200900077819824, 1.6302661895751953, 1.6402604579925537, 1.6502678394317627, 1.6603782176971436, 1.6704177856445312, 1.6805346012115479, 1.6906108856201172, 1.7006416320800781, 1.7105927467346191, 1.7206740379333496, 1.7308213710784912, 1.7407512664794922, 1.7509708404541016, 1.7609362602233887, 1.770944595336914, 1.7810592651367188, 1.7911443710327148, 1.8011531829833984, 1.8112246990203857, 1.8215126991271973, 1.8337793350219727, 1.84149169921875, 1.8516426086425781, 1.8616807460784912, 1.871809482574463, 1.8817338943481445, 1.8919448852539062, 1.901872158050537, 1.911940574645996, 1.9220330715179443, 1.9320385456085205, 1.9420571327209473, 1.9521286487579346, 1.962780475616455, 1.972790002822876, 1.982834815979004, 1.9930706024169922, 2.0029728412628174, 2.013044595718384, 2.023138999938965, 2.0331528186798096, 2.0431621074676514, 2.053295850753784, 2.063333749771118, 2.0733416080474854, 2.0833945274353027, 2.093585252761841, 2.103532314300537, 2.113553047180176, 2.123710870742798, 2.133702278137207, 2.1437809467315674, 2.1538288593292236], "set_target_data": [{"head": [[0.9921797838250097, -0.11062724029282905, -0.05780043489585163, -0.008388189743185458], [0.11089228904293144, 0.9938314607192376, 0.0013884939630717866, -0.000545700431036206], [0.057290285387453524, -0.007787258173400816, 0.998327191761481, 0.0063124417501678725], [0.0, 0.0, 0.0, 1.0]], "antennas": [-0.21707585834901275, 0.2915202655644337], "body_yaw": 0.12100764834658437, "check_collision": false}, {"head": [[0.9921008900478954, -0.11070592889644067, -0.05899170512326513, -0.008480564412613086], [0.11097638575665468, 0.9938221692395826, 0.0013182307541298455, -0.0005327448006221462], [0.05848132839260934, -0.007854504128663021, 0.99825760252268, 0.006278707009463867], [0.0, 0.0, 0.0, 1.0]], "antennas": [-0.21707585834901275, 0.2915202655644337], "body_yaw": 0.12100764834658437, "check_collision": false}, {"head": [[0.9920379363188372, -0.11074355798516987, -0.059971637205003134, -0.008561494891707476], [0.11102722806978309, 0.9938163669132317, 0.0014083616459135847, -0.0005202875326208701], [0.05944482762531628, -0.008055632822480884, 0.9981990879821652, 0.006302686067187089], [0.0, 0.0, 0.0, 1.0]], "antennas": [-0.21707585834901275, 0.2915202655644337], "body_yaw": 0.12100764834658437, "check_collision": false}, {"head": [[0.9920047665835412, -0.11059610926264364, -0.06078687104547463, -0.008618640053489385], [0.11089269273098525, 0.9938312278544852, 0.0015169838883542404, -0.0005032806241642841], [0.06024411817269021, -0.008245675061001684, 0.9981496155729276, 0.0062418494835144705], [0.0, 0.0, 0.0, 1.0]], "antennas": [-0.21707585834901275, 0.2915202655644337], "body_yaw": 0.12100764834658437, "check_collision": false}, {"head": [[0.9920096389311897, -0.11040087428259075, -0.0610616346427974, -0.00864514575687951], [0.11070986729350767, 0.9938513313788341, 0.0016900888653907675, -0.0005019172107978659], [0.06049959959755773, -0.00843670991314667, 0.9981325665333121, 0.0062364178071684356], [0.0, 0.0, 0.0, 1.0]], "antennas": [-0.21707585834901275, 0.2915202655644337], "body_yaw": 0.12100764834658437, "check_collision": false}, {"head": [[0.9920095590083874, -0.11032517594037848, -0.06119959468582929, -0.008655979723428086], [0.11063499224708236, 0.9938596749429094, 0.001686716592333307, -0.0004965051034952601], [0.060637721976285364, -0.008444055666523998, 0.9981241228411564, 0.006219528466838152], [0.0, 0.0, 0.0, 1.0]], "antennas": [-0.21707585834901275, 0.2915202655644337], "body_yaw": 0.12100764834658437, "check_collision": false}, {"head": [[0.9920007604256421, -0.11043346499991956, -0.06114688154811841, -0.008626756541061953], [0.11072850450155867, 0.9938496382480534, 0.0014473579592375807, -0.0005095139649494858], [0.06061096935206023, -0.00820648294492889, 0.9981277293171844, 0.006160046893175395], [0.0, 0.0, 0.0, 1.0]], "antennas": [-0.21707585834901275, 0.2915202655644337], "body_yaw": 0.12100764834658437, "check_collision": false}, {"head": [[0.9919937739236253, -0.11048486357019432, -0.061167372173732325, -0.008630675702542827], [0.11077756783735132, 0.9938442320996139, 0.0014045591375111115, -0.0004960285503851736], [0.06063565750287008, -0.008169286639926703, 0.9981265349618706, 0.00614225601880458], [0.0, 0.0, 0.0, 1.0]], "antennas": [-0.21707585834901275, 0.2915202655644337], "body_yaw": 0.12100764834658437, "check_collision": false}, {"head": [[0.991984221954695, -0.11052176529500712, -0.06125555312797653, -0.008637784101428507], [0.11081554532942858, 0.9938399916625332, 0.0014092145180660278, -0.0004801303391325589], [0.06072246953377602, -0.00818598609160349, 0.9981211205687556, 0.006122206991698185], [0.0, 0.0, 0.0, 1.0]], "antennas": [-0.21707585834901275, 0.2915202655644337], "body_yaw": 0.12100764834658437, "check_collision": false}, {"head": [[0.9919720897033115, -0.11057619730287645, -0.061353710887609436, -0.008681379198252627], [0.11086563167257345, 0.9938345241692527, 0.0013229826590180948, -0.0004868678877404972], [0.06082914567447337, -0.008114379785918693, 0.9981152097214046, 0.0061636035355178125], [0.0, 0.0, 0.0, 1.0]], "antennas": [-0.21707585834901275, 0.2915202655644337], "body_yaw": 0.12100764834658437, "check_collision": false}, {"head": [[0.9919605720638744, -0.1107024580988466, -0.06131222750466371, -0.008691678578047356], [0.11099121804037715, 0.9938205190361276, 0.0013135679179445874, -0.00046661314032786635], [0.060787934564549784, -0.008108126394840404, 0.9981177712563488, 0.006151491340586344], [0.0, 0.0, 0.0, 1.0]], "antennas": [-0.21707585834901275, 0.2915202655644337], "body_yaw": 0.12100764834658437, "check_collision": false}, {"head": [[0.9919744184164155, -0.11077168813068103, -0.06096217118913627, -0.00870812227739698], [0.11104792415169296, 0.9938143852876259, 0.0011515802093509447, -0.00028157206196114575], [0.060457520202322784, -0.00791206067076448, 0.9981394128812509, 0.00609244426557176], [0.0, 0.0, 0.0, 1.0]], "antennas": [-0.21707585834901275, 0.2915202655644337], "body_yaw": 0.12100764834658437, "check_collision": false}, {"head": [[0.9919997783711143, -0.11085678242514982, -0.06039216424341138, -0.00869410899201049], [0.11112410917431945, 0.9938059545627344, 0.001075656016750963, -0.00025404479812565555], [0.059898848669019615, -0.007778075982878788, 0.9981741478630523, 0.006065811799485952], [0.0, 0.0, 0.0, 1.0]], "antennas": [-0.21707585834901275, 0.2915202655644337], "body_yaw": 0.12100764834658437, "check_collision": false}, {"head": [[0.9920566710484464, -0.11082804639867694, -0.059503828109855536, -0.008601351325782578], [0.11108139534652955, 0.9938108514377185, 0.0009566464890513452, -0.00037746400262278967], [0.05902952681618347, -0.007558815786201264, 0.9982276189666202, 0.006169783148973982], [0.0, 0.0, 0.0, 1.0]], "antennas": [-0.21707585834901275, 0.2915202655644337], "body_yaw": 0.12100764834658437, "check_collision": false}, {"head": [[0.9921208147217507, -0.11073481434760722, -0.05860110824251079, -0.008562665822290419], [0.11097532615043611, 0.9938227933897127, 0.0008557598218946116, -0.0003635395207276476], [0.05814435468430135, -0.007352294231693867, 0.9982811116052817, 0.006144951423606824], [0.0, 0.0, 0.0, 1.0]], "antennas": [-0.21707585834901275, 0.2915202655644337], "body_yaw": 0.12100764834658437, "check_collision": false}, {"head": [[0.9921670453986506, -0.11061907294998732, -0.05803425475180093, -0.008527827446736557], [0.11085189379380275, 0.993836616781133, 0.000797989572875411, -0.0002845865279085965], [0.057588294533169, -0.007224946000927858, 0.9983142734069489, 0.006183693018879664], [0.0, 0.0, 0.0, 1.0]], "antennas": [-0.21707585834901275, 0.2915202655644337], "body_yaw": 0.12100764834658437, "check_collision": false}, {"head": [[0.9922096577819839, -0.110496847711344, -0.05753643758536165, -0.008509984381800029], [0.11072692399041408, 0.9938505329299986, 0.0008163935194400972, -0.0002598686448746965], [0.05709241024671518, -0.007180866285732631, 0.9983430732226307, 0.006177030754806799], [0.0, 0.0, 0.0, 1.0]], "antennas": [-0.21707585834901275, 0.2915202655644337], "body_yaw": 0.12100764834658437, "check_collision": false}, {"head": [[0.9922422631387193, -0.11038848076624541, -0.05718106815610186, -0.008541451910243839], [0.11060638814270371, 0.9938640772036057, 0.000650343179353377, -0.00031845516809130047], [0.05675841914093515, -0.006969889406986622, 0.9983636123668953, 0.00608461773943547], [0.0, 0.0, 0.0, 1.0]], "antennas": [-0.21707585834901275, 0.2915202655644337], "body_yaw": 0.12100764834658437, "check_collision": false}, {"head": [[0.9922701950855594, -0.11025902597374032, -0.05694565072231455, -0.00853831674293458], [0.11048164479406822, 0.9938778692316137, 0.000766299696216595, -0.00030377662448127915], [0.056512530543792884, -0.007051825504728677, 0.9983769857366442, 0.006061357689258194], [0.0, 0.0, 0.0, 1.0]], "antennas": [-0.21707585834901275, 0.2915202655644337], "body_yaw": 0.12100764834658437, "check_collision": false}, {"head": [[0.9923128127953359, -0.11013174346958375, -0.05644714910921663, -0.008524461926725608], [0.11035940325364187, 0.993891317656045, 0.0009223889800572906, -0.0002862833775606377], [0.056000747099555735, -0.007144772094354563, 0.9984051625247193, 0.006028418447498794], [0.0, 0.0, 0.0, 1.0]], "antennas": [-0.21707585834901275, 0.2915202655644337], "body_yaw": 0.12100764834658437, "check_collision": false}, {"head": [[0.9923829659897836, -0.10996378786113495, -0.05553390111050903, -0.008440537400850741], [0.11018578943199614, 0.993910561293244, 0.0009423147016830798, -0.0002244871236978022], [0.05509211032959521, -0.007054183792651875, 0.9984563575191715, 0.005929415840742356], [0.0, 0.0, 0.0, 1.0]], "antennas": [-0.21707585834901275, 0.2915202655644337], "body_yaw": 0.12100764834658437, "check_collision": false}, {"head": [[0.9924432184088782, -0.1098405034610532, -0.05469480810506933, -0.008407485964169478], [0.11006123489874042, 0.9939242737087556, 0.001030875883535818, -0.00020581514023372592], [0.05424926549541736, -0.007042863902229949, 0.9985025865070469, 0.005882555140499511], [0.0, 0.0, 0.0, 1.0]], "antennas": [-0.21707585834901275, 0.2915202655644337], "body_yaw": 0.12100764834658437, "check_collision": false}, {"head": [[0.9924938114519702, -0.10974708111530043, -0.05395935893070604, -0.00837369448321122], [0.10995993927282682, 0.9939355339771138, 0.000982879822894836, -0.00018872066503201152], [0.05352425604020421, -0.006908869972845233, 0.9985426488293032, 0.005830961339057137], [0.0, 0.0, 0.0, 1.0]], "antennas": [-0.21707585834901275, 0.2915202655644337], "body_yaw": 0.12100764834658437, "check_collision": false}, {"head": [[0.9925379147755968, -0.10966443102988695, -0.0533122903259816, -0.008341606949919], [0.10987150141997708, 0.9939453362874817, 0.0009600250441091141, -0.00017423211333683674], [0.05288422173607696, -0.006810362637665726, 0.9985774271693274, 0.005787772203951434], [0.0, 0.0, 0.0, 1.0]], "antennas": [-0.21707585834901275, 0.2915202655644337], "body_yaw": 0.12100764834658437, "check_collision": false}, {"head": [[0.9925872690199111, -0.1095464204962482, -0.05263169326607309, -0.008315307817963823], [0.10974662966324657, 0.993959169321385, 0.0009203257579914284, -0.00016052889077850614], [0.05221293572624547, -0.006689654580154702, 0.9986135678351489, 0.005752490023877453], [0.0, 0.0, 0.0, 1.0]], "antennas": [-0.21707585834901275, 0.2915202655644337], "body_yaw": 0.12100764834658437, "check_collision": false}, {"head": [[0.9926486327841176, -0.10926039735510781, -0.05206589480290182, -0.008345608526496018], [0.10945466750205998, 0.9939913936907128, 0.0008860196435687361, -0.000518989817746954], [0.05165624448056965, -0.006578361391657227, 0.9986432584099115, 0.006147133816946869], [0.0, 0.0, 0.0, 1.0]], "antennas": [-0.21707585834901275, 0.2915202655644337], "body_yaw": 0.12100764834658437, "check_collision": false}, {"head": [[0.9927167216972314, -0.10902017744553993, -0.05126510872361821, -0.008316892339072152], [0.10920947761415256, 0.9940183520673512, 0.0008976372044964928, -0.0005196605563186469], [0.050860598324688644, -0.006489735206460307, 0.998684676399415, 0.006118865439041497], [0.0, 0.0, 0.0, 1.0]], "antennas": [-0.21707585834901275, 0.2915202655644337], "body_yaw": 0.12100764834658437, "check_collision": false}, {"head": [[0.9928129474588319, -0.10861950620031433, -0.05024195687776302, -0.008327293327505803], [0.10880117423666139, 0.9940631356266367, 0.0008870585452864111, -0.0005838467077257446], [0.04984732533276759, -0.006347067113162666, 0.9987366814612502, 0.006106434809539206], [0.0, 0.0, 0.0, 1.0]], "antennas": [-0.21707585834901275, 0.2915202655644337], "body_yaw": 0.12100764834658437, "check_collision": false}, {"head": [[0.9929021693596704, -0.10816574675649328, -0.04945152484475539, -0.008348041354041142], [0.10835097872815445, 0.994112123929206, 0.001072597601558774, -0.0005755951841091476], [0.049044342074415825, -0.006423105601966576, 0.9987759489619854, 0.006100631325471893], [0.0, 0.0, 0.0, 1.0]], "antennas": [-0.21707585834901275, 0.2915202655644337], "body_yaw": 0.12100764834658437, "check_collision": false}, {"head": [[0.9929202412686728, -0.10812194999060587, -0.049183720977467926, -0.008300489580754558], [0.10830839055629607, 0.9941166970514425, 0.001133657194874587, -0.00028269524703065105], [0.048771785020289435, -0.00645264083609033, 0.9987891050728253, 0.005956341713524658], [0.0, 0.0, 0.0, 1.0]], "antennas": [-0.21707585834901275, 0.2915202655644337], "body_yaw": 0.12100764834658437, "check_collision": false}, {"head": [[0.9929653199685964, -0.10778969988603156, -0.0490025911370239, -0.008376933702560535], [0.10797966925061302, 0.9941523310655308, 0.0012384124916211946, -0.0002608497609962765], [0.04858255209631646, -0.006520984239394607, 0.9987978836563273, 0.0059753018728914125], [0.0, 0.0, 0.0, 1.0]], "antennas": [-0.21707585834901275, 0.2915202655644337], "body_yaw": 0.12100764834658437, "check_collision": false}, {"head": [[0.9930069444984179, -0.10740036421987036, -0.04901397702038818, -0.008428091259201105], [0.10760688829023839, 0.9941922548221651, 0.0015868346199521479, -0.0002382071239119929], [0.04855888971556195, -0.006849979347276212, 0.9987968321998892, 0.006008656001447286], [0.0, 0.0, 0.0, 1.0]], "antennas": [-0.21707585834901275, 0.2915202655644337], "body_yaw": 0.12100764834658437, "check_collision": false}, {"head": [[0.9930473899782175, -0.10689443858307421, -0.049299698350595604, -0.008550525745872735], [0.10712346185269139, 0.9942436753809613, 0.0020193775409782433, -0.00020622992543683832], [0.048800053054738744, -0.007286491952058295, 0.9987819891532324, 0.006046055650528846], [0.0, 0.0, 0.0, 1.0]], "antennas": [-0.21707585834901275, 0.2915202655644337], "body_yaw": 0.12100764834658437, "check_collision": false}, {"head": [[0.9931035758006692, -0.1062698631366977, -0.04951771320277239, -0.008699939013358055], [0.10652063397849215, 0.9943074843372431, 0.0024456344295602324, -0.00014940387446961195], [0.048975935608669946, -0.0077034265006219625, 0.9987702513348127, 0.006036402609993939], [0.0, 0.0, 0.0, 1.0]], "antennas": [-0.21707585834901275, 0.2915202655644337], "body_yaw": 0.12100764834658437, "check_collision": false}, {"head": [[0.9931877906762303, -0.10533055847460368, -0.04983458541110232, -0.00883984252309293], [0.10562207577407659, 0.9944010477715708, 0.0032455045797548576, -0.00011043066437406565], [0.04921371313814453, -0.008487027879657456, 0.9987522119109055, 0.006076633729540258], [0.0, 0.0, 0.0, 1.0]], "antennas": [-0.21707585834901275, 0.2915202655644337], "body_yaw": 0.12100764834658437, "check_collision": false}, {"head": [[0.9932549109858552, -0.10458074183899077, -0.05007544546868032, -0.008928593150199582], [0.10490474491732135, 0.9944747089150835, 0.0038791522387059264, -5.1853885055561533e-05], [0.04939307943742876, -0.009106138845069582, 0.9987379045270194, 0.006042579415375558], [0.0, 0.0, 0.0, 1.0]], "antennas": [-0.21707585834901275, 0.2915202655644337], "body_yaw": 0.12100764834658437, "check_collision": false}, {"head": [[0.9933752584744765, -0.10353541926965253, -0.049859931883469516, -0.009083471539857394], [0.10388340386309823, 0.9945796069051216, 0.004432147365587079, -2.8610160705171486e-07], [0.04913078721721631, -0.009582404975324066, 0.9987463858569429, 0.006079403419109728], [0.0, 0.0, 0.0, 1.0]], "antennas": [-0.21707585834901275, 0.2915202655644337], "body_yaw": 0.12100764834658437, "check_collision": false}, {"head": [[0.9935451882393571, -0.10201813844681895, -0.04960099146454706, -0.009238868305452935], [0.10238605883751464, 0.994732533664959, 0.004927618513277121, -6.121652761313786e-05], [0.048837013444122286, -0.009974261693833836, 0.9987569575334739, 0.006163996826500593], [0.0, 0.0, 0.0, 1.0]], "antennas": [-0.21707585834901275, 0.2915202655644337], "body_yaw": 0.12100764834658437, "check_collision": false}, {"head": [[0.9937393797345395, -0.10024309212373245, -0.049329176420101435, -0.009420653987854103], [0.10065117380585914, 0.9949045598188839, 0.005853038791547192, -9.786080717149887e-06], [0.04849109584568425, -0.010781434647833823, 0.9987654250576654, 0.006218653320404053], [0.0, 0.0, 0.0, 1.0]], "antennas": [-0.21707585834901275, 0.2915202655644337], "body_yaw": 0.12100764834658437, "check_collision": false}, {"head": [[0.993905757552297, -0.09858411023864273, -0.049320566834224006, -0.009608547130371079], [0.09902645977551032, 0.9950629044161827, 0.006601251332856935, 4.242903892540768e-05], [0.048426287992404046, -0.011445062834490937, 0.9987611852530067, 0.006268658240256906], [0.0, 0.0, 0.0, 1.0]], "antennas": [-0.21707585834901275, 0.2915202655644337], "body_yaw": 0.12100764834658437, "check_collision": false}, {"head": [[0.9940538093157596, -0.09719794577419709, -0.04908750881949037, -0.00977509265147763], [0.09767127074761207, 0.9951917228544974, 0.007331959659166519, 8.961842683134465e-05], [0.048138831055333696, -0.012082801793178197, 0.9987675699808503, 0.0063169923611162675], [0.0, 0.0, 0.0, 1.0]], "antennas": [-0.21707585834901275, 0.2915202655644337], "body_yaw": 0.12100764834658437, "check_collision": false}, {"head": [[0.9941780746068141, -0.09600874610030231, -0.048910905157606294, -0.00994496593812864], [0.09649891524528532, 0.9953028748943052, 0.007755422852087197, 2.4687361085133815e-06], [0.04793657609354171, -0.01243012065022377, 0.998773035665786, 0.006426812180286399], [0.0, 0.0, 0.0, 1.0]], "antennas": [-0.21707585834901275, 0.2915202655644337], "body_yaw": 0.12100764834658437, "check_collision": false}, {"head": [[0.994267911882717, -0.09517619395325592, -0.04871151306368799, -0.010063098300362535], [0.09568658033893042, 0.9953773231335574, 0.00825002633419751, 4.467615901426964e-05], [0.04770112937261601, -0.012863774564479423, 0.9987788171364724, 0.0064374951952482756], [0.0, 0.0, 0.0, 1.0]], "antennas": [-0.21707585834901275, 0.2915202655644337], "body_yaw": 0.12100764834658437, "check_collision": false}, {"head": [[0.9943785219201051, -0.09437208910047619, -0.048013164265632506, -0.010170602652088849], [0.09488569437710538, 0.995451647360241, 0.0085277646752703, 4.3581586896609004e-05], [0.04699000049543924, -0.013035588463664332, 0.998810298949127, 0.006616520564297066], [0.0, 0.0, 0.0, 1.0]], "antennas": [-0.21707585834901275, 0.2915202655644337], "body_yaw": 0.12100764834658437, "check_collision": false}, {"head": [[0.9944754446506947, -0.09381602466738222, -0.04708655330783985, -0.010274260708250287], [0.0943180461485613, 0.9955053952645833, 0.008550682418583032, 9.79262230136487e-05], [0.04607272682966324, -0.01294455540815277, 0.9988542147519648, 0.006630202873641465], [0.0, 0.0, 0.0, 1.0]], "antennas": [-0.21707585834901275, 0.2915202655644337], "body_yaw": 0.12100764834658437, "check_collision": false}, {"head": [[0.9945431206171134, -0.09347996574800428, -0.04631929659360575, -0.010366713546831285], [0.09396659359454383, 0.9955395958201673, 0.008437561404599878, 0.00014813225735417794], [0.04532395085837403, -0.012743985168325766, 0.9988910502755631, 0.006642896232237459], [0.0, 0.0, 0.0, 1.0]], "antennas": [-0.21707585834901275, 0.2915202655644337], "body_yaw": 0.12100764834658437, "check_collision": false}, {"head": [[0.9945874552459055, -0.0933467818176647, -0.0456308250172946, -0.010432023123413223], [0.09381958632792137, 0.9955543882254676, 0.008327382918574357, 0.00017703269355505294], [0.04465063368790378, -0.012563375712767437, 0.9989236619992382, 0.00665318701464934], [0.0, 0.0, 0.0, 1.0]], "antennas": [-0.21707585834901275, 0.2915202655644337], "body_yaw": 0.12100764834658437, "check_collision": false}, {"head": [[0.9946427731491998, -0.09303862087415479, -0.04505073637472345, -0.010514858969474614], [0.09349560061291903, 0.9955864123711815, 0.008140526267341342, 0.00041683684095628016], [0.04409451766488754, -0.012308961276851344, 0.9989515318493615, 0.0066182717575130594], [0.0, 0.0, 0.0, 1.0]], "antennas": [-0.21707585834901275, 0.2915202655644337], "body_yaw": 0.12100764834658437, "check_collision": false}, {"head": [[0.9946835285970752, -0.09298691292319915, -0.04425055889686616, -0.010540771113830314], [0.09342376535965168, 0.9955950593382651, 0.007904295494305331, 0.00044043048211296404], [0.04332064177382865, -0.01199632636476386, 0.9989891942108553, 0.006627149830635502], [0.0, 0.0, 0.0, 1.0]], "antennas": [-0.21707585834901275, 0.2915202655644337], "body_yaw": 0.12100764834658437, "check_collision": false}, {"head": [[0.9947532143052035, -0.09276878791812412, -0.04312765490573445, -0.010566896013056944], [0.09318204146350276, 0.9956195580550897, 0.007668296217679409, 0.0005559882740231244], [0.04222735817168849, -0.011646785238430811, 0.999040140642732, 0.006575692760790506], [0.0, 0.0, 0.0, 1.0]], "antennas": [-0.21707585834901275, 0.2915202655644337], "body_yaw": 0.12100764834658437, "check_collision": false}, {"head": [[0.9948033317741489, -0.09257161021423145, -0.04238900887490178, -0.010612874878471887], [0.09296771761498086, 0.9956411283861354, 0.0074663878444604604, 0.0005923835805623028], [0.041513065082131456, -0.011368396911048061, 0.9990732830874616, 0.006598142798963756], [0.0, 0.0, 0.0, 1.0]], "antennas": [-0.21707585834901275, 0.2915202655644337], "body_yaw": 0.12100764834658437, "check_collision": false}, {"head": [[0.9948523633627334, -0.09228716513079781, -0.041855158149318845, -0.010648343947110478], [0.09267119162985445, 0.995669818570287, 0.007325478149193919, 0.0006535693545428023], [0.04099787010914626, -0.011166536631041024, 0.9990968336984063, 0.006535495743887119], [0.0, 0.0, 0.0, 1.0]], "antennas": [-0.21707585834901275, 0.2915202655644337], "body_yaw": 0.12100764834658437, "check_collision": false}, {"head": [[0.9949095199902619, -0.09184579881260273, -0.04146560349520657, -0.01071908241754526], [0.09222636290351803, 0.9957108948919731, 0.007356070895177309, 0.0006978779083873809], [0.04061212895595815, -0.011142846759297498, 0.9991128524585016, 0.0065641578039231634], [0.0, 0.0, 0.0, 1.0]], "antennas": [-0.21707585834901275, 0.2915202655644337], "body_yaw": 0.12100764834658437, "check_collision": false}, {"head": [[0.9949810443994745, -0.09130799475110361, -0.040933743785095636, -0.010753208082850177], [0.09167940301138254, 0.9957619198383322, 0.0072860183472157536, 0.0008280636755279946], [0.0400949915726132, -0.01100223133786492, 0.999135297422917, 0.006440083598060696], [0.0, 0.0, 0.0, 1.0]], "antennas": [-0.21707585834901275, 0.2915202655644337], "body_yaw": 0.12100764834658437, "check_collision": false}, {"head": [[0.9950328756030012, -0.0907882871639213, -0.04082968752101177, -0.010824520718298064], [0.0911684426570508, 0.9958069153307446, 0.00754337079527679, 0.0008691800433800229], [0.039973635470271406, -0.011228280959628629, 0.9991376452591411, 0.0064461311385814995], [0.0, 0.0, 0.0, 1.0]], "antennas": [-0.21707585834901275, 0.2915202655644337], "body_yaw": 0.12100764834658437, "check_collision": false}, {"head": [[0.9950777549283986, -0.09050621399921872, -0.04035947068762913, -0.010929479489543035], [0.09088485821219795, 0.9958320696156615, 0.007644061272448425, 0.0007610626667317812], [0.03949942017810698, -0.011274500100487628, 0.9991559845454949, 0.006513726027934095], [0.0, 0.0, 0.0, 1.0]], "antennas": [-0.21707585834901275, 0.2915202655644337], "body_yaw": 0.12100764834658437, "check_collision": false}, {"head": [[0.9951156653707974, -0.09022804921776639, -0.04004636897387612, -0.011039244046712367], [0.09060468580503694, 0.9958572601321459, 0.0076881956443784465, 0.0007968529478773602], [0.03918677638956844, -0.011279032602667148, 0.9991682440809166, 0.006524617866996761], [0.0, 0.0, 0.0, 1.0]], "antennas": [-0.21707585834901275, 0.2915202655644337], "body_yaw": 0.12100764834658437, "check_collision": false}, {"head": [[0.9951382649082832, -0.09006312810332462, -0.039855572653961606, -0.011157141537570501], [0.09043523262703468, 0.9958731073645367, 0.007630381890543197, 0.000801768769935218], [0.03900387692300853, -0.011197632979587445, 0.9991763160727083, 0.006655915120115095], [0.0, 0.0, 0.0, 1.0]], "antennas": [-0.21707585834901275, 0.2915202655644337], "body_yaw": 0.12100764834658437, "check_collision": false}, {"head": [[0.995133081996325, -0.09009638543572054, -0.039909778850718225, -0.011290708913098992], [0.09046562921049556, 0.9958710272561916, 0.007541021366270846, 0.0008544478513364006], [0.03906557369403765, -0.0111147830889992, 0.999174830822334, 0.006681451156481109], [0.0, 0.0, 0.0, 1.0]], "antennas": [-0.21707585834901275, 0.2915202655644337], "body_yaw": 0.12100764834658437, "check_collision": false}, {"head": [[0.9951527373452471, -0.09001312331453526, -0.03960640081380604, -0.011459778443790725], [0.09037481266515779, 0.995880071423965, 0.007434821876556354, 0.0006685650781522302], [0.03877399373290328, -0.010978204396018258, 0.9991876983020959, 0.006701723018711412], [0.0, 0.0, 0.0, 1.0]], "antennas": [-0.21707585834901275, 0.2915202655644337], "body_yaw": 0.12100764834658437, "check_collision": false}, {"head": [[0.9951868046819775, -0.08983535537747384, -0.03915140752359432, -0.011582917764061144], [0.09019503409040977, 0.995895761130544, 0.007515902317365776, 0.0007013356996762904], [0.03831552703937914, -0.011010989347799231, 0.9992050232566274, 0.006698982227662074], [0.0, 0.0, 0.0, 1.0]], "antennas": [-0.21707585834901275, 0.2915202655644337], "body_yaw": 0.12100764834658437, "check_collision": false}, {"head": [[0.9952379239353917, -0.08949763875484398, -0.03862185156202533, -0.011694567277983257], [0.08985513776517812, 0.9959257061835571, 0.007618528728304595, 0.0006758601714931304], [0.03778265445905739, -0.01105262050785205, 0.9992248548759868, 0.006689178637794833], [0.0, 0.0, 0.0, 1.0]], "antennas": [-0.21707585834901275, 0.2915202655644337], "body_yaw": 0.12100764834658437, "check_collision": false}, {"head": [[0.9952827602055137, -0.08921736002650468, -0.038111545594413654, -0.011835842852724857], [0.08957001648310983, 0.9959511876651074, 0.007644863352453457, 0.000702011590442943], [0.03727518457243989, -0.011022452465912276, 0.9992442474974411, 0.006686042395403156], [0.0, 0.0, 0.0, 1.0]], "antennas": [-0.21707585834901275, 0.2915202655644337], "body_yaw": 0.12100764834658437, "check_collision": false}, {"head": [[0.9952949580050346, -0.08907808304003755, -0.038118783974163815, -0.012044687455900165], [0.08942877591114133, 0.9959642796575282, 0.007592607279202536, 0.000879355207455372], [0.03728861232054179, -0.010965799933133307, 0.9992443698230354, 0.006665980476812104], [0.0, 0.0, 0.0, 1.0]], "antennas": [-0.21707585834901275, 0.30322326065867794], "body_yaw": 0.12100764834658437, "check_collision": false}, {"head": [[0.9952759299342544, -0.08909755501134897, -0.03856746017700487, -0.01220239292608082], [0.08945168587312402, 0.9959625266175534, 0.007552580223688453, 0.0009051630868990783], [0.037738828651153924, -0.010966825638212243, 0.9992274563618936, 0.006678084424904694], [0.0, 0.0, 0.0, 1.0]], "antennas": [-0.22549517581918926, 0.3186221907137341], "body_yaw": 0.12100764834658437, "check_collision": false}, {"head": [[0.9952488349926105, -0.08915023804609057, -0.03914066302678484, -0.01232469082014477], [0.08951246858133843, 0.9959567180171462, 0.007598276448575299, 0.0009567974219477095], [0.038305018135041204, -0.01106575315283419, 0.9992048211917486, 0.006754701814695728], [0.0, 0.0, 0.0, 1.0]], "antennas": [-0.23843174713035817, 0.34223430957059464], "body_yaw": 0.12100764834658437, "check_collision": false}, {"head": [[0.9951673852411701, -0.08942382751773728, -0.04056173596297912, -0.012363285716358863], [0.08979759023234898, 0.9959319118845547, 0.00748462947905217, 0.0009376027298990028], [0.03972742303139736, -0.011090805293283662, 0.9991490008488377, 0.006769496810627216], [0.0, 0.0, 0.0, 1.0]], "antennas": [-0.26122414500369234, 0.3732382983490791], "body_yaw": 0.12100764834658437, "check_collision": false}, {"head": [[0.9950265121565558, -0.09016082748669113, -0.042346963202511134, -0.012287226050883962], [0.09054702934850381, 0.9958655112765248, 0.007288273191040505, 0.000963402215597453], [0.04151476341882365, -0.011086416772842951, 0.9990763813550083, 0.0067509452597810365], [0.0, 0.0, 0.0, 1.0]], "antennas": [-0.2889444561581091, 0.4136874542496386], "body_yaw": 0.12100764834658437, "check_collision": false}, {"head": [[0.9947618621126832, -0.09163829564377642, -0.04529084297747829, -0.012100635492023011], [0.09204339098474411, 0.995730833841613, 0.006936909478684451, 0.0008341926878974106], [0.04446180228169222, -0.011069295758527956, 0.9989497579104135, 0.006687346085080035], [0.0, 0.0, 0.0, 1.0]], "antennas": [-0.3261099344346009, 0.46152848007182207], "body_yaw": 0.12100764834658437, "check_collision": false}, {"head": [[0.9944511431313934, -0.09340721766295106, -0.04839437584193653, -0.01181463186566005], [0.0938266313176893, 0.9955675690409854, 0.006463646756788385, 0.0006623947601180004], [0.0475761198527048, -0.010968462166056805, 0.9988073916714235, 0.006599137311177337], [0.0, 0.0, 0.0, 1.0]], "antennas": [-0.3682033259921753, 0.5138867597349979], "body_yaw": 0.12100764834658437, "check_collision": false}, {"head": [[0.9941632184460337, -0.0950688803992596, -0.051003951500398874, -0.011425252531264633], [0.09549113009649508, 0.9954127880726829, 0.005901306148851553, 0.0005578457520377836], [0.050208954997271356, -0.010737286482137542, 0.9986810158990119, 0.006443589614473553], [0.0, 0.0, 0.0, 1.0]], "antennas": [-0.41933122523173455, 0.5662450393981737], "body_yaw": 0.12100764834658437, "check_collision": false}, {"head": [[0.9939676555949355, -0.0959732484121922, -0.053079517898331326, -0.010966771611613356], [0.0964061724846803, 0.9953260359350127, 0.005650849205896421, 0.00037718400269579804], [0.052289095784510346, -0.010733954495215574, 0.998574300031266, 0.006345661559864378], [0.0, 0.0, 0.0, 1.0]], "antennas": [-0.47169110279156445, 0.6186033190613496], "body_yaw": 0.12100764834658437, "check_collision": false}, {"head": [[0.9938677739661989, -0.09628198417385281, -0.05437487834486652, -0.010459526181558394], [0.09671737007510844, 0.9952970896971953, 0.005427113970432159, 0.00021214202181952429], [0.053596624867873845, -0.010652828912523723, 0.9985058432672957, 0.006247250862862928], [0.0, 0.0, 0.0, 1.0]], "antennas": [-0.5240509803513943, 0.6709615987245254], "body_yaw": 0.12100764834658437, "check_collision": false}, {"head": [[0.9938060067382428, -0.0964386650084395, -0.05521960577890491, -0.00987409693001784], [0.09686474650430238, 0.9952845585088814, 0.005086106412399814, 5.362649118216415e-05], [0.05446872364618915, -0.010403436219393963, 0.9984612794992023, 0.006144811434176443], [0.0, 0.0, 0.0, 1.0]], "antennas": [-0.5764108579112242, 0.7233198783877013], "body_yaw": 0.12100764834658437, "check_collision": false}, {"head": [[0.9937607969901245, -0.09654670371760331, -0.05584095599842627, -0.009224595193630808], [0.09694212336480439, 0.995280250632313, 0.004409922766186826, -9.717652686015233e-05], [0.055151637174937096, -0.009795749207998767, 0.9984299375591551, 0.006044089737842538], [0.0, 0.0, 0.0, 1.0]], "antennas": [-0.6287707354710541, 0.7756781580508771], "body_yaw": 0.12100764834658437, "check_collision": false}, {"head": [[0.9937720502159618, -0.0965788135596336, -0.05558457502740591, -0.00851115715147501], [0.0969307389932714, 0.9952843841398243, 0.0036642223770953653, -0.0002336966324748605], [0.054968573274027016, -0.00902925571816666, 0.9984472587439929, 0.0059566803328793255], [0.0, 0.0, 0.0, 1.0]], "antennas": [-0.681130613030884, 0.8280364377140529], "body_yaw": 0.12100764834658437, "check_collision": false}, {"head": [[0.9937993258787732, -0.09665043727278924, -0.0549690172540408, -0.007736739588639994], [0.09694837489120306, 0.9952855476434627, 0.002773311740092859, -0.0003589548554043041], [0.0544418266487372, -0.008085272229901725, 0.9984842091310797, 0.0058773529466885615], [0.0, 0.0, 0.0, 1.0]], "antennas": [-0.7334904905907139, 0.8803947173772287], "body_yaw": 0.12100764834658437, "check_collision": false}, {"head": [[0.9938495737001737, -0.09632393732071409, -0.05463262720222869, -0.0068652409245174625], [0.09657690199444016, 0.9953235100583288, 0.002003079210544465, -0.0004985772947844551], [0.054184193794305495, -0.007267009302495724, 0.998504513619572, 0.0057810533988187345], [0.0, 0.0, 0.0, 1.0]], "antennas": [-0.7858503681505438, 0.9327529970404046], "body_yaw": 0.12100764834658437, "check_collision": false}, {"head": [[0.9938925950850237, -0.09558403198846473, -0.05514709660521481, -0.005887018074378974], [0.09583334289486421, 0.9953956024432733, 0.0018881276938287174, -0.0006559772568384289], [0.05471270259045997, -0.0071615267520950794, 0.9984764557613898, 0.005692549274710744], [0.0, 0.0, 0.0, 1.0]], "antennas": [-0.8382102457103736, 0.9600610508580771], "body_yaw": 0.12100764834658437, "check_collision": false}, {"head": [[0.9939331365566072, -0.09383242488352879, -0.05737940480017545, -0.004803973373578454], [0.09415755046827358, 0.9955528395800136, 0.002983168447614492, -0.0008673626974994623], [0.05684431145295002, -0.008367774175326194, 0.9983479877331307, 0.005602897605541666], [0.0, 0.0, 0.0, 1.0]], "antennas": [-0.8905701232702036, 0.9600610508580771], "body_yaw": 0.12100764834658437, "check_collision": false}, {"head": [[0.9939941474002695, -0.09068318340223648, -0.061255164533672427, -0.0036259384951403476], [0.09119361733265292, 0.9958175277885368, 0.005583503103957151, -0.0011105674062913662], [0.060492636674198644, -0.011136049441457064, 0.9981065220261014, 0.005538832250931656], [0.0, 0.0, 0.0, 1.0]], "antennas": [-0.9429300008300334, 0.9600610508580771], "body_yaw": 0.12100764834658437, "check_collision": false}, {"head": [[0.9939408468698226, -0.08618229915434004, -0.06822172847540432, -0.002454691723111156], [0.08706614318242144, 0.996151491009256, 0.010084328008072435, -0.001395292658990552], [0.06709008596684045, -0.015963028300048417, 0.9976192169823385, 0.005497047089483285], [0.0, 0.0, 0.0, 1.0]], "antennas": [-0.979684819666435, 0.9600610508580771], "body_yaw": 0.12100764834658437, "check_collision": false}, {"head": [[0.9937671099829112, -0.08134754209801665, -0.07622013192604564, -0.0013581194022884973], [0.08273281541899669, 0.9964559679256073, 0.015191617369032967, -0.0016937745490969657], [0.07471420460032092, -0.0214028357946392, 0.9969752786558396, 0.005489663595623083], [0.0, 0.0, 0.0, 1.0]], "antennas": [-0.9885147965767017, 0.9600610508580771], "body_yaw": 0.12100764834658437, "check_collision": false}, {"head": [[0.9932993293150899, -0.07878774746938491, -0.0845513644531742, -0.0011864204829965235], [0.08072048622415359, 0.9965424023673394, 0.019683581677848904, -0.0020296822818815312], [0.0827081947930753, -0.026376715728701938, 0.996224685189761, 0.005637970435740101], [0.0, 0.0, 0.0, 1.0]], "antennas": [-0.9885147965767017, 0.9600610508580771], "body_yaw": 0.12100764834658437, "check_collision": false}, {"head": [[0.9927468422728813, -0.07590485079321399, -0.09323175844787718, -0.0005390868956758315], [0.07850439978011961, 0.9966118380080601, 0.024533722859768146, -0.0023055572833715304], [0.09105364557438958, -0.03167487913562852, 0.9953421199061945, 0.005760219797522613], [0.0, 0.0, 0.0, 1.0]], "antennas": [-0.9885147965767017, 0.9600610508580771], "body_yaw": 0.12100764834658437, "check_collision": false}, {"head": [[0.9920047066876404, -0.07317825695233161, -0.10281830877323171, -0.0002371987769182026], [0.07656436841124185, 0.9966317884649465, 0.02937644823579414, -0.002528238509449068], [0.1003222776822612, -0.03701379378800814, 0.9942662720167383, 0.006001364180826972], [0.0, 0.0, 0.0, 1.0]], "antenna