{"description": "A lighter questioning gesture than inquiring1. As if you're thinking but need more details.", "time": [0.0, 0.01013326644897461, 0.02026987075805664, 0.030191659927368164, 0.04027819633483887, 0.05030536651611328, 0.060332298278808594, 0.0703437328338623, 0.080474853515625, 0.09046411514282227, 0.10051822662353516, 0.11067891120910645, 0.12066864967346191, 0.13108348846435547, 0.1409292221069336, 0.15095877647399902, 0.160963773727417, 0.17105913162231445, 0.18107295036315918, 0.191084623336792, 0.20120477676391602, 0.21135354042053223, 0.22126460075378418, 0.23129892349243164, 0.24143743515014648, 0.2514770030975342, 0.2615025043487549, 0.27155447006225586, 0.2816319465637207, 0.29169511795043945, 0.3017559051513672, 0.3120410442352295, 0.32193589210510254, 0.33196258544921875, 0.34209179878234863, 0.35205531120300293, 0.3622119426727295, 0.3721351623535156, 0.38222813606262207, 0.3922691345214844, 0.4023420810699463, 0.4124114513397217, 0.4224066734313965, 0.4325268268585205, 0.4426147937774658, 0.4526970386505127, 0.46279239654541016, 0.4728405475616455, 0.48284053802490234, 0.4928927421569824, 0.5029458999633789, 0.5130739212036133, 0.5229887962341309, 0.5330548286437988, 0.5431797504425049, 0.5532641410827637, 0.5632591247558594, 0.573467493057251, 0.5835487842559814, 0.5937168598175049, 0.6035740375518799, 0.6136350631713867, 0.6236863136291504, 0.6337594985961914, 0.6438159942626953, 0.6538453102111816, 0.664069652557373, 0.6739697456359863, 0.6840589046478271, 0.6945211887359619, 0.7043852806091309, 0.7145085334777832, 0.7246053218841553, 0.7348072528839111, 0.744720458984375, 0.754732608795166, 0.7647974491119385, 0.7748599052429199, 0.7849643230438232, 0.7949697971343994, 0.8051049709320068, 0.8151071071624756, 0.8251004219055176, 0.835282564163208, 0.8453049659729004, 0.8552455902099609, 0.8653221130371094, 0.8754279613494873, 0.8854653835296631, 0.8955292701721191, 0.9055945873260498, 0.9157352447509766, 0.925816535949707, 0.9358203411102295, 0.9459366798400879, 0.9558937549591064, 0.9660327434539795, 0.9761314392089844, 0.9861364364624023, 0.996253490447998, 1.006211280822754, 1.0163483619689941, 1.0263984203338623, 1.0364046096801758, 1.0464980602264404, 1.0565803050994873, 1.0666096210479736, 1.0766956806182861, 1.0866737365722656, 1.0967705249786377, 1.106872320175171, 1.116886854171753, 1.1269574165344238, 1.136979579925537, 1.1471292972564697, 1.1570615768432617, 1.167180061340332, 1.1773338317871094, 1.1872978210449219, 1.1974050998687744, 1.2074854373931885, 1.2174556255340576, 1.2274694442749023, 1.237541913986206, 1.2476484775543213, 1.2576849460601807, 1.2677218914031982, 1.2778470516204834, 1.287877082824707, 1.2979543209075928, 1.3080542087554932, 1.318112850189209, 1.328099012374878, 1.3382372856140137, 1.3482420444488525, 1.3582725524902344, 1.3683741092681885, 1.3784701824188232, 1.3884656429290771, 1.3985345363616943, 1.4086475372314453, 1.4186632633209229, 1.4286949634552002, 1.4387547969818115, 1.448836088180542, 1.45888090133667, 1.4689807891845703, 1.4790756702423096, 1.4890072345733643, 1.499079942703247, 1.5092620849609375, 1.5203382968902588, 1.5294663906097412, 1.5394883155822754, 1.5493996143341064, 1.5594236850738525, 1.5694961547851562, 1.5797274112701416, 1.5896861553192139, 1.5997283458709717, 1.6099464893341064, 1.6198451519012451, 1.6299505233764648, 1.6404879093170166, 1.6505126953125, 1.6602494716644287, 1.6702775955200195, 1.680356740951538, 1.6902875900268555, 1.7003519535064697, 1.710479497909546, 1.7204923629760742, 1.7305183410644531, 1.7405915260314941, 1.7506256103515625, 1.760713815689087, 1.770751714706421, 1.7808947563171387, 1.7908663749694824, 1.8009190559387207, 1.8110244274139404, 1.8210012912750244, 1.8311550617218018, 1.8411953449249268, 1.85123872756958, 1.861215591430664, 1.8713352680206299, 1.8814051151275635, 1.891408920288086, 1.901688814163208, 1.911877155303955, 1.921614646911621, 1.9317822456359863, 1.941835641860962, 1.9518187046051025, 1.962202548980713, 1.9719324111938477, 1.9823517799377441, 1.9920599460601807, 2.0020835399627686, 2.0122106075286865, 2.022235631942749, 2.0323028564453125, 2.0424041748046875, 2.052428960800171, 2.062472105026245, 2.0726096630096436, 2.0826003551483154, 2.0926079750061035, 2.102694511413574, 2.1128499507904053, 2.122818946838379, 2.1328630447387695, 2.1429879665374756, 2.1530652046203613, 2.163132667541504, 2.1730618476867676, 2.1831891536712646, 2.1932120323181152, 2.2034261226654053, 2.2134361267089844, 2.223422050476074, 2.233452081680298, 2.243558168411255, 2.2535667419433594, 2.263637065887451, 2.273768901824951, 2.2837653160095215, 2.293830633163452, 2.3038790225982666, 2.3140242099761963, 2.3240363597869873, 2.3341383934020996, 2.344205617904663, 2.354248523712158, 2.3644371032714844, 2.374445676803589, 2.3844144344329834, 2.3944497108459473, 2.404562473297119, 2.4146203994750977, 2.4246268272399902, 2.434685230255127, 2.444809675216675, 2.4547886848449707, 2.4649643898010254, 2.4749908447265625, 2.485039234161377, 2.4951324462890625, 2.505098342895508, 2.515317678451538, 2.5251832008361816, 2.5353007316589355, 2.545366048812866, 2.5553629398345947, 2.565446615219116, 2.5756919384002686, 2.5856175422668457, 2.595691442489624], "set_target_data": [{"head": [[0.9925503752135391, 0.06029129325762063, -0.10587120770438865, -0.01010009263746631], [-0.06841853009392808, 0.9948420131591693, -0.074888407602224, 0.0017494724848881014], [0.10081000646388469, 0.08157406947513514, 0.9915558551014748, 0.008650146487005128], [0.0, 0.0, 0.0, 1.0]], "antennas": [-0.09220662642181346, 0.24186083334994418], "body_yaw": 0.12100764834658437, "check_collision": false}, {"head": [[0.9925513568514264, 0.06097836630744863, -0.1054677337144727, -0.010059374824822238], [-0.06903546832945842, 0.9948279008216281, -0.0745087367988819, 0.0018350154616896513], [0.10037882308995584, 0.08123476219764128, 0.9916274528701633, 0.008473848285610819], [0.0, 0.0, 0.0, 1.0]], "antennas": [-0.09220662642181346, 0.24186083334994418], "body_yaw": 0.12100764834658437, "check_collision": false}, {"head": [[0.9925286451125281, 0.0615073386766854, -0.10537426592864214, -0.010023335958180288], [-0.06953305093963671, 0.994811680133095, -0.07426221042895366, 0.0017298899099714203], [0.10025987960353112, 0.08103436530065396, 0.9916558819379862, 0.008477940936427397], [0.0, 0.0, 0.0, 1.0]], "antennas": [-0.09220662642181346, 0.24186083334994418], "body_yaw": 0.12100764834658437, "check_collision": false}, {"head": [[0.9925181108124135, 0.0615893166163928, -0.10542559361029936, -0.009947808862751258], [-0.06960564268397315, 0.9948167631697897, -0.07412598884962056, 0.0016450754159983987], [0.10031377879388918, 0.08090960261371165, 0.9916606183513503, 0.008536372109629764], [0.0, 0.0, 0.0, 1.0]], "antennas": [-0.09220662642181346, 0.24186083334994418], "body_yaw": 0.12100764834658437, "check_collision": false}, {"head": [[0.9925040340068433, 0.061728107882217755, -0.10547693196819675, -0.0099405592668025], [-0.06972824244343451, 0.9948234058173792, -0.07392133280494348, 0.0015722140084666097], [0.10036789668958863, 0.08072194209253689, 0.9916704358701617, 0.00856296698929826], [0.0, 0.0, 0.0, 1.0]], "antennas": [-0.09220662642181346, 0.24186083334994418], "body_yaw": 0.12100764834658437, "check_collision": false}, {"head": [[0.9925048753387543, 0.06209245804273035, -0.10525492426967763, -0.009998609777535167], [-0.07004108081353834, 0.9948265725913903, -0.07358218170548368, 0.0015438584927426461], [0.10014149702932941, 0.08040284273755001, 0.9917192462851802, 0.008504875314083282], [0.0, 0.0, 0.0, 1.0]], "antennas": [-0.09220662642181346, 0.24186083334994418], "body_yaw": 0.12100764834658437, "check_collision": false}, {"head": [[0.9925354483803485, 0.06254699028133343, -0.10469602530739709, -0.009961558883680773], [-0.07042740191364658, 0.9948168387880343, -0.07334465436196116, 0.0014947201609820735], [0.09956588154641148, 0.08017063845653619, 0.991795999165835, 0.008488757110190037], [0.0, 0.0, 0.0, 1.0]], "antennas": [-0.09220662642181346, 0.24186083334994418], "body_yaw": 0.12100764834658437, "check_collision": false}, {"head": [[0.9926106312694745, 0.06309534487016563, -0.10364898526531743, -0.010003302359982978], [-0.07088592108286407, 0.9947889148860763, -0.07328165535805409, 0.0015119873917476745], [0.09848513026365502, 0.08008740397526637, 0.9919106244221065, 0.008308736441470455], [0.0, 0.0, 0.0, 1.0]], "antennas": [-0.09220662642181346, 0.24186083334994418], "body_yaw": 0.12100764834658437, "check_collision": false}, {"head": [[0.992700145095178, 0.06362482159981858, -0.10246123171426345, -0.009944784440612506], [-0.07131086952732332, 0.9947657356235858, -0.0731839539552437, 0.0014587047438973778], [0.09726860652476625, 0.07995632123639392, 0.9920412314410489, 0.008252285865132936], [0.0, 0.0, 0.0, 1.0]], "antennas": [-0.09220662642181346, 0.24186083334994418], "body_yaw": 0.12100764834658437, "check_collision": false}, {"head": [[0.9928065208944319, 0.06390767461919458, -0.10124732684995287, -0.009907983699914965], [-0.07146811534173753, 0.9947758282201548, -0.07289279853596818, 0.0015657132022363239], [0.09605998417131943, 0.07960440134610834, 0.9921872901460357, 0.008078925074199828], [0.0, 0.0, 0.0, 1.0]], "antennas": [-0.09220662642181346, 0.24186083334994418], "body_yaw": 0.12100764834658437, "check_collision": false}, {"head": [[0.9929170631785481, 0.06407365286535129, -0.10005135010272144, -0.009908935460212688], [-0.0715041458500179, 0.9947993686756041, -0.07253532386967415, 0.0015279249415428501], [0.09488341675522781, 0.0791756470836179, 0.9923347994168822, 0.008041952106226935], [0.0, 0.0, 0.0, 1.0]], "antennas": [-0.09220662642181346, 0.24186083334994418], "body_yaw": 0.12100764834658437, "check_collision": false}, {"head": [[0.9930066777141676, 0.06433458652754882, -0.09898888317079078, -0.00990045302301167], [-0.0716082379001504, 0.994847441863631, -0.0717692669756684, 0.0015663064937105717], [0.09386159107913415, 0.0783557808570538, 0.9924970394547153, 0.00807061052362923], [0.0, 0.0, 0.0, 1.0]], "antennas": [-0.09220662642181346, 0.24186083334994418], "body_yaw": 0.12100764834658437, "check_collision": false}, {"head": [[0.9930818636818463, 0.06449056988179541, -0.0981293963219588, -0.00997959291662987], [-0.07162213250360644, 0.994903408283799, -0.07097519511009479, 0.0015659114290641173], [0.09305204007342688, 0.07751241566098585, 0.992639483023203, 0.008078535105257356], [0.0, 0.0, 0.0, 1.0]], "antennas": [-0.09220662642181346, 0.24186083334994418], "body_yaw": 0.12100764834658437, "check_collision": false}, {"head": [[0.9931482952666031, 0.06461950572167646, -0.0973693128728259, -0.010113605811931995], [-0.07160641022475528, 0.9949696644676579, -0.07005632593734935, 0.0015665447637733764], [0.0923525074037738, 0.07654858763819415, 0.9927795969432659, 0.008110855076386536], [0.0, 0.0, 0.0, 1.0]], "antennas": [-0.09220662642181346, 0.24186083334994418], "body_yaw": 0.12100764834658437, "check_collision": false}, {"head": [[0.9932039701846496, 0.06463162014958397, -0.09679166950873952, -0.010209823240147149], [-0.07151055767467827, 0.9950245865108139, -0.06937083234357029, 0.0015820138097951456], [0.09182654164513482, 0.07582101236348084, 0.9928842129541947, 0.00811657466097837], [0.0, 0.0, 0.0, 1.0]], "antennas": [-0.09220662642181346, 0.24186083334994418], "body_yaw": 0.12100764834658437, "check_collision": false}, {"head": [[0.9932827174279669, 0.06453952447485363, -0.09604214199752929, -0.010316508112226496], [-0.07132615579402961, 0.9950642129714852, -0.06899124265502714, 0.0016608243360605765], [0.09111543644498242, 0.07537812576602569, 0.9929834416532038, 0.008053414094901346], [0.0, 0.0, 0.0, 1.0]], "antennas": [-0.09220662642181346, 0.24186083334994418], "body_yaw": 0.12100764834658437, "check_collision": false}, {"head": [[0.993382634624184, 0.06444960529145756, -0.09506413416683701, -0.01038580927884665], [-0.07113671799514733, 0.995096852209168, -0.06871551554259141, 0.0016929407230419859], [0.09016933281329048, 0.07502335037293766, 0.9930966661502925, 0.008027419889448884], [0.0, 0.0, 0.0, 1.0]], "antennas": [-0.09220662642181346, 0.24186083334994418], "body_yaw": 0.12100764834658437, "check_collision": false}, {"head": [[0.9934894195626741, 0.06455061035394277, -0.09387221058414595, -0.010423518262708339], [-0.07110648478126458, 0.9951307078609025, -0.06825497853131851, 0.0018031081055318264], [0.08900921884317699, 0.07448552191662766, 0.9932417963344751, 0.007907656087180914], [0.0, 0.0, 0.0, 1.0]], "antennas": [-0.09220662642181346, 0.24186083334994418], "body_yaw": 0.12100764834658437, "check_collision": false}, {"head": [[0.993582049775978, 0.06473541249948193, -0.09275794699910157, -0.01050890813935458], [-0.07117452578874787, 0.9951516625253165, -0.06787750328235163, 0.001864102376755356], [0.08791414699417315, 0.07404387173575346, 0.9933723409762658, 0.007874076871343338], [0.0, 0.0, 0.0, 1.0]], "antennas": [-0.09220662642181346, 0.24186083334994418], "body_yaw": 0.12100764834658437, "check_collision": false}, {"head": [[0.9936832942971995, 0.06470659988419122, -0.09168733045569857, -0.010646851372841782], [-0.0710424361429873, 0.9951792855709253, -0.06761036782485608, 0.00203821104892943], [0.08687049499994148, 0.07369698434786831, 0.9934899453927529, 0.007811285441235105], [0.0, 0.0, 0.0, 1.0]], "antennas": [-0.09220662642181346, 0.24186083334994418], "body_yaw": 0.12100764834658437, "check_collision": false}, {"head": [[0.9938195166317284, 0.0647828193350945, -0.09014407734773511, -0.010790843051707747], [-0.070966344994491, 0.9952145674808958, -0.06716950611651658, 0.0021263160075268924], [0.08536126896901677, 0.07315156179337788, 0.9936610603053685, 0.007793338777369874], [0.0, 0.0, 0.0, 1.0]], "antennas": [-0.09220662642181346, 0.24186083334994418], "body_yaw": 0.12100764834658437, "check_collision": false}, {"head": [[0.9939836361486402, 0.06476299620256563, -0.0883305461977601, -0.01092373922334947], [-0.07076653910620577, 0.9952658808617141, -0.06661774039613322, 0.0023115156018444004], [0.08359801440021172, 0.07246779088273095, 0.9938610522970095, 0.0076679207077275935], [0.0, 0.0, 0.0, 1.0]], "antennas": [-0.09220662642181346, 0.24186083334994418], "body_yaw": 0.12100764834658437, "check_collision": false}, {"head": [[0.9941423476705917, 0.06480945411277521, -0.08649119738799159, -0.011062526418185465], [-0.07064662755940389, 0.9953005808596885, -0.06622543133003828, 0.0024039046692023616], [0.08179270494663514, 0.07194781718697812, 0.9940490254607879, 0.00762900124656074], [0.0, 0.0, 0.0, 1.0]], "antennas": [-0.09220662642181346, 0.24186083334994418], "body_yaw": 0.12100764834658437, "check_collision": false}, {"head": [[0.9942447157348221, 0.06519168141538713, -0.08501464525372757, -0.0112739654328819], [-0.07095846120870959, 0.9952485409681597, -0.0666726216946745, 0.0025113327667683925], [0.0802642013370502, 0.07232141021152583, 0.9941465040972288, 0.007517334352262428], [0.0, 0.0, 0.0, 1.0]], "antennas": [-0.09220662642181346, 0.24186083334994418], "body_yaw": 0.12100764834658437, "check_collision": false}, {"head": [[0.9943992087719292, 0.06499358925494489, -0.08334294780916177, -0.011398997944868376], [-0.07063366063701626, 0.9952758097236227, -0.0666104238389302, 0.0025952006394282688], [0.07861996933843188, 0.07212417025343593, 0.9942922128260271, 0.007496478783668659], [0.0, 0.0, 0.0, 1.0]], "antennas": [-0.09220662642181346, 0.24186083334994418], "body_yaw": 0.12100764834658437, "check_collision": false}, {"head": [[0.9945232180753325, 0.0647611977203214, -0.08203387092484275, -0.011413743030360152], [-0.07029650211678384, 0.9953079465611475, -0.06648679043521791, 0.002763867846055839], [0.07734319943750274, 0.07188935096424934, 0.9944093476625756, 0.007427654368082792], [0.0, 0.0, 0.0, 1.0]], "antennas": [-0.09220662642181346, 0.24186083334994418], "body_yaw": 0.12100764834658437, "check_collision": false}, {"head": [[0.9946716862510718, 0.06441664547621702, -0.0804905730880382, -0.011495440224428182], [-0.06985596260204739, 0.9953250950422976, -0.06669407520899337, 0.0028504535993532686], [0.07581807871075874, 0.0719614547145406, 0.9945215774310664, 0.007383762659859294], [0.0, 0.0, 0.0, 1.0]], "antennas": [-0.09220662642181346, 0.24186083334994418], "body_yaw": 0.12100764834658437, "check_collision": false}, {"head": [[0.9948402551581769, 0.06438728007161175, -0.07840373002474578, -0.011477475590281231], [-0.06973283569583281, 0.995281736874733, -0.06746551615034684, 0.0031401062669788268], [0.07368987951293841, 0.0725847257251452, 0.9946362446888681, 0.007203540941698727], [0.0, 0.0, 0.0, 1.0]], "antennas": [-0.09220662642181346, 0.24186083334994418], "body_yaw": 0.12100764834658437, "check_collision": false}, {"head": [[0.9950394428136383, 0.06419948066853126, -0.07599298603828547, -0.01154844319888518], [-0.06937415160615318, 0.9953021342553813, -0.06753435152283252, 0.0032145264172520577], [0.07130031089729302, 0.07247129244448394, 0.9948186656056346, 0.007132794564815859], [0.0, 0.0, 0.0, 1.0]], "antennas": [-0.09220662642181346, 0.24186083334994418], "body_yaw": 0.12100764834658437, "check_collision": false}, {"head": [[0.9952709578534199, 0.06392402915127755, -0.07313985883635908, -0.011817614375958567], [-0.06887083948543789, 0.9953570247762974, -0.06723987430868801, 0.003162114617383028], [0.06850202859847997, 0.07195909758705794, 0.9950524410061758, 0.007247114742197747], [0.0, 0.0, 0.0, 1.0]], "antennas": [-0.09220662642181346, 0.24186083334994418], "body_yaw": 0.12100764834658437, "check_collision": false}, {"head": [[0.9955451736214457, 0.06358074183085073, -0.06962252902103122, -0.012038988195782136], [-0.06828236669810338, 0.9953886089471844, -0.06737236507868104, 0.003306140844190395], [0.0650178873630278, 0.07182622394660633, 0.9952957690437655, 0.007081368806493016], [0.0, 0.0, 0.0, 1.0]], "antennas": [-0.09220662642181346, 0.24186083334994418], "body_yaw": 0.12100764834658437, "check_collision": false}, {"head": [[0.9958473737396886, 0.06312868696219376, -0.06559555700041231, -0.012246725392636345], [-0.06755816004302073, 0.995418562316003, -0.06765929949639643, 0.0033064226114954513], [0.06102379230567853, 0.07180985085049837, 0.9955498189912259, 0.007115944135925534], [0.0, 0.0, 0.0, 1.0]], "antennas": [-0.09220662642181346, 0.24186083334994418], "body_yaw": 0.12100764834658437, "check_collision": false}, {"head": [[0.996162244176119, 0.06279299750463381, -0.06097395134302227, -0.012434092610538463], [-0.06692056170781636, 0.9954252032991604, -0.06819313057438689, 0.0034358227256537327], [0.05641295683359041, 0.07201183306379647, 0.9958071470922888, 0.007050408159845922], [0.0, 0.0, 0.0, 1.0]], "antennas": [-0.09220662642181346, 0.24186083334994418], "body_yaw": 0.12100764834658437, "check_collision": false}, {"head": [[0.9963946141668714, 0.0628419699697121, -0.056997014567235736, -0.012397666663826322], [-0.06669601840086699, 0.9954229199325236, -0.06844597579463785, 0.0035292169621120584], [0.052434854712520094, 0.07200067557554402, 0.9960253454244739, 0.007076611416587442], [0.0, 0.0, 0.0, 1.0]], "antennas": [-0.09220662642181346, 0.24186083334994418], "body_yaw": 0.12100764834658437, "check_collision": false}, {"head": [[0.9965943438019977, 0.06272834888486221, -0.0535244630803987, -0.01244660153730025], [-0.06635446604660943, 0.995414498548467, -0.06889891809871788, 0.00361369139607881], [0.04895711120496508, 0.07221585923939063, 0.9961867650881443, 0.007019938494763012], [0.0, 0.0, 0.0, 1.0]], "antennas": [-0.09220662642181346, 0.24186083334994418], "body_yaw": 0.12100764834658437, "check_collision": false}, {"head": [[0.996765968451471, 0.0625429036502642, -0.05045779761339945, -0.012449398669035265], [-0.06597686659563447, 0.9953953734200851, -0.0695349095642696, 0.003582106923460814], [0.04587654314813688, 0.07263907885486341, 0.9963026181898218, 0.007033536755178482], [0.0, 0.0, 0.0, 1.0]], "antennas": [-0.09220662642181346, 0.24186083334994418], "body_yaw": 0.12100764834658437, "check_collision": false}, {"head": [[0.9968889425875739, 0.06262987170717896, -0.04785326860906505, -0.012433089178811004], [-0.06590054343396815, 0.9953580522256212, -0.07013890678307806, 0.003623774619120519], [0.04323834550184248, 0.07307425702366012, 0.9963887787599294, 0.006991061256166331], [0.0, 0.0, 0.0, 1.0]], "antennas": [-0.09220662642181346, 0.24186083334994418], "body_yaw": 0.12100764834658437, "check_collision": false}, {"head": [[0.9969816251921418, 0.06270219366355342, -0.04578290007212451, -0.012421588035172418], [-0.06583582732792762, 0.9953374867084946, -0.07049064755600501, 0.0036597757920488047], [0.04114951845748865, 0.0732920354649525, 0.9964612359084127, 0.006967547993504852], [0.0, 0.0, 0.0, 1.0]], "antennas": [-0.09220662642181346, 0.24186083334994418], "body_yaw": 0.12100764834658437, "check_collision": false}, {"head": [[0.9970453626804753, 0.0628065931907375, -0.044225293771014446, -0.012584974314787192], [-0.06583501675158013, 0.9953210077413538, -0.07072370266081147, 0.003541286342830813], [0.03957644914186326, 0.07342631272581317, 0.9965150682617963, 0.007056017620989841], [0.0, 0.0, 0.0, 1.0]], "antennas": [-0.09220662642181346, 0.24186083334994418], "body_yaw": 0.12100764834658437, "check_collision": false}, {"head": [[0.997096035993347, 0.0627827596519815, -0.043102437249368034, -0.012593126542702842], [-0.06573980556843419, 0.9953067676078621, -0.07101208571654366, 0.0035599072969703487], [0.03844181278476154, 0.07363941501988455, 0.9965437589917217, 0.007066650812188602], [0.0, 0.0, 0.0, 1.0]], "antennas": [-0.09220662642181346, 0.24186083334994418], "body_yaw": 0.12100764834658437, "check_collision": false}, {"head": [[0.9971403061728727, 0.06267000887519007, -0.04223363343419286, -0.012596689933006106], [-0.06557339134743702, 0.9952984304474513, -0.0712822887962819, 0.0035689456995141203], [0.0375678073976383, 0.07384784584823217, 0.9965616666874711, 0.007081401593756587], [0.0, 0.0, 0.0, 1.0]], "antennas": [-0.09220662642181346, 0.24186083334994418], "body_yaw": 0.12100764834658437, "check_collision": false}, {"head": [[0.9971810678123442, 0.06267762947037288, -0.0412484273713203, -0.012510986491068266], [-0.06551643451539453, 0.995286011820242, -0.07150770226588524, 0.0033690374257351573], [0.0365720495053594, 0.07400857679303877, 0.9965867828523746, 0.007053677750248788], [0.0, 0.0, 0.0, 1.0]], "antennas": [-0.09220662642181346, 0.24186083334994418], "body_yaw": 0.12100764834658437, "check_collision": false}, {"head": [[0.9971928126504037, 0.0629273511976228, -0.04057884756406465, -0.012499779670699263], [-0.06571115465205776, 0.995282955086807, -0.0713714471477639, 0.0033423836654260784], [0.035896219197429434, 0.07383757705209286, 0.9966240382724099, 0.007077399380211347], [0.0, 0.0, 0.0, 1.0]], "antennas": [-0.09220662642181346, 0.24186083334994418], "body_yaw": 0.12100764834658437, "check_collision": false}, {"head": [[0.9972142335074196, 0.06308431107345074, -0.03980128373052433, -0.012477621662984655], [-0.06580544311143906, 0.9952866693302997, -0.07123264357235135, 0.003306229219775238], [0.03512002487352135, 0.07365334717300084, 0.9966653241199357, 0.007099681513336398], [0.0, 0.0, 0.0, 1.0]], "antennas": [-0.09220662642181346, 0.24186083334994418], "body_yaw": 0.12100764834658437, "check_collision": false}, {"head": [[0.9972428265175322, 0.06312777899226778, -0.039008056588690575, -0.012439268812530052], [-0.06578847885711249, 0.9952916614168844, -0.07117854145516862, 0.003265533891364278], [0.03433105021682783, 0.0735485705742898, 0.9967005501942338, 0.007113502210003397], [0.0, 0.0, 0.0, 1.0]], "antennas": [-0.09220662642181346, 0.24186083334994418], "body_yaw": 0.12100764834658437, "check_collision": false}, {"head": [[0.9972721258262427, 0.06314896502258624, -0.03821668832569492, -0.012500629708697057], [-0.06575026642795173, 0.9952965157917248, -0.07114596346600745, 0.0031920646221467916], [0.03354414277724934, 0.07346464366910986, 0.9967335334059503, 0.007035249506709529], [0.0, 0.0, 0.0, 1.0]], "antennas": [-0.09220662642181346, 0.24186083334994418], "body_yaw": 0.12100764834658437, "check_collision": false}, {"head": [[0.997315299435477, 0.06297629161544203, -0.037365494862132476, -0.012469167287997409], [-0.0655172846673487, 0.9953076684982072, -0.07120484841976005, 0.0031588819225220736], [0.03270594627499465, 0.07346177048662941, 0.9967616010637786, 0.007032082045253962], [0.0, 0.0, 0.0, 1.0]], "antennas": [-0.09220662642181346, 0.24186083334994418], "body_yaw": 0.12100764834658437, "check_collision": false}, {"head": [[0.9973580814983858, 0.06282101730453775, -0.036474334191070885, -0.012447382991131168], [-0.06530043675977963, 0.9953137837176392, -0.07131847517059063, 0.003134044317715389], [0.03182310840947151, 0.07351184752472963, 0.9967864856852041, 0.007028515548924696], [0.0, 0.0, 0.0, 1.0]], "antennas": [-0.09220662642181346, 0.24186083334994418], "body_yaw": 0.12100764834658437, "check_collision": false}, {"head": [[0.9973969893381647, 0.06276787674736889, -0.0354885799630281, -0.012359467172263832], [-0.06516411323586502, 0.9953476064365937, -0.07097028044982863, 0.003232239433390974], [0.03086881930603263, 0.07309812589643509, 0.9968469190327472, 0.007058441521535674], [0.0, 0.0, 0.0, 1.0]], "antennas": [-0.09220662642181346, 0.24186083334994418], "body_yaw": 0.12100764834658437, "check_collision": false}, {"head": [[0.9974179177868652, 0.06288204388101971, -0.034689275504979744, -0.012373716030752652], [-0.0652142656343908, 0.9953568522799623, -0.07079432305695767, 0.0032420720252455807], [0.030076516345514337, 0.07287376192204766, 0.9968875653692583, 0.00708039094696622], [0.0, 0.0, 0.0, 1.0]], "antennas": [-0.09220662642181346, 0.24186083334994418], "body_yaw": 0.12100764834658437, "check_collision": false}, {"head": [[0.9974335962244044, 0.06293622980637867, -0.03413578914584714, -0.012401030651169029], [-0.0652259028429141, 0.9953610576982684, -0.07072444001977178, 0.003258013533640006], [0.02952630557956369, 0.0727694702161714, 0.9969116317323613, 0.007114303857925552], [0.0, 0.0, 0.0, 1.0]], "antennas": [-0.09220662642181346, 0.24186083334994418], "body_yaw": 0.12100764834658437, "check_collision": false}, {"head": [[0.9974677227267348, 0.06275923681446502, -0.03345773920646177, -0.012415565027329606], [-0.06500179660223362, 0.9953710754025968, -0.07078974989615146, 0.0031643063944020436], [0.028860155176706162, 0.07278530377997831, 0.9969299829962146, 0.007177950760359653], [0.0, 0.0, 0.0, 1.0]], "antennas": [-0.09220662642181346, 0.24186083334994418], "body_yaw": 0.12100764834658437, "check_collision": false}, {"head": [[0.9974926741733536, 0.0626615244299652, -0.03289222288938738, -0.01243089593826325], [-0.0648680782929536, 0.995367313048409, -0.07096509376708014, 0.0031653533662916594], [0.028293062560838224, 0.0729208164443056, 0.9969363355500817, 0.00719384172797799], [0.0, 0.0, 0.0, 1.0]], "antennas": [-0.09220662642181346, 0.24186083334994418], "body_yaw": 0.12100764834658437, "check_collision": false}, {"head": [[0.9975230939164038, 0.0625058648468082, -0.0322597886415519, -0.012436239605963238], [-0.0646743831018442, 0.9953598978649328, -0.071245335936508, 0.0031572007963046795], [0.02765684858838661, 0.07315524985988728, 0.9969370131277583, 0.007186628882085544], [0.0, 0.0, 0.0, 1.0]], "antennas": [-0.09220662642181346, 0.24186083334994418], "body_yaw": 0.12100764834658437, "check_collision": false}, {"head": [[0.9975726109374334, 0.06228876444152042, -0.03112869627562756, -0.01242495001908019], [-0.06438221297138867, 0.9953593655139366, -0.07151688008155707, 0.003138262047413163], [0.026529541277192127, 0.07334741514219736, 0.9969535295747638, 0.007160756033204874], [0.0, 0.0, 0.0, 1.0]], "antennas": [-0.09220662642181346, 0.24186083334994418], "body_yaw": 0.12100764834658437, "check_collision": false}, {"head": [[0.9976275665788209, 0.06218449040756929, -0.029535191801835278, -0.012413009317780771], [-0.06416350435657264, 0.9953671120991698, -0.0716055644488803, 0.0031454265625148435], [0.024945603033487872, 0.07333076642248865, 0.9969956447172605, 0.007047510549602398], [0.0, 0.0, 0.0, 1.0]], "antennas": [-0.09220662642181346, 0.24186083334994418], "body_yaw": 0.12100764834658437, "check_collision": false}, {"head": [[0.9976830309319843, 0.062108521263300534, -0.027768712192960454, -0.012391657069641375], [-0.063958938599438, 0.9953779422520441, -0.07163802238559991, 0.003124163857164834], [0.02319103196502139, 0.07324809666177368, 0.9970440774468423, 0.006987031028046098], [0.0, 0.0, 0.0, 1.0]], "antennas": [-0.09220662642181346, 0.24186083334994418], "body_yaw": 0.12100764834658437, "check_collision": false}, {"head": [[0.9977396544467645, 0.061830127209462966, -0.026317623633462402, -0.012372036793166374], [-0.06357391378278028, 0.9954058895214232, -0.07159240596881664, 0.003191981215792765], [0.021770149994673225, 0.07310369672818098, 0.9970867114217717, 0.006882070343749103], [0.0, 0.0, 0.0, 1.0]], "antennas": [-0.09220662642181346, 0.24186083334994418], "body_yaw": 0.12100764834658437, "check_collision": false}, {"head": [[0.9978061828907678, 0.06141954732612391, -0.024707500707468723, -0.012320581892581003], [-0.06305201166253777, 0.9954199013614142, -0.07185863760842938, 0.00332111524681495], [0.020180812923733873, 0.07325885052255736, 0.9971087581652519, 0.006761208002002639], [0.0, 0.0, 0.0, 1.0]], "antennas": [-0.09220662642181346, 0.24186083334994418], "body_yaw": 0.12100764834658437, "check_collision": false}, {"head": [[0.9978660936060332, 0.06118071096363066, -0.022807451357384042, -0.01225222935541965], [-0.06268357431455283, 0.9954077723573869, -0.07234733057726549, 0.003306036098858016], [0.01827645322776519, 0.0736226007180464, 0.9971186909896553, 0.006685264794195178], [0.0, 0.0, 0.0, 1.0]], "antennas": [-0.09220662642181346, 0.24186083334994418], "body_yaw": 0.12100764834658437, "check_collision": false}, {"head": [[0.997926142067884, 0.06099756617986094, -0.020559958600226413, -0.012200218332452327], [-0.062342377179977614, 0.9953981150651351, -0.0727737626643406, 0.003267881016047736], [0.016026321632206977, 0.07390459691324927, 0.9971365340664393, 0.006650729183921067], [0.0, 0.0, 0.0, 1.0]], "antennas": [-0.09220662642181346, 0.24186083334994418], "body_yaw": 0.12100764834658437, "check_collision": false}, {"head": [[0.9979722735893306, 0.061047042599984884, -0.0180166516516794, -0.012077464324270272], [-0.06221279340288329, 0.995357939188724, -0.07343120066420462, 0.003237989985122401], [0.013450259623980991, 0.07440316850626828, 0.9971375326564913, 0.006549841115557342], [0.0, 0.0, 0.0, 1.0]], "antennas": [-0.09220662642181346, 0.24186083334994418], "body_yaw": 0.12100764834658437, "check_collision": false}, {"head": [[0.9980040395367407, 0.061136765051882626, -0.015818755555930937, -0.012017206955156238], [-0.06214444280290405, 0.9953255733655842, -0.07392612010099897, 0.003210055006061624], [0.01122520810782495, 0.0747616142379339, 0.9971382530719971, 0.006459959819983263], [0.0, 0.0, 0.0, 1.0]], "antennas": [-0.09220662642181346, 0.24186083334994418], "body_yaw": 0.12100764834658437, "check_collision": false}, {"head": [[0.9980165846339918, 0.06138741567813299, -0.013945680043042, -0.011940641905366305], [-0.06225960152705235, 0.9952774618854722, -0.07447493457872628, 0.003188277790939517], [0.009307997270919693, 0.07519547233160392, 0.9971253693130228, 0.006414489362492337], [0.0, 0.0, 0.0, 1.0]], "antennas": [-0.09220662642181346, 0.24186083334994418], "body_yaw": 0.12100764834658437, "check_collision": false}, {"head": [[0.9980132404925974, 0.061602743643685766, -0.01321642073463213, -0.01191608979603315], [-0.062421607561028054, 0.9952489966849357, -0.07471932485726529, 0.0031717755214622353], [0.00855071406149722, 0.07539586575667706, 0.997117018566948, 0.006430818822485751], [0.0, 0.0, 0.0, 1.0]], "antennas": [-0.09220662642181346, 0.24186083334994418], "body_yaw": 0.12100764834658437, "check_collision": false}, {"head": [[0.9980038685862034, 0.06184591517836922, -0.012781277820399927, -0.011835920109998777], [-0.06262867195483333, 0.9952601870350828, -0.07439630066116266, 0.003283994643046089], [0.008119589653803867, 0.07504827032412008, 0.9971468444442934, 0.006448233716406349], [0.0, 0.0, 0.0, 1.0]], "antennas": [-0.09220662642181346, 0.24186083334994418], "body_yaw": 0.12100764834658437, "check_collision": false}, {"head": [[0.9980041878179676, 0.0618858757248902, -0.012561030354333159, -0.011793439055604505], [-0.06265003499347964, 0.9952772758895231, -0.07414929003871998, 0.0034290577276129396], [0.007912914325001253, 0.07478825097362476, 0.9971680416575691, 0.006440552356054674], [0.0, 0.0, 0.0, 1.0]], "antennas": [-0.09220662642181346, 0.24186083334994418], "body_yaw": 0.12100764834658437, "check_collision": false}, {"head": [[0.9980094947844453, 0.061846081536385454, -0.01233330931629654, -0.011756114351838492], [-0.06259266344571193, 0.9952872106704357, -0.07406434201851816, 0.0034073520456339547], [0.007694595692336466, 0.07468889123865047, 0.9971771972536642, 0.0064544824650070165], [0.0, 0.0, 0.0, 1.0]], "antennas": [-0.09220662642181346, 0.24186083334994418], "body_yaw": 0.12100764834658437, "check_collision": false}, {"head": [[0.9980208351060152, 0.061743571784912334, -0.011922417436628726, -0.011703589058226528], [-0.06245956973168631, 0.9952973754179945, -0.07404010153278065, 0.0033855293573881004], [0.007294850459362864, 0.0746382330263333, 0.9971839947208752, 0.0064554828969271005], [0.0, 0.0, 0.0, 1.0]], "antennas": [-0.09220662642181346, 0.24186083334994418], "body_yaw": 0.12100764834658437, "check_collision": false}, {"head": [[0.9980357765700933, 0.06164859920894074, -0.01113727532686079, -0.01161277972752858], [-0.06230688655503379, 0.9952999207732308, -0.07413446969270564, 0.003086110859359224], [0.006514643040801228, 0.0746827819806944, 0.997186061626252, 0.006476119217602272], [0.0, 0.0, 0.0, 1.0]], "antennas": [-0.09220662642181346, 0.24186083334994418], "body_yaw": 0.12100764834658437, "check_collision": false}, {"head": [[0.9980353356802251, 0.06176960483668596, -0.01048735676805172, -0.0115356042770863], [-0.062379303774882516, 0.9952919392586461, -0.07418071250213598, 0.003063147032320149], [0.005855868357610733, 0.07468916631669742, 0.9971896696419871, 0.006444958577534465], [0.0, 0.0, 0.0, 1.0]], "antennas": [-0.09220662642181346, 0.24186083334994418], "body_yaw": 0.12100764834658437, "check_collision": false}, {"head": [[0.9980344413120781, 0.061989260455845685, -0.00919703990559895, -0.011434335335088908], [-0.0625032121740228, 0.9952647820509772, -0.07444032561018048, 0.003041444908092416], [0.004538989184492644, 0.07486885331803826, 0.9971830586106168, 0.006394343881141129], [0.0, 0.0, 0.0, 1.0]], "antennas": [-0.09220662642181346, 0.24186083334994418], "body_yaw": 0.12100764834658437, "check_collision": false}, {"head": [[0.9980294196500472, 0.062290903793394525, -0.007557831540324119, -0.01130496735665927], [-0.06268226999670179, 0.9952301504152542, -0.07475212861511717, 0.0030100435454569795], [0.0028654041687742075, 0.07507856557655125, 0.9971735046870815, 0.006319417548958817], [0.0, 0.0, 0.0, 1.0]], "antennas": [-0.09220662642181346, 0.24186083334994418], "body_yaw": 0.12100764834658437, "check_collision": false}, {"head": [[0.998018782495019, 0.06265344273990565, -0.005749426058035837, -0.01127026083870071], [-0.06290824984719014, 0.9952064036448856, -0.07487834296628053, 0.002891710536154019], [0.0010304796567431628, 0.07509167901338863, 0.997176101726584, 0.006182569107563429], [0.0, 0.0, 0.0, 1.0]], "antennas": [-0.09220662642181346, 0.24186083334994418], "body_yaw": 0.12100764834658437, "check_collision": false}, {"head": [[0.9979668267312672, 0.06362441742448584, -0.003761150265450898, -0.01113126704187668], [-0.06372634617872157, 0.995085127964837, -0.0757927496922601, 0.003050334586790387], [-0.0010796048509787404, 0.07587833426346838, 0.9971164991327577, 0.00584538184903427], [0.0, 0.0, 0.0, 1.0]], "antennas": [-0.09220662642181346, 0.24186083334994418], "body_yaw": 0.12100764834658437, "check_collision": false}, {"head": [[0.9979385078663228, 0.06415904974825715, -0.001533249144160437, -0.010914314861565893], [-0.0640890207757159, 0.9950271515544481, -0.07624673819548794, 0.0029470128808751694], [-0.0033662937404893927, 0.07618782058073384, 0.9970878015809895, 0.005706906403759038], [0.0, 0.0, 0.0, 1.0]], "antennas": [-0.09220662642181346, 0.24186083334994418], "body_yaw": 0.12100764834658437, "check_collision": false}, {"head": [[0.9978914815957318, 0.0649028633942336, 0.0004574733924716172, -0.010713681767204978], [-0.06467752498580928, 0.994966383485583, -0.07654223340960313, 0.0028493851896354266], [-0.0054229807657213795, 0.07635125445498327, 0.9970662351232065, 0.005646733207478105], [0.0, 0.0, 0.0, 1.0]], "antennas": [-0.09220662642181346, 0.24186083334994418], "body_yaw": 0.12100764834658437, "check_collision": false}, {"head": [[0.9978047571170647, 0.06616304292242596, 0.0028492851384872195, -0.010405972410910645], [-0.06574773212866107, 0.9948586749175309, -0.07702890795845566, 0.002707383942415704], [-0.00793110298086051, 0.07667247676043615, 0.9970247885147727, 0.005476434089921378], [0.0, 0.0, 0.0, 1.0]], "antennas": [-0.09220662642181346, 0.24186083334994418], "body_yaw": 0.12100764834658437, "check_collision": false}, {"head": [[0.9976932935619468, 0.06766363022863917, 0.00545207536604104, -0.010012045432843826], [-0.06703740436804262, 0.9947204179359742, -0.07769991349336537, 0.002487040733280336], [-0.010680748902139098, 0.0771551896217157, 0.9969618840845054, 0.005395226813245113], [0.0, 0.0, 0.0, 1.0]], "antennas": [-0.09220662642181346, 0.24186083334994418], "body_yaw": 0.12100764834658437, "check_collision": false}, {"head": [[0.9975153744795133, 0.06993927030481173, 0.008460268685257493, -0.009509411660530877], [-0.0690579444939303, 0.9944884518129107, -0.0788905540165181, 0.0023148136110256816], [-0.013931187288580584, 0.07811029176741308, 0.9968473826723627, 0.005141684879074848], [0.0, 0.0, 0.0, 1.0]], "antennas": [-0.09220662642181346, 0.24186083334994418], "body_yaw": 0.12100764834658437, "check_collision": false}, {"head": [[0.9973099010165161, 0.07242960537057674, 0.011265593650111407, -0.00894451692099663], [-0.07130783375385563, 0.9942634497715036, -0.07972067042995373, 0.00213241477058057], [-0.016975104705403067, 0.07870288885632681, 0.9967535809345806, 0.004941698434588582], [0.0, 0.0, 0.0, 1.0]], "antennas": [-0.09220662642181346, 0.24186083334994418], "body_yaw": 0.12100764834658437, "check_collision": false}, {"head": [[0.9970792335109168, 0.07519491408684341, 0.013368881656853553, -0.008235192637367824], [-0.0738827327275655, 0.9940061259374107, -0.0805801675575797, 0.001900384603785888], [-0.019347969040440362, 0.07935708219417305, 0.9966584718947797, 0.004596647940920406], [0.0, 0.0, 0.0, 1.0]], "antennas": [-0.09220662642181346, 0.24186083334994418], "body_yaw": 0.12100764834658437, "check_collision": false}, {"head": [[0.9969436624804863, 0.07675410731224763, 0.014565055808133021, -0.007576581719849911], [-0.07533078221614664, 0.9938524364254411, -0.08113327222488839, 0.001699425846698627], [-0.02070282808452841, 0.07978810451385807, 0.9965968348772677, 0.004313508324793713], [0.0, 0.0, 0.0, 1.0]], "antennas": [-0.09220662642181346, 0.24186083334994418], "body_yaw": 0.12100764834658437, "check_collision": false}, {"head": [[0.9969457751690962, 0.0766355508422235, 0.015037078160299729, -0.006969197679524054], [-0.0751463186687951, 0.9937557749026786, -0.08247721284151699, 0.0014589538195914733], [-0.02126386989750176, 0.08109532782279122, 0.9964795008640651, 0.004074730816584604], [0.0, 0.0, 0.0, 1.0]], "antennas": [-0.09220662642181346, 0.24186083334994418], "body_yaw": 0.12100764834658437, "check_collision": false}, {"head": [[0.9969921457833142, 0.0761494034276298, 0.014419764353092201, -0.006363648211699713], [-0.07467936664495928, 0.99365