{"description": "Stronger feelings than irritated1. Here you\u2019re scandalized and you growl loudly.", "time": [0.0, 0.00998997688293457, 0.02005171775817871, 0.030152082443237305, 0.04021739959716797, 0.05022287368774414, 0.0603175163269043, 0.07039690017700195, 0.08044910430908203, 0.09048247337341309, 0.10061931610107422, 0.11090826988220215, 0.12092328071594238, 0.13081574440002441, 0.1408078670501709, 0.1508498191833496, 0.1609022617340088, 0.17096281051635742, 0.1809532642364502, 0.1911156177520752, 0.201124906539917, 0.211212158203125, 0.22124886512756348, 0.23139691352844238, 0.2414569854736328, 0.2514677047729492, 0.2617192268371582, 0.27158284187316895, 0.2816133499145508, 0.291736364364624, 0.3017756938934326, 0.31179046630859375, 0.3218543529510498, 0.3321096897125244, 0.3421046733856201, 0.3519902229309082, 0.3621656894683838, 0.37221240997314453, 0.38274216651916504, 0.3928704261779785, 0.40281248092651367, 0.4128739833831787, 0.42288756370544434, 0.4329047203063965, 0.4429786205291748, 0.4532334804534912, 0.4631540775299072, 0.4731905460357666, 0.48329806327819824, 0.49329280853271484, 0.5034396648406982, 0.5134103298187256, 0.523550271987915, 0.5335156917572021, 0.543555736541748, 0.553642749786377, 0.5638258457183838, 0.573763370513916, 0.5838041305541992, 0.5938923358917236, 0.6039509773254395, 0.6139130592346191, 0.624025821685791, 0.6340892314910889, 0.644148588180542, 0.6542129516601562, 0.6643774509429932, 0.6743943691253662, 0.6844408512115479, 0.6945590972900391, 0.7045047283172607, 0.7145521640777588, 0.7246296405792236, 0.7346847057342529, 0.7447097301483154, 0.7547824382781982, 0.764944314956665, 0.7749419212341309, 0.7849512100219727, 0.7950179576873779, 0.8051228523254395, 0.8151285648345947, 0.8252382278442383, 0.8354189395904541, 0.8453991413116455, 0.855381965637207, 0.8655545711517334, 0.8755507469177246, 0.8856706619262695, 0.8957092761993408, 0.9056985378265381, 0.915734052658081, 0.9258322715759277, 0.9358870983123779, 0.945889949798584, 0.9560527801513672, 0.9660608768463135, 0.9761271476745605, 0.9861209392547607, 0.9962441921234131, 1.0062589645385742, 1.0163304805755615, 1.0264225006103516, 1.0364704132080078, 1.0464844703674316, 1.0565872192382812, 1.0666985511779785, 1.0766735076904297, 1.086716651916504, 1.0968329906463623, 1.1068885326385498, 1.116894006729126, 1.127176284790039, 1.137202501296997, 1.147146463394165, 1.1571688652038574, 1.1672677993774414, 1.177297830581665, 1.1873564720153809, 1.1977474689483643, 1.207486629486084, 1.217555046081543, 1.2276644706726074, 1.2378716468811035, 1.2479572296142578, 1.2579083442687988, 1.2679405212402344, 1.277902603149414, 1.287977933883667, 1.2982854843139648, 1.3082733154296875, 1.3182611465454102, 1.328740119934082, 1.3386218547821045, 1.348569393157959, 1.3584933280944824, 1.3684940338134766, 1.3785889148712158, 1.3886194229125977, 1.3987293243408203, 1.4090709686279297, 1.4189739227294922, 1.4290595054626465, 1.4390685558319092, 1.4491169452667236, 1.4591875076293945, 1.4692881107330322, 1.479337215423584, 1.489424705505371, 1.4995081424713135, 1.5094361305236816, 1.5194711685180664, 1.5295963287353516, 1.5396533012390137, 1.549708366394043, 1.5597732067108154, 1.5701642036437988, 1.579892635345459, 1.5899646282196045, 1.600022792816162, 1.6101093292236328, 1.6201238632202148, 1.630277395248413, 1.64024019241333, 1.650315284729004, 1.660381555557251, 1.6704471111297607, 1.6804656982421875, 1.6905741691589355, 1.7006595134735107, 1.710690975189209, 1.7208001613616943, 1.73085618019104, 1.7409305572509766, 1.7509667873382568, 1.761030673980713, 1.7710492610931396, 1.7811715602874756, 1.7911834716796875, 1.801335096359253, 1.8112547397613525, 1.8213658332824707, 1.8314454555511475, 1.8415043354034424, 1.8516051769256592, 1.8616394996643066, 1.871830701828003, 1.8817403316497803, 1.8918678760528564, 1.9018635749816895, 1.9119186401367188, 1.9219341278076172, 1.932079792022705, 1.9420461654663086, 1.952150821685791, 1.9622867107391357, 1.9722387790679932, 1.9822311401367188, 1.9923396110534668, 2.0024163722991943, 2.01242733001709, 2.0225601196289062, 2.0325844287872314, 2.04268479347229, 2.0526950359344482, 2.062865972518921, 2.072847604751587, 2.082939624786377, 2.093081474304199, 2.1031081676483154, 2.113154411315918, 2.123202085494995, 2.133312940597534, 2.1432931423187256, 2.1533517837524414, 2.1634833812713623, 2.173704147338867, 2.183755397796631, 2.1938107013702393, 2.2037408351898193, 2.213754415512085, 2.223906993865967, 2.233905553817749, 2.243875503540039, 2.253981590270996, 2.2641541957855225, 2.2741711139678955, 2.2841508388519287, 2.2942452430725098, 2.3043253421783447, 2.314321517944336, 2.3246049880981445, 2.3347465991973877, 2.3447601795196533, 2.354637622833252, 2.3648478984832764, 2.3749427795410156, 2.384889841079712, 2.395167589187622, 2.4057352542877197, 2.4153106212615967, 2.4254560470581055, 2.435425281524658, 2.4454169273376465, 2.4555251598358154, 2.465618848800659, 2.475731611251831, 2.4857308864593506, 2.4958529472351074, 2.5058741569519043, 2.5158638954162598, 2.525949478149414, 2.536059856414795, 2.5462820529937744, 2.556298017501831, 2.566235065460205, 2.5762407779693604, 2.586293935775757, 2.5963823795318604, 2.6064953804016113, 2.616464614868164, 2.6266400814056396, 2.6367063522338867, 2.6467032432556152, 2.6567656993865967, 2.666949510574341, 2.6768569946289062, 2.6869287490844727, 2.697068452835083, 2.70709228515625, 2.717097282409668, 2.7272250652313232, 2.7373569011688232, 2.74729061126709, 2.7573916912078857, 2.7674667835235596, 2.777587413787842, 2.7875587940216064, 2.7977294921875, 2.807722568511963, 2.8177194595336914, 2.827831506729126, 2.8378660678863525, 2.8478782176971436, 2.8580591678619385, 2.8680903911590576, 2.878077507019043, 2.8881149291992188, 2.8982818126678467, 2.9088385105133057, 2.9184017181396484, 2.9285380840301514, 2.9384589195251465, 2.948491334915161, 2.958627223968506, 2.968618631362915, 2.9786767959594727, 2.9887688159942627, 2.9988389015197754, 3.0088770389556885, 3.0188753604888916, 3.0290000438690186, 3.0391314029693604, 3.049048900604248, 3.059161424636841, 3.0692765712738037, 3.0794970989227295, 3.089658498764038, 3.099730968475342, 3.1097300052642822, 3.1195850372314453, 3.1296539306640625, 3.139666795730591, 3.149724006652832, 3.159858465194702, 3.1699564456939697, 3.179898500442505, 3.189987897872925, 3.2000720500946045, 3.2100720405578613, 3.220099449157715, 3.2302911281585693, 3.240300416946411, 3.250338077545166, 3.2604262828826904, 3.2705037593841553, 3.2805306911468506, 3.2906229496002197, 3.300762176513672, 3.3107478618621826, 3.320824146270752, 3.331052780151367, 3.341135025024414, 3.3510563373565674, 3.3613994121551514, 3.37113881111145, 3.381190538406372, 3.391247034072876, 3.401388645172119, 3.4113147258758545, 3.421400308609009, 3.431442975997925, 3.4414594173431396, 3.451549768447876, 3.4616587162017822, 3.471750497817993, 3.4816994667053223, 3.4918651580810547, 3.501892566680908, 3.511871814727783, 3.5219857692718506, 3.5320188999176025, 3.5420849323272705, 3.552168846130371, 3.562272787094116, 3.5723190307617188, 3.5823216438293457, 3.592398166656494, 3.6026976108551025, 3.6127703189849854, 3.622659683227539, 3.6327755451202393, 3.642721176147461, 3.652750253677368, 3.66286563873291, 3.67293643951416, 3.682978391647339, 3.693063497543335, 3.7031338214874268, 3.713146686553955, 3.7232394218444824, 3.733306646347046, 3.7433078289031982, 3.7533509731292725, 3.763488531112671, 3.773634672164917, 3.7835750579833984, 3.7936487197875977, 3.803682804107666, 3.8137214183807373, 3.8238632678985596, 3.8339383602142334, 3.843919515609741, 3.8539958000183105, 3.8641648292541504, 3.874220609664917, 3.8841567039489746, 3.89420223236084, 3.9042327404022217, 3.9143197536468506, 3.924391031265259, 3.934478998184204, 3.944439649581909, 3.9546215534210205, 3.9646856784820557, 3.9747531414031982, 3.9847967624664307, 3.994826316833496, 4.004910707473755, 4.015083074569702, 4.025169134140015, 4.035168886184692, 4.045039653778076, 4.055112838745117, 4.065225839614868, 4.075265169143677, 4.085328817367554, 4.095388889312744, 4.105443716049194, 4.1155009269714355, 4.125716209411621, 4.1357505321502686, 4.14575982093811, 4.1557276248931885, 4.165866136550903, 4.175904989242554, 4.185917615890503, 4.196081161499023, 4.206005811691284, 4.216132640838623, 4.2261576652526855, 4.2362072467803955, 4.246241331100464, 4.256288766860962, 4.2664103507995605, 4.276442766189575, 4.286483287811279, 4.29660177230835, 4.3066980838775635, 4.316667795181274, 4.326898574829102, 4.337069988250732, 4.347018480300903, 4.357000112533569, 4.367231845855713, 4.377759218215942, 4.387202978134155, 4.397266387939453, 4.407502889633179, 4.417644023895264, 4.427443265914917, 4.4375128746032715, 4.447511911392212, 4.457585334777832, 4.467674493789673, 4.477754592895508, 4.487870931625366, 4.497921466827393, 4.507923126220703, 4.518004894256592, 4.528108358383179, 4.538104057312012, 4.5480968952178955, 4.558269262313843, 4.568328619003296, 4.578299283981323, 4.588339328765869, 4.598512172698975, 4.608540773391724, 4.618627309799194, 4.628692626953125, 4.638729095458984, 4.648721694946289, 4.658796072006226, 4.668912410736084, 4.678882837295532, 4.6889824867248535, 4.699056386947632, 4.709044694900513, 4.7190821170806885, 4.729193449020386, 4.73922061920166, 4.7492828369140625, 4.759373188018799, 4.76945161819458, 4.7795093059539795, 4.7896435260772705, 4.799606084823608, 4.809763193130493, 4.819757461547852, 4.829847097396851, 4.839878797531128, 4.849909067153931, 4.8613317012786865, 4.870355606079102, 4.880213022232056, 4.890155553817749, 4.900212287902832, 4.910238742828369, 4.920372724533081, 4.93043065071106, 4.940435171127319, 4.950550556182861, 4.960586071014404, 4.97067403793335, 4.980693817138672, 4.9909350872039795, 5.00079607963562, 5.010837078094482, 5.020912170410156, 5.03095006942749, 5.041027069091797, 5.0510406494140625, 5.0611467361450195, 5.071319341659546, 5.0813210010528564, 5.091366767883301, 5.101426362991333, 5.111377477645874, 5.121554851531982, 5.131625175476074, 5.1416192054748535, 5.151695966720581, 5.161754608154297, 5.171838998794556, 5.181888580322266, 5.192035675048828, 5.201982259750366, 5.211977958679199, 5.222094774246216, 5.232190370559692, 5.242257595062256, 5.25226902961731, 5.262409448623657, 5.272380828857422], "set_target_data": [{"head": [[0.986970065663366, -0.160715741356107, -0.007780743204074217, -0.0045446530149382105], [0.16090365135907658, 0.9859105969371253, 0.04571990623785012, -0.0046275341439119735], [0.00032320855119550955, -0.04637612885351673, 0.9989239962123216, 0.01937113692119896], [0.0, 0.0, 0.0, 1.0]], "antennas": [-0.31002544791348124, 0.32731881430976384], "body_yaw": 0.1321775851170349, "check_collision": false}, {"head": [[0.9869683224830369, -0.1607264783911817, -0.007780074484802632, -0.004520871859476268], [0.1609143731618285, 0.9859048285653195, 0.04580647903434423, -0.00461976760663359], [0.0003080989384751094, -0.046461469580255474, 0.9989200352978647, 0.01931660591949136], [0.0, 0.0, 0.0, 1.0]], "antennas": [-0.31002544791348124, 0.32731881430976384], "body_yaw": 0.1321775851170349, "check_collision": false}, {"head": [[0.986946215588908, -0.1608698193832619, -0.007620285186864832, -0.004520202428614318], [0.16105012707892252, 0.985885951324568, 0.04573562668985998, -0.004648452024773098], [0.00015525010583868027, -0.04636585157686659, 0.9989245135168905, 0.01932595507318935], [0.0, 0.0, 0.0, 1.0]], "antennas": [-0.31002544791348124, 0.32731881430976384], "body_yaw": 0.1321775851170349, "check_collision": false}, {"head": [[0.9869551939145126, -0.16082324500964484, -0.007438351277965403, -0.004496924370610145], [0.16099516030099575, 0.9858840245575119, 0.045970082466096227, -0.004606245178706604], [-5.9706141565528045e-05, -0.0465679502109633, 0.9989151227448334, 0.019347090274508538], [0.0, 0.0, 0.0, 1.0]], "antennas": [-0.31002544791348124, 0.32731881430976384], "body_yaw": 0.1321775851170349, "check_collision": false}, {"head": [[0.9869475900503226, -0.1608753218099071, -0.007320199889301984, -0.004491596740265041], [0.16104167510809692, 0.9858752583351702, 0.0459951506241657, -0.004633808445983018], [-0.00018268070142712835, -0.04657366031482122, 0.998914841611957, 0.019355010677656548], [0.0, 0.0, 0.0, 1.0]], "antennas": [-0.31002544791348124, 0.32731881430976384], "body_yaw": 0.1321775851170349, "check_collision": false}, {"head": [[0.9869034297421181, -0.16116204577682194, -0.006958114994308977, -0.004431761835942154], [0.16131126945157584, 0.9858341484627378, 0.0459315367984807, -0.00483473507000298], [-0.0005428730657961304, -0.046452413562468924, 0.9989203564664483, 0.01944441037683864], [0.0, 0.0, 0.0, 1.0]], "antennas": [-0.31002544791348124, 0.32731881430976384], "body_yaw": 0.1321775851170349, "check_collision": false}, {"head": [[0.9868889878002388, -0.1612672626324791, -0.006557115344946445, -0.004413463012290841], [0.16139777141517275, 0.9858206530504865, 0.045917310475766214, -0.004871382025067224], [-0.0009408192363900016, -0.04637359186152481, 0.9989237232326725, 0.019461705587358602], [0.0, 0.0, 0.0, 1.0]], "antennas": [-0.31002544791348124, 0.32731881430976384], "body_yaw": 0.1321775851170349, "check_collision": false}, {"head": [[0.9868624993021471, -0.16142727040342097, -0.006606348554297724, -0.004408632516920661], [0.1615597971755816, 0.9857893885225534, 0.046018620284787974, -0.0050243034809046875], [-0.0009161919585968133, -0.04648137096118587, 0.9989187368078867, 0.019520904414527362], [0.0, 0.0, 0.0, 1.0]], "antennas": [-0.31002544791348124, 0.32731881430976384], "body_yaw": 0.1321775851170349, "check_collision": false}, {"head": [[0.9868561237770577, -0.1614620955479077, -0.006706911733358175, -0.0043890269954798035], [0.16159929430845982, 0.9857849016793763, 0.04597603397413101, -0.005059132581734685], [-0.0008118144668042473, -0.04645556287745305, 0.9989200276473641, 0.01953964956006793], [0.0, 0.0, 0.0, 1.0]], "antennas": [-0.31002544791348124, 0.32731881430976384], "body_yaw": 0.1321775851170349, "check_collision": false}, {"head": [[0.9868581791614804, -0.16145451209643577, -0.006585950636737784, -0.004362747137560302], [0.16158609581061825, 0.9857868061884839, 0.045981587460529966, -0.004997112300220147], [-0.0009315915249547037, -0.04644150372684487, 0.9989205768572497, 0.019465621238148878], [0.0, 0.0, 0.0, 1.0]], "antennas": [-0.31002544791348124, 0.32731881430976384], "body_yaw": 0.1321775851170349, "check_collision": false}, {"head": [[0.9868757104840458, -0.1613484678004573, -0.006557743137282964, -0.004339414755256575], [0.16147890263184272, 0.9858066207646794, 0.04593332626034501, -0.005031970433145025], [-0.0009466052110774911, -0.04638942115362341, 0.9989229827887663, 0.01948653139658385], [0.0, 0.0, 0.0, 1.0]], "antennas": [-0.31002544791348124, 0.32731881430976384], "body_yaw": 0.1321775851170349, "check_collision": false}, {"head": [[0.9868929479126405, -0.16123506742505309, -0.006749992054570239, -0.004331317407601881], [0.16137444290618366, 0.985817402875582, 0.046068832895585526, -0.004898526605778266], [-0.0007736517414459903, -0.046554282510646666, 0.9989154620101252, 0.019413825240311655], [0.0, 0.0, 0.0, 1.0]], "antennas": [-0.31002544791348124, 0.32731881430976384], "body_yaw": 0.1321775851170349, "check_collision": false}, {"head": [[0.98688270623789, -0.16129646690889482, -0.006780404950041168, -0.0043136761406608985], [0.16143732602592775, 0.9858156792985064, 0.045885032579512555, -0.004923910237370245], [-0.0007168641273311181, -0.04637775557239071, 0.9989237157530553, 0.019433576708458578], [0.0, 0.0, 0.0, 1.0]], "antennas": [-0.31002544791348124, 0.32731881430976384], "body_yaw": 0.1321775851170349, "check_collision": false}, {"head": [[0.9869082747768967, -0.16113757405056323, -0.006836622410879234, -0.0043286359426589855], [0.16128125100497692, 0.985843985039924, 0.045825704957721515, -0.004972488736710552], [-0.0006443998442896759, -0.046328386435335274, 0.9989260560017139, 0.019446280896915247], [0.0, 0.0, 0.0, 1.0]], "antennas": [-0.31002544791348124, 0.32731881430976384], "body_yaw": 0.1321775851170349, "check_collision": false}, {"head": [[0.9868924599706662, -0.1612405911311421, -0.006689112402021025, -0.0043031745576055675], [0.16137751115084184, 0.9858393593860195, 0.04558570368133483, -0.005013172299791224], [-0.0007558755234380221, -0.04606765955681276, 0.9989380358136087, 0.019478413803958206], [0.0, 0.0, 0.0, 1.0]], "antennas": [-0.31002544791348124, 0.32731881430976384], "body_yaw": 0.1321775851170349, "check_collision": false}, {"head": [[0.9868503747638419, -0.1615039977933051, -0.0065419053222476415, -0.004293151039690284], [0.16163410607968814, 0.9858101970445161, 0.04530641405885629, -0.005189315555874236], [-0.0008680900214125768, -0.045768046712007564, 0.9989517167110142, 0.019566765523748697], [0.0, 0.0, 0.0, 1.0]], "antennas": [-0.31002544791348124, 0.32731881430976384], "body_yaw": 0.1321775851170349, "check_collision": false}, {"head": [[0.9868302197353683, -0.16164082216280184, -0.006193708709561353, -0.004263055129112787], [0.1617552236688587, 0.9858042828229022, 0.045001817561756065, -0.005246302760360302], [-0.001168346217059571, -0.045411018250613534, 0.9989677043771537, 0.019601187476979143], [0.0, 0.0, 0.0, 1.0]], "antennas": [-0.31002544791348124, 0.32731881430976384], "body_yaw": 0.1321775851170349, "check_collision": false}, {"head": [[0.9868449035381988, -0.16155427500409067, -0.006111676413765159, -0.0042787034273207335], [0.16166514818845804, 0.9858229698649702, 0.044916054455112084, -0.0052456010553952265], [-0.0012313496204682298, -0.045313224499182805, 0.998972069411152, 0.019572356049898043], [0.0, 0.0, 0.0, 1.0]], "antennas": [-0.31002544791348124, 0.32731881430976384], "body_yaw": 0.1321775851170349, "check_collision": false}, {"head": [[0.9868692977030862, -0.1614055243774793, -0.006102946128574347, -0.004250679205226782], [0.16151651276040851, 0.9858607159735399, 0.04462134921599878, -0.005295402981217863], [-0.0011854774287746585, -0.04502116613960884, 0.9989853298435846, 0.019595330822526846], [0.0, 0.0, 0.0, 1.0]], "antennas": [-0.31002544791348124, 0.32731881430976384], "body_yaw": 0.1321775851170349, "check_collision": false}, {"head": [[0.9868611474719753, -0.1614602403997928, -0.005972133650349567, -0.004221972422927158], [0.16156568822341066, 0.9858667246010823, 0.04430947656235294, -0.0055311368692282994], [-0.001266490896996458, -0.044692192767587124, 0.9990000019551717, 0.01966686731984013], [0.0, 0.0, 0.0, 1.0]], "antennas": [-0.31002544791348124, 0.32731881430976384], "body_yaw": 0.1321775851170349, "check_collision": false}, {"head": [[0.9868898318334604, -0.1612850532194278, -0.0059658554902248225, -0.004198543342663761], [0.16139070493455468, 0.9859064616950326, 0.04406233253821477, -0.0055863179856973305], [-0.001224820171046654, -0.044447501571933855, 0.9990109706202235, 0.019687562628929234], [0.0, 0.0, 0.0, 1.0]], "antennas": [-0.31002544791348124, 0.32731881430976384], "body_yaw": 0.1321775851170349, "check_collision": false}, {"head": [[0.9869098487050664, -0.1611572412742193, -0.006106890683974821, -0.004177388946380337], [0.16126944753767944, 0.9859328528366597, 0.04391554381147123, -0.005514225833577366], [-0.0010563237357009035, -0.04432553758555741, 0.9990165818933722, 0.019599090982626355], [0.0, 0.0, 0.0, 1.0]], "antennas": [-0.31002544791348124, 0.32731881430976384], "body_yaw": 0.1321775851170349, "check_collision": false}, {"head": [[0.9869228480541546, -0.1610798433916872, -0.0060478129588785534, -0.00415911842086257], [0.16118986708725266, 0.9859605494112679, 0.043584650429075875, -0.005557086335061616], [-0.0010577036777244904, -0.04398953349991849, 0.9990314320407491, 0.019606059432975553], [0.0, 0.0, 0.0, 1.0]], "antennas": [-0.31002544791348124, 0.32731881430976384], "body_yaw": 0.1321775851170349, "check_collision": false}, {"head": [[0.9870399300682565, -0.16036646964522755, -0.005896767281978969, -0.00414079534276974], [0.16047232554544655, 0.9861518533674108, 0.041870691826827504, -0.005305559772874928], [-0.000899547045871741, -0.042274312691600806, 0.9991056367079335, 0.019282771160092582], [0.0, 0.0, 0.0, 1.0]], "antennas": [-0.31002544791348124, 0.32731881430976384], "body_yaw": 0.1321775851170349, "check_collision": false}, {"head": [[0.987056961522612, -0.16026369032865642, -0.005839886299337727, -0.0041467239784032574], [0.1603674146136048, 0.9861770713499902, 0.041678247008533634, -0.005355126771599633], [-0.0009203477043190724, -0.042075331321294304, 0.9991140172444316, 0.019271758091602642], [0.0, 0.0, 0.0, 1.0]], "antennas": [-0.31002544791348124, 0.32731881430976384], "body_yaw": 0.1321775851170349, "check_collision": false}, {"head": [[0.9870826146597386, -0.16010957992854863, -0.005730117939238901, -0.0040763796533986605], [0.16020886539361773, 0.9862045545315262, 0.0416376760946552, -0.005164588141225648], [-0.0010155224190360078, -0.042017841881484636, 0.9991163444153233, 0.019254627094345445], [0.0, 0.0, 0.0, 1.0]], "antennas": [-0.31002544791348124, 0.32731881430976384], "body_yaw": 0.1321775851170349, "check_collision": false}, {"head": [[0.9870959045233787, -0.16003961939235475, -0.005384746783582891, -0.004081539742082171], [0.1601246414094116, 0.9862237678927595, 0.041506371280998974, -0.005195202598812503], [-0.0013320986001153032, -0.04183299975090256, 0.9991237288970575, 0.01925479826677634], [0.0, 0.0, 0.0, 1.0]], "antennas": [-0.31002544791348124, 0.32731881430976384], "body_yaw": 0.1321775851170349, "check_collision": false}, {"head": [[0.9871058150353577, -0.15998910114970225, -0.005059390940858318, -0.004041039887409268], [0.16006054537683653, 0.9862336538354429, 0.04151869285106537, -0.0051581675618953444], [-0.0016527967363678781, -0.04179315201922197, 0.999124917468905, 0.01927755767257988], [0.0, 0.0, 0.0, 1.0]], "antennas": [-0.31002544791348124, 0.32731881430976384], "body_yaw": 0.1321775851170349, "check_collision": false}, {"head": [[0.9871025890144302, -0.16000908353915197, -0.0050568711640675, -0.004053073501359957], [0.16008057171671466, 0.986234658316653, 0.041417499850725265, -0.005187313641125501], [-0.001639914588952065, -0.04169282816019737, 0.9991291301729449, 0.019293927224554364], [0.0, 0.0, 0.0, 1.0]], "antennas": [-0.31002544791348124, 0.32731881430976384], "body_yaw": 0.1321775851170349, "check_collision": false}, {"head": [[0.9870700135610473, -0.1602190025391556, -0.00476020524259467, -0.00400221304632897], [0.16027830417578826, 0.9862103585003592, 0.041230983460574355, -0.0052513658324541065], [-0.0019114233249270666, -0.04146082502737622, 0.9991383019627073, 0.019329481420863215], [0.0, 0.0, 0.0, 1.0]], "antennas": [-0.31002544791348124, 0.32731881430976384], "body_yaw": 0.1321775851170349, "check_collision": false}, {"head": [[0.9870432797474799, -0.16039340272363034, -0.0044181747445133585, -0.004002097175066949], [0.1604388005575031, 0.9861920596239734, 0.04104403501478117, -0.005285457366152643], [-0.0022260235864583287, -0.04122108559172319, 0.999147570142485, 0.01936179840323282], [0.0, 0.0, 0.0, 1.0]], "antennas": [-0.31002544791348124, 0.32731881430976384], "body_yaw": 0.1321775851170349, "check_collision": false}, {"head": [[0.9870528041141133, -0.16033572974928412, -0.004383566610678836, -0.003996205403901725], [0.1603793085493999, 0.9861936269355132, 0.041238423599771805, -0.005202726669761758], [-0.0022889472868807383, -0.0414075350334013, 0.9991397183391196, 0.019394738044828386], [0.0, 0.0, 0.0, 1.0]], "antennas": [-0.31002544791348124, 0.32731881430976384], "body_yaw": 0.1321775851170349, "check_collision": false}, {"head": [[0.9870415108764953, -0.160401649427683, -0.004512944440583767, -0.00399791219106553], [0.16045077386778148, 0.986186736612208, 0.04112504948803494, -0.005233374820168788], [-0.0021459198203043857, -0.04131623640945463, 0.9991438152924146, 0.01943674051543487], [0.0, 0.0, 0.0, 1.0]], "antennas": [-0.31002544791348124, 0.3329647158207318], "body_yaw": 0.1321775851170349, "check_collision": false}, {"head": [[0.986994587950107, -0.1606908247444536, -0.0044880062550923805, -0.003995711254715471], [0.16073905906307387, 0.9861472797829308, 0.04094505425864825, -0.005313906759466756], [-0.0021536593779204615, -0.04113394485912204, 0.9991513200369655, 0.01948711909310219], [0.0, 0.0, 0.0, 1.0]], "antennas": [-0.3160148972050694, 0.3437438603328275], "body_yaw": 0.1321775851170349, "check_collision": false}, {"head": [[0.9869902012818236, -0.16071739983900485, -0.004501106825569201, -0.003982302239877452], [0.1607665278566387, 0.9861501493705602, 0.040767712927542714, -0.005348490913934665], [-0.002113313650729732, -0.04096096050401355, 0.9991585127596134, 0.01952885492431644], [0.0, 0.0, 0.0, 1.0]], "antennas": [-0.32508429229733427, 0.3565763020453743], "body_yaw": 0.1321775851170349, "check_collision": false}, {"head": [[0.9869713698544325, -0.16083424341381877, -0.004456594346524953, -0.003947596060550934], [0.16088180616348038, 0.9861382033964567, 0.0406015793730328, -0.005448700507253597], [-0.0021353063577189187, -0.04078958135986255, 0.9991654770453419, 0.019536235906083887], [0.0, 0.0, 0.0, 1.0]], "antennas": [-0.3362069845900502, 0.3721464733585226], "body_yaw": 0.1321775851170349, "check_collision": false}, {"head": [[0.9869320729341841, -0.16108616742403195, -0.004041049179548506, -0.003911462263401976], [0.1611178588489003, 0.9861204250192834, 0.040094175633550985, -0.005483183851797766], [-0.0024736559543745364, -0.04022131306191967, 0.9991877336125553, 0.01956451911955881], [0.0, 0.0, 0.0, 1.0]], "antennas": [-0.3497251902832924, 0.3901121580721971], "body_yaw": 0.1321775851170349, "check_collision": false}, {"head": [[0.9869659086771353, -0.16088950485871673, -0.0035864098250957075, -0.003867300104023182], [0.16090721305252692, 0.9862136603676033, 0.03861974743576427, -0.005305554905926288], [-0.0026765456815228336, -0.03869345333064089, 0.9992475432907324, 0.01935688967240179], [0.0, 0.0, 0.0, 1.0]], "antennas": [-0.3659811255771361, 0.41115778858654833], "body_yaw": 0.1321775851170349, "check_collision": false}, {"head": [[0.9869101509693887, -0.16124600556585977, -0.0028424641832250795, -0.003834344996021816], [0.16123670751618968, 0.9861829127368155, 0.03802613279403067, -0.005362377659375329], [-0.003328372412591411, -0.03798668602267475, 0.9992727023300986, 0.019387408755119573], [0.0, 0.0, 0.0, 1.0]], "antennas": [-0.38463257427150604, 0.4345989325014258], "body_yaw": 0.1321775851170349, "check_collision": false}, {"head": [[0.9869380520659051, -0.16108531132425147, -0.0021917709564816773, -0.003779982817492359], [0.16105571595924467, 0.9862543078424747, 0.036925555094218784, -0.0051976292310939075], [-0.0037865209905389575, -0.036796232656755384, 0.9993156155695047, 0.019269819137323174], [0.0, 0.0, 0.0, 1.0]], "antennas": [-0.4046528877661767, 0.46077780601690466], "body_yaw": 0.1321775851170349, "check_collision": false}, {"head": [[0.9868729593990094, -0.16149405825410043, -0.001196309183532519, -0.0037522860282476764], [0.161431158430944, 0.9862205762658669, 0.03617949747391679, -0.00526060099968968], [-0.004662949140281206, -0.035897689318992475, 0.9993445916233662, 0.019295418906409068], [0.0, 0.0, 0.0, 1.0]], "antennas": [-0.4263842822612233, 0.49037884153313543], "body_yaw": 0.1321775851170349, "check_collision": false}, {"head": [[0.9867997700047618, -0.1619449934724366, -0.0001816803825111569, -0.0037178858542599056], [0.16184885819653747, 0.9861740652605969, 0.03557611709932482, -0.005306898211046017], [-0.005582205570025671, -0.035135908933742355, 0.9993669530679777, 0.01937404817800259], [0.0, 0.0, 0.0, 1.0]], "antennas": [-0.4498267577566458, 0.5216909580497421], "body_yaw": 0.1321775851170349, "check_collision": false}, {"head": [[0.9867504710983966, -0.1622440520364278, 0.0006126711134457415, -0.003703590790371451], [0.1621242067748925, 0.9861533392589904, 0.03489030017002654, -0.005380213613264332], [-0.006264931340744413, -0.03432869131125687, 0.999390960329416, 0.01940793328625412], [0.0, 0.0, 0.0, 1.0]], "antennas": [-0.47634917905274493, 0.5543719393666494], "body_yaw": 0.1321775851170349, "check_collision": false}, {"head": [[0.9867789418034124, -0.16207195574489597, 3.4268976409939506e-05, -0.0036529444115809126], [0.16197200472219764, 0.9861777684137315, 0.034906715296421614, -0.005275499858906042], [-0.0056911949194031015, -0.034439660967227004, 0.9993905743266005, 0.019409656403101327], [0.0, 0.0, 0.0, 1.0]], "antennas": [-0.5038982489490696, 0.5887640016839327], "body_yaw": 0.1321775851170349, "check_collision": false}, {"head": [[0.9868507800367096, -0.16163226167731684, -0.0007415699650536274, -0.0036388943869133253], [0.16155946662072476, 0.9862462854623348, 0.03488270570029614, -0.005323136193593103], [-0.004906799992318525, -0.03454383297814424, 0.9993911381021012, 0.019448981810964328], [0.0, 0.0, 0.0, 1.0]], "antennas": [-0.532816183645695, 0.6238404964013664], "body_yaw": 0.1321775851170349, "check_collision": false}, {"head": [[0.9868995278847037, -0.16133203293061793, -0.0011388640934079392, -0.003648356349844649], [0.16127295046839724, 0.9862915408314387, 0.034928955489173776, -0.0053123291226996345], [-0.004511907375726556, -0.034655037654297845, 0.999389148959009, 0.019528759812174612], [0.0, 0.0, 0.0, 1.0]], "antennas": [-0.5631029831426212, 0.660628072119176], "body_yaw": 0.1321775851170349, "check_collision": false}, {"head": [[0.9869669475698326, -0.16091598092052845, -0.0015137665180558523, -0.003619841000609833], [0.16087019005033065, 0.9863575801026965, 0.034921427907846865, -0.005354996100163492], [-0.0041263007473466414, -0.03470981501443906, 0.9993889144791459, 0.019557177834772066], [0.0, 0.0, 0.0, 1.0]], "antennas": [-0.5954430798399983, 0.6981000802371359], "body_yaw": 0.1321775851170349, "check_collision": false}, {"head": [[0.9869976742052118, -0.16072604197919238, -0.0016524355374705996, -0.003621417912240378], [0.16068521625777676, 0.9863880245100106, 0.03491312617670214, -0.005500773677778241], [-0.003981505958065705, -0.034724696297328606, 0.9993889848689369, 0.01951649768785313], [0.0, 0.0, 0.0, 1.0]], "antennas": [-0.628467608937526, 0.7365987369553213], "body_yaw": 0.1321775851170349, "check_collision": false}, {"head": [[0.9870388591928281, -0.1604740932130575, -0.0015348780950927223, -0.0035881946583090412], [0.16042989165898625, 0.9864343424742542, 0.034778410683514636, -0.0055519047814897565], [-0.004066977453317399, -0.034573883132101434, 0.9993938694526605, 0.019520146186276732], [0.0, 0.0, 0.0, 1.0]], "antennas": [-0.662176570435204, 0.7764662584738075], "body_yaw": 0.1321775851170349, "check_collision": false}, {"head": [[0.9870574471394367, -0.16036097795767146, -0.0013974244299620846, -0.0035319693951584063], [0.16031240259665114, 0.9864560267323739, 0.03470505578539439, -0.005523133732789954], [-0.004186838934982237, -0.0344799082341776, 0.9993966211209118, 0.019456941225086566], [0.0, 0.0, 0.0, 1.0]], "antennas": [-0.6962277481329571, 0.8173604285925192], "body_yaw": 0.1321775851170349, "check_collision": false}, {"head": [[0.9870617045463492, -0.1603363337455667, -0.0012047817586926335, -0.003502981853801319], [0.1602818494886553, 0.9864667432870291, 0.03454117996216963, -0.00556579852400088], [-0.004349729020510968, -0.034287380619014804, 0.9994025492201505, 0.01945948949259213], [0.0, 0.0, 0.0, 1.0]], "antennas": [-0.7309633582308606, 0.8592812473114565], "body_yaw": 0.1321775851170349, "check_collision": false}, {"head": [[0.9870633898775995, -0.16032721880208858, -0.0010233643187843987, -0.003476394391431675], [0.16026682255903227, 0.9864715050197946, 0.03447485128049921, -0.005553716411817476], [-0.004517737284683259, -0.034192874918147514, 0.9994050416896335, 0.01943126713240506], [0.0, 0.0, 0.0, 1.0]], "antennas": [-0.7660411845288393, 0.9018864984305441], "body_yaw": 0.1321775851170349, "check_collision": false}, {"head": [[0.9870527282316961, -0.16039349970351052, -0.0009148460116220596, -0.003476317752045142], [0.16033017241513575, 0.9864673904970415, 0.03429756987440917, -0.005580636498790275], [-0.004598641505690741, -0.03400018733502948, 0.9994112465634378, 0.0194476480135638], [0.0, 0.0, 0.0, 1.0]], "antennas": [-0.8021456594270435, 0.9444917495496318], "body_yaw": 0.1321775851170349, "check_collision": false}, {"head": [[0.9870419911323954, -0.16045996394442125, -0.0008412564124558319, -0.003494132660646079], [0.16039418949306983, 0.9864576814676465, 0.03427749480835757, -0.005653781987664502], [-0.00467030173090317, -0.03396825936710329, 0.9994119999466246, 0.019476186955078023], [0.0, 0.0, 0.0, 1.0]], "antennas": [-0.8385923505253229, 0.9870970006687195], "body_yaw": 0.1321775851170349, "check_collision": false}, {"head": [[0.9870238875929636, -0.1605716750568128, -0.0007632105360074813, -0.003493982387793657], [0.16050385829640085, 0.9864447743587381, 0.034135298626306695, -0.005668535337106858], [-0.004728297034010476, -0.033814853390005645, 0.9994169294630598, 0.019497983646225348], [0.0, 0.0, 0.0, 1.0]], "antennas": [-0.8757234740237527, 1.0297022517878072], "body_yaw": 0.1321775851170349, "check_collision": false}, {"head": [[0.9870005028568729, -0.1607159481042433, -0.0006256078917149716, -0.003482575824639316], [0.16064414778165184, 0.9864272841276276, 0.033980448968479966, -0.005761810555048249], [-0.0048440833794239045, -0.03363922046580207, 0.9994223019838342, 0.01952614213239945], [0.0, 0.0, 0.0, 1.0]], "antennas": [-0.9131968137222577, 1.0723075029068947], "body_yaw": 0.1321775851170349, "check_collision": false}, {"head": [[0.9870034955069816, -0.16069715262887796, -0.0007245646768316255, -0.0034790662458473584], [0.16062864595734522, 0.9864294684779666, 0.03399031944813196, -0.005770515310779418], [-0.00474741560321585, -0.033664949951653166, 0.9994218994948245, 0.019547269794889188], [0.0, 0.0, 0.0, 1.0]], "antennas": [-0.9510123696208378, 1.1149127540259824], "body_yaw": 0.1321775851170349, "check_collision": false}, {"head": [[0.9870152269336453, -0.16062387516807913, -0.0009552628510668081, -0.003501152940381165], [0.16056177447054487, 0.9864296362850317, 0.03429998888411797, -0.005772780390674252], [-0.0045670975460546295, -0.03400799001073227, 0.9994111257312656, 0.01959402598542348], [0.0, 0.0, 0.0, 1.0]], "antennas": [-0.9891701417194931, 1.1575180051450702], "body_yaw": 0.1321775851170349, "check_collision": false}, {"head": [[0.9870361989234538, -0.1604935815343257, -0.0011628847854853778, -0.0035071065025272805], [0.16043794069288442, 0.9864443511386419, 0.0344559035999622, -0.005774849880630534], [-0.0043828302460922775, -0.034195794960026005, 0.9994055425131909, 0.019628896689270148], [0.0, 0.0, 0.0, 1.0]], "antennas": [-1.0280123462182988, 1.2001232562641577], "body_yaw": 0.1321775851170349, "check_collision": false}, {"head": [[0.9870547638508972, -0.16037758746398212, -0.0013865779757124804, -0.003506524851160326], [0.16032897157237563, 0.986456212445607, 0.034623139690273606, -0.005708559121915073], [-0.004184977155772695, -0.034397243591610525, 0.9993994774861078, 0.01964284706129904], [0.0, 0.0, 0.0, 1.0]], "antennas": [-1.0671967669171796, 1.2427285073832455], "body_yaw": 0.1321775851170349, "check_collision": false}, {"head": [[0.9870589207039896, -0.16035065504282994, -0.0015344334492822492, -0.0035096954308714593], [0.1603069368330198, 0.9864580027862387, 0.03467412208259969, -0.005700205777888741], [-0.004046364033192549, -0.03447138184523779, 0.9993974938790824, 0.019676895371287362], [0.0, 0.0, 0.0, 1.0]], "antennas": [-1.1067234038161358, 1.285333758502333], "body_yaw": 0.1321775851170349, "check_collision": false}, {"head": [[0.9870166551078815, -0.16061047053793842, -0.0015489652131236255, -0.003488932646182532], [0.16056737369194996, 0.9864180674925458, 0.03460512433067141, -0.005843670509573756], [-0.00403001802963041, -0.034404547342663114, 0.9993998629561781, 0.019730969909845575], [0.0, 0.0, 0.0, 1.0]], "antennas": [-1.146592256915167, 1.3279390096214208], "body_yaw": 0.1321775851170349, "check_collision": false}, {"head": [[0.9870095180493407, -0.16065533181779593, -0.0014407076462026325, -0.0034812072957769264], [0.1606089705877615, 0.9864154187094165, 0.034487393335330394, -0.005844820087457386], [-0.004119447383751522, -0.03427077604665703, 0.9994040944795114, 0.01976144122811907], [0.0, 0.0, 0.0, 1.0]], "antennas": [-1.187829974814499, 1.3705442607405083], "body_yaw": 0.1321775851170349, "check_collision": false}, {"head": [[0.9869937033711251, -0.16075423798495023, -0.0012265706785549496, -0.0034388500710117722], [0.16070130058244772, 0.9864069824189698, 0.034298061551812045, -0.0060436382822488385], [-0.0043036608673654875, -0.03404908229277384, 0.9994108957271572, 0.019793906332841393], [0.0, 0.0, 0.0, 1.0]], "antennas": [-1.2294099089139061, 1.413149511859596], "body_yaw": 0.1321775851170349, "check_collision": false}, {"head": [[0.9870068734036725, -0.16067433513064988, -0.001090818147602734, -0.0034399584150141384], [0.16061706863283448, 0.986422615281469, 0.034242974827883764, -0.0060634463772229795], [-0.004425959523411026, -0.03397325553418965, 0.9994129420768507, 0.019824342624095936], [0.0, 0.0, 0.0, 1.0]], "antennas": [-1.2713320592133883, 1.4557547629786836], "body_yaw": 0.1321775851170349, "check_collision": false}, {"head": [[0.987037555225357, -0.16048508580802115, -0.0011839797051046836, -0.0034746625396385707], [0.1604300093921334, 0.9864443442406629, 0.03449301091595672, -0.006093025781945298], [-0.004367683732828081, -0.03423584304205751, 0.9994042377286626, 0.019875246970429417], [0.0, 0.0, 0.0, 1.0]], "antennas": [-1.313596425712946, 1.4983600140977713], "body_yaw": 0.1321775851170349, "check_collision": false}, {"head": [[0.9870576383834966, -0.16035872341841753, -0.0015160252008587847, -0.0035002237368628375], [0.16031462300867003, 0.9864589775536937, 0.03461079677367925, -0.0061180458570921255], [-0.0040546465175366996, -0.03440589233454631, 0.9993997170373229, 0.019927496032542624], [0.0, 0.0, 0.0, 1.0]], "antennas": [-1.3558607922125034, 1.540965265216859], "body_yaw": 0.1321775851170349, "check_collision": false}, {"head": [[0.9870507873373148, -0.16039594836454585, -0.001970524048333702, -0.003535155922663441], [0.1603668497020201, 0.9864443781490069, 0.03478451285944528, -0.006140054425139492], [-0.0036354825590032645, -0.03465008753895377, 0.9993928930606352, 0.019966535030721655], [0.0, 0.0, 0.0, 1.0]], "antennas": [-1.398125158712061, 1.5835705163359466], "body_yaw": 0.1321775851170349, "check_collision": false}, {"head": [[0.9870413293643615, -0.16044784845549065, -0.002429414052321658, -0.003556875339049679], [0.16043455880449725, 0.9864325234256944, 0.034808462609295356, -0.0061568683437161825], [-0.0031884898996273397, -0.03474715317864623, 0.9993910490284268, 0.02], [0.0, 0.0, 0.0, 1.0]], "antennas": [-1.4403895252116183, 1.6261757674550343], "body_yaw": 0.1321775851170349, "check_collision": false}, {"head": [[0.987015398072389, -0.16060185439373087, -0.0027655620221332094, -0.003558510937111033], [0.16059973106340836, 0.9864003866352835, 0.03495716847978426, -0.00610108923644442], [-0.0028862346343113757, -0.034947412079551606, 0.9993849848975007, 0.02], [0.0, 0.0, 0.0, 1.0]], "antennas": [-1.4829961079112512, 1.6687810185741219], "body_yaw": 0.1321775851170349, "check_collision": false}, {"head": [[0.986986617960322, -0.1607782981910904, -0.00278474379824488, -0.003556544325609214], [0.16077706570954525, 0.9863755768554895, 0.03484187889349141, -0.006101410346196099], [-0.002855014723887081, -0.034836191149104884, 0.9993889576521993, 0.02], [0.0, 0.0, 0.0, 1.0]], "antennas": [-1.525602690610884, 1.7113862696932096], "body_yaw": 0.1321775851170349, "check_collision": false}, {"head": [[0.9869569229486492, -0.1609642080747686, -0.0025604614030740134, -0.0035188545399127023], [0.16095533176068924, 0.986349715246996, 0.03475083322708071, -0.00605214824666791], [-0.003068129974512426, -0.0347096953462