{"description": "A brief movement you use when something doesn\u2019t suit you. Also usable when you fail at something.", "time": [0.0, 0.010018348693847656, 0.02030158042907715, 0.030226707458496094, 0.040387868881225586, 0.050415992736816406, 0.06033515930175781, 0.07042360305786133, 0.08050537109375, 0.0904853343963623, 0.10062336921691895, 0.11067771911621094, 0.12070822715759277, 0.1308577060699463, 0.1407759189605713, 0.1508922576904297, 0.16096735000610352, 0.17105770111083984, 0.1811227798461914, 0.19117069244384766, 0.2012777328491211, 0.21122360229492188, 0.22135281562805176, 0.23142337799072266, 0.24143409729003906, 0.25148844718933105, 0.26159143447875977, 0.2716226577758789, 0.2817351818084717, 0.2918670177459717, 0.30188798904418945, 0.31190037727355957, 0.3219738006591797, 0.3321053981781006, 0.34206104278564453, 0.352139949798584, 0.36218953132629395, 0.37233757972717285, 0.3823106288909912, 0.3925657272338867, 0.4025704860687256, 0.4125208854675293, 0.42255616188049316, 0.4326663017272949, 0.4426906108856201, 0.4527547359466553, 0.4630768299102783, 0.4728507995605469, 0.48291969299316406, 0.49305176734924316, 0.5030508041381836, 0.5131113529205322, 0.5231640338897705, 0.5337862968444824, 0.54341721534729, 0.5535273551940918, 0.5634586811065674, 0.5734119415283203, 0.5835094451904297, 0.5936589241027832, 0.6036157608032227, 0.6137027740478516, 0.6237411499023438, 0.6337742805480957, 0.6437993049621582, 0.6538875102996826, 0.6640632152557373, 0.6740162372589111, 0.6841506958007812, 0.6941831111907959, 0.7042460441589355, 0.7142865657806396, 0.7243237495422363, 0.7344498634338379, 0.7444791793823242, 0.7545456886291504, 0.7646422386169434, 0.7746455669403076, 0.7847208976745605, 0.7948019504547119, 0.8048396110534668, 0.8148994445800781, 0.8249754905700684, 0.835076093673706, 0.8451578617095947, 0.8552563190460205, 0.8652768135070801, 0.8752515316009521, 0.8853855133056641, 0.8954877853393555, 0.9055359363555908, 0.9155013561248779, 0.9256620407104492, 0.9356229305267334, 0.9456467628479004, 0.9557008743286133, 0.9658317565917969, 0.9758920669555664, 0.9859297275543213, 0.9960570335388184, 1.0060462951660156, 1.016127109527588, 1.0261902809143066, 1.0361952781677246, 1.0462310314178467, 1.0562634468078613, 1.0663206577301025, 1.0763592720031738, 1.086432695388794, 1.096489429473877, 1.1065247058868408, 1.1166083812713623, 1.1267211437225342, 1.1367645263671875, 1.1467335224151611, 1.1569514274597168, 1.1669399738311768, 1.1769278049468994, 1.187134027481079, 1.197220802307129, 1.2071259021759033, 1.217252492904663, 1.2272799015045166, 1.2374069690704346, 1.2474322319030762, 1.2574455738067627, 1.267566204071045, 1.2775750160217285, 1.2876884937286377, 1.29780912399292, 1.3077621459960938, 1.3178112506866455, 1.3280582427978516, 1.3380067348480225, 1.3480703830718994, 1.358137607574463, 1.3681674003601074, 1.3783514499664307, 1.3884098529815674, 1.3986952304840088, 1.4084899425506592, 1.4184839725494385, 1.4285714626312256, 1.4386546611785889, 1.4493093490600586, 1.4592735767364502, 1.4689500331878662, 1.4789540767669678, 1.4889702796936035, 1.499028205871582, 1.5090384483337402, 1.5191636085510254, 1.5292940139770508, 1.5392889976501465, 1.549288272857666, 1.5593321323394775, 1.5694036483764648, 1.579495906829834, 1.5895051956176758, 1.5995995998382568, 1.6095962524414062, 1.6196691989898682, 1.6298284530639648, 1.639838695526123, 1.649904727935791, 1.6600170135498047, 1.6700091361999512, 1.680063009262085, 1.6900947093963623, 1.7001867294311523, 1.7101829051971436, 1.7202742099761963, 1.7304067611694336, 1.7404661178588867, 1.7505388259887695, 1.7605829238891602, 1.7706010341644287, 1.7806556224822998, 1.7907311916351318, 1.8008275032043457, 1.8107926845550537, 1.820876121520996, 1.8309831619262695, 1.8410239219665527, 1.8510658740997314, 1.8611750602722168, 1.871175765991211, 1.8811829090118408, 1.8912763595581055, 1.9013340473175049, 1.9113705158233643, 1.9214727878570557, 1.9315860271453857, 1.9416756629943848, 1.9516568183898926, 1.9619832038879395, 1.971848726272583, 1.9819605350494385, 1.9919209480285645, 2.0019867420196533, 2.012054204940796, 2.0221011638641357, 2.0321950912475586, 2.0422041416168213, 2.0522613525390625, 2.0623481273651123, 2.072510242462158, 2.0824341773986816, 2.0926527976989746, 2.1025848388671875, 2.1126158237457275, 2.122654438018799, 2.132762908935547, 2.142756938934326, 2.152845859527588, 2.1630280017852783, 2.1729912757873535, 2.1831133365631104, 2.1931872367858887, 2.2032217979431152, 2.2132420539855957, 2.223323106765747, 2.2333858013153076, 2.243439197540283, 2.25352144241333, 2.263592004776001, 2.2735636234283447, 2.2836110591888428, 2.294001579284668, 2.303809642791748, 2.3141469955444336, 2.3239352703094482, 2.3340322971343994, 2.3440346717834473, 2.354245901107788, 2.3641772270202637, 2.374199151992798, 2.3842387199401855, 2.3944950103759766, 2.4048540592193604, 2.4145851135253906, 2.424532413482666, 2.434664249420166, 2.44466495513916, 2.454740047454834, 2.4648284912109375, 2.4748103618621826, 2.484901189804077], "set_target_data": [{"head": [[0.9929083674145908, -0.10663486802612922, 0.05255453205140144, -0.002217390961980374], [0.10816040263252676, 0.9937644287129964, -0.02708482097229359, -0.0012429135662012586], [-0.049338638210447955, 0.032577064720160115, 0.9982506867684874, 0.013226551760715742], [0.0, 0.0, 0.0, 1.0]], "antennas": [-0.20050236524771245, 0.4086603085162585], "body_yaw": 0.12100764834658437, "check_collision": false}, {"head": [[0.9928973749929481, -0.10673563589251055, 0.05255765180003781, -0.002222564985223438], [0.10825758160018066, 0.9937559271037972, -0.027008394475646756, -0.0012407140522573698], [-0.04934671983215122, 0.03250632825610019, 0.9982525932173245, 0.0132069205225378], [0.0, 0.0, 0.0, 1.0]], "antennas": [-0.20050236524771245, 0.4086603085162585], "body_yaw": 0.12100764834658437, "check_collision": false}, {"head": [[0.9928897337352484, -0.10672644570647447, 0.052720417581907826, -0.0022146794818701295], [0.10824902792851973, 0.9937594087543221, -0.02691440998407471, -0.001160007554731419], [-0.049518931689590547, 0.03242997531795641, 0.9982465487569684, 0.013126510087642538], [0.0, 0.0, 0.0, 1.0]], "antennas": [-0.20050236524771245, 0.4086603085162585], "body_yaw": 0.12100764834658437, "check_collision": false}, {"head": [[0.9928671445888242, -0.10682238981631546, 0.05295101727035639, -0.002205828518651111], [0.10835214256396998, 0.9937483970439673, -0.02690606947032853, -0.001149542996274967], [-0.04974581789287981, 0.032451508539298526, 0.9982345682231666, 0.01309983188804231], [0.0, 0.0, 0.0, 1.0]], "antennas": [-0.20050236524771245, 0.4086603085162585], "body_yaw": 0.12100764834658437, "check_collision": false}, {"head": [[0.992850996199195, -0.10688689409376116, 0.05312335848997553, -0.0021982739863349436], [0.10842480564602809, 0.9937391211017854, -0.02695590310991876, -0.0011394768812400076], [-0.0499095268148918, 0.032523085075671705, 0.9982240670662441, 0.01306766022562422], [0.0, 0.0, 0.0, 1.0]], "antennas": [-0.20050236524771245, 0.4086603085162585], "body_yaw": 0.12100764834658437, "check_collision": false}, {"head": [[0.9928301036029915, -0.10698215325421655, 0.05332170538124817, -0.002188894862767685], [0.1085292397562002, 0.9937263044021428, -0.02700807392616373, -0.0011241297195618777], [-0.05009779932905753, 0.03260139298176134, 0.9982120815127588, 0.01304219452534283], [0.0, 0.0, 0.0, 1.0]], "antennas": [-0.20050236524771245, 0.4086603085162585], "body_yaw": 0.12100764834658437, "check_collision": false}, {"head": [[0.9928161677666242, -0.10702473749526023, 0.05349544452815239, -0.002185070420029192], [0.1085760752274122, 0.9937219803646067, -0.026978910809281942, -0.0011052025975803329], [-0.05027218822972913, 0.032593424249601384, 0.998203574320529, 0.013021521481814678], [0.0, 0.0, 0.0, 1.0]], "antennas": [-0.20050236524771245, 0.4086603085162585], "body_yaw": 0.12100764834658437, "check_collision": false}, {"head": [[0.9928347085880478, -0.10688818132766775, 0.05342432138408009, -0.0022334268602318373], [0.1084231229247529, 0.993746168194176, -0.026701678123966028, -0.0009605053281418951], [-0.050236120850736275, 0.03230278458361729, 0.9982148377328471, 0.013000264078602218], [0.0, 0.0, 0.0, 1.0]], "antennas": [-0.20050236524771245, 0.4086603085162585], "body_yaw": 0.12100764834658437, "check_collision": false}, {"head": [[0.992826781250016, -0.10700295636195234, 0.0533418200152057, -0.002251498418003386], [0.10852686609553158, 0.9937393559758054, -0.026533219184139832, -0.0009335605154560849], [-0.050168732973985226, 0.03213191115687291, 0.9982237417118426, 0.013000669537283292], [0.0, 0.0, 0.0, 1.0]], "antennas": [-0.20050236524771245, 0.4086603085162585], "body_yaw": 0.12100764834658437, "check_collision": false}, {"head": [[0.9928234894650787, -0.10707974503748217, 0.0532489151916962, -0.002269860532106563], [0.10859204716929825, 0.9937368422580961, -0.02636011438686417, -0.0009058770220864883], [-0.05009277450856107, 0.03195334945847575, 0.9982332880646781, 0.013003745152224242], [0.0, 0.0, 0.0, 1.0]], "antennas": [-0.20050236524771245, 0.4086603085162585], "body_yaw": 0.12100764834658437, "check_collision": false}, {"head": [[0.9928002782847523, -0.10730005058279973, 0.05323820604271802, -0.002315555323293427], [0.10880247178194463, 0.9937189559625107, -0.026165983545753745, -0.0010367246158003466], [-0.050096203168078696, 0.03177004415650275, 0.9982389667421505, 0.013126536169315582], [0.0, 0.0, 0.0, 1.0]], "antennas": [-0.20050236524771245, 0.4086603085162585], "body_yaw": 0.12100764834658437, "check_collision": false}, {"head": [[0.9927876138915945, -0.10740534678093908, 0.05326204264108572, -0.002324980852370816], [0.10889637136688637, 0.9937150654871483, -0.025921977683002192, -0.0010223932302104886], [-0.050143135188775154, 0.03153506154646151, 0.9982440612829617, 0.01310423735201782], [0.0, 0.0, 0.0, 1.0]], "antennas": [-0.20050236524771245, 0.4086603085162585], "body_yaw": 0.12100764834658437, "check_collision": false}, {"head": [[0.9927684804304717, -0.10748269080041471, 0.05346228055437165, -0.0023422666355229775], [0.10898084043384511, 0.9937054336678257, -0.025936220182807446, -0.0010012137645700773], [-0.05033806394871268, 0.03157502616532132, 0.9982329873534307, 0.013110478821486969], [0.0, 0.0, 0.0, 1.0]], "antennas": [-0.20050236524771245, 0.4086603085162585], "body_yaw": 0.12100764834658437, "check_collision": false}, {"head": [[0.992749340733204, -0.10753061015679041, 0.053720706930356105, -0.002303622439948659], [0.10902662179732514, 0.9937057295307726, -0.025731669925945472, -0.0010531254025056063], [-0.050615632103648306, 0.03140208555212766, 0.9982244070396821, 0.013092930120937594], [0.0, 0.0, 0.0, 1.0]], "antennas": [-0.20050236524771245, 0.4086603085162585], "body_yaw": 0.12100764834658437, "check_collision": false}, {"head": [[0.9927727753642313, -0.10748699094463456, 0.05337380699621354, -0.0023219406222791538], [0.108968644841921, 0.9937138346837124, -0.025664161772909297, -0.0010536434765531632], [-0.050279726897789395, 0.03129475252911941, 0.9982447533181551, 0.01311217393552888], [0.0, 0.0, 0.0, 1.0]], "antennas": [-0.20050236524771245, 0.4086603085162585], "body_yaw": 0.12100764834658437, "check_collision": false}, {"head": [[0.9927614857289336, -0.1076078368163242, 0.053340284110530434, -0.0022651930994428277], [0.109083165707398, 0.9937040283281323, -0.025557132931826404, -0.0011432659734375832], [-0.05025430740278007, 0.03119066431088051, 0.9982492910327125, 0.013139810683962192], [0.0, 0.0, 0.0, 1.0]], "antennas": [-0.20050236524771245, 0.4086603085162585], "body_yaw": 0.12100764834658437, "check_collision": false}, {"head": [[0.9927815364538226, -0.10756929257388453, 0.05304402107251115, -0.0022501019217854405], [0.10903839418458569, 0.9937073627428403, -0.025618466470803694, -0.0011496873051974723], [-0.04995447397414858, 0.031217375383315177, 0.9982635052951415, 0.013168382375958852], [0.0, 0.0, 0.0, 1.0]], "antennas": [-0.20050236524771245, 0.4086603085162585], "body_yaw": 0.12100764834658437, "check_collision": false}, {"head": [[0.9927802427822566, -0.10761266982182861, 0.052980211730620584, -0.0022458532700947117], [0.10908141455608812, 0.9937018153694133, -0.025650480111980116, -0.0012044158057354804], [-0.04988621592831167, 0.031244446312110215, 0.9982660717639377, 0.01325384371351379], [0.0, 0.0, 0.0, 1.0]], "antennas": [-0.20050236524771245, 0.4086603085162585], "body_yaw": 0.12100764834658437, "check_collision": false}, {"head": [[0.9927791623629119, -0.1076277391221124, 0.052969845662018455, -0.002226040062176298], [0.10910182030872209, 0.993696650712599, -0.025763523980364106, -0.001184441627144043], [-0.04986308838528611, 0.031356596339940944, 0.9982637107912196, 0.013270938137698527], [0.0, 0.0, 0.0, 1.0]], "antennas": [-0.20050236524771245, 0.4086603085162585], "body_yaw": 0.12100764834658437, "check_collision": false}, {"head": [[0.9927797480755578, -0.10752217830094084, 0.053172859472221196, -0.0022380830189180894], [0.10899792962400771, 0.9937104335667121, -0.025671493106885285, -0.001193141057955197], [-0.05007817038103289, 0.03128187005403741, 0.9982552887198797, 0.01323202879592633], [0.0, 0.0, 0.0, 1.0]], "antennas": [-0.20050236524771245, 0.4086603085162585], "body_yaw": 0.12100764834658437, "check_collision": false}, {"head": [[0.9927547279469239, -0.10750192470499836, 0.05367854621495343, -0.002218604608312857], [0.10899344582584192, 0.9937109694511753, -0.025669786898521795, -0.0011744944768883698], [-0.050581408699632825, 0.03133441202778698, 0.998228268341883, 0.013229942018715744], [0.0, 0.0, 0.0, 1.0]], "antennas": [-0.20050236524771245, 0.4086603085162585], "body_yaw": 0.12100764834658437, "check_collision": false}, {"head": [[0.9927301314534578, -0.10758533122562297, 0.05396556874038148, -0.002159949061803315], [0.10908640038008716, 0.993700544613335, -0.025678490751528577, -0.0014385212051028669], [-0.050862986114808155, 0.03137872113764374, 0.9982125687964715, 0.013360606898055514], [0.0, 0.0, 0.0, 1.0]], "antennas": [-0.20050236524771245, 0.4086603085162585], "body_yaw": 0.12100764834658437, "check_collision": false}, {"head": [[0.9927250782178629, -0.10749806613336291, 0.05423176979340667, -0.002152580917411709], [0.10900289153481843, 0.9937119934012029, -0.025589916132263028, -0.0014304930433895746], [-0.051139893570348066, 0.03131517121452132, 0.9982004164181754, 0.013373008947966112], [0.0, 0.0, 0.0, 1.0]], "antennas": [-0.20050236524771245, 0.4086603085162585], "body_yaw": 0.12100764834658437, "check_collision": false}, {"head": [[0.9927212833382834, -0.1074676549652984, 0.05436135339973714, -0.0021285382472013763], [0.10897462437037735, 0.9937160434747031, -0.025553007343894044, -0.0013492107278702927], [-0.051273627241757554, 0.03129102231058477, 0.9981943132838574, 0.0133703253793207], [0.0, 0.0, 0.0, 1.0]], "antennas": [-0.20050236524771245, 0.4086603085162585], "body_yaw": 0.12100764834658437, "check_collision": false}, {"head": [[0.9927155202064571, -0.10752296396373584, 0.05435722731777466, -0.002144799980238883], [0.10902708178729464, 0.9937116784695331, -0.025498931550356138, -0.001335043984779764], [-0.051273690896693105, 0.031239594967226225, 0.9981959208132009, 0.013401181663228233], [0.0, 0.0, 0.0, 1.0]], "antennas": [-0.20050236524771245, 0.4086603085162585], "body_yaw": 0.12100764834658437, "check_collision": false}, {"head": [[0.9927164402289209, -0.10762888619905364, 0.054130325648107214, -0.002172873937551371], [0.10912453197197769, 0.9937017197797727, -0.025470151719582498, -0.0013194209925979049], [-0.051048073627863705, 0.03119158479899491, 0.9982089857422698, 0.013434280749070491], [0.0, 0.0, 0.0, 1.0]], "antennas": [-0.20050236524771245, 0.4086603085162585], "body_yaw": 0.12100764834658437, "check_collision": false}, {"head": [[0.9927205139727754, -0.10761766635115595, 0.05407789776572868, -0.0022227411166739273], [0.10910545939599874, 0.9937069178533279, -0.025348769998330134, -0.001386206902432077], [-0.051009605640677115, 0.031064437860219632, 0.998214917156026, 0.013536092062026992], [0.0, 0.0, 0.0, 1.0]], "antennas": [-0.20050236524771245, 0.4086603085162585], "body_yaw": 0.12100764834658437, "check_collision": false}, {"head": [[0.9927186461030683, -0.10765031207594743, 0.05404720149316355, -0.002239160369375417], [0.10913624749740335, 0.9937040032320393, -0.025330484456581655, -0.0013805255293560257], [-0.05098008593045931, 0.031044552993572477, 0.9982170438176021, 0.013553180460689205], [0.0, 0.0, 0.0, 1.0]], "antennas": [-0.20050236524771245, 0.4086603085162585], "body_yaw": 0.12100764834658437, "check_collision": false}, {"head": [[0.9926958736900665, -0.10759925968797016, 0.05456465589845127, -0.0022379635823686407], [0.10909819160925349, 0.9937096997956085, -0.025270874929695493, -0.001372954353546377], [-0.05150230039819816, 0.031039198551548686, 0.9981904032833472, 0.013563139767094666], [0.0, 0.0, 0.0, 1.0]], "antennas": [-0.20050236524771245, 0.4086603085162585], "body_yaw": 0.12100764834658437, "check_collision": false}, {"head": [[0.9926354204909559, -0.10774115995698626, 0.05537837518261769, -0.0022351831385806556], [0.109270779475923, 0.9936882220760179, -0.025369549860552325, -0.0014951661163835625], [-0.052295494447111526, 0.031233952015810366, 0.9981430866874782, 0.013641065606003755], [0.0, 0.0, 0.0, 1.0]], "antennas": [-0.20050236524771245, 0.4086603085162585], "body_yaw": 0.12100764834658437, "check_collision": false}, {"head": [[0.9925195550838565, -0.10802355618401298, 0.05688448018135992, -0.0022498082882096036], [0.10961397377990147, 0.9936441521455932, -0.02561397390185413, -0.0014949796771514864], [-0.053756018531167384, 0.03165770390008068, 0.9980521430543857, 0.013647668721189499], [0.0, 0.0, 0.0, 1.0]], "antennas": [-0.20050236524771245, 0.4086603085162585], "body_yaw": 0.12100764834658437, "check_collision": false}, {"head": [[0.9923740294558692, -0.1083429211756032, 0.05878432693038383, -0.002259418823431502], [0.11001574354798309, 0.9935897403698901, -0.025999307746134973, -0.001630214432826395], [-0.05559066318281907, 0.032268239227309065, 0.9979320813081736, 0.013719391098309663], [0.0, 0.0, 0.0, 1.0]], "antennas": [-0.20050236524771245, 0.4086603085162585], "body_yaw": 0.12100764834658437, "check_collision": false}, {"head": [[0.992161074417543, -0.10880507922061017, 0.06146427536726984, -0.002312858363567536], [0.11059587491000497, 0.9935116694931612, -0.026516316369403048, -0.001617767554019352], [-0.05818036493111198, 0.03310615224861509, 0.9977569983817574, 0.01369691303238496], [0.0, 0.0, 0.0, 1.0]], "antennas": [-0.20892168271788894, 0.4086603085162585], "body_yaw": 0.12100764834658437, "check_collision": false}, {"head": [[0.9918300938738057, -0.10943248403656845, 0.06555605482229762, -0.002375047208277813], [0.11138800717760412, 0.9934116072388329, -0.026946065764058235, -0.0016702479184197115], [-0.062175370873682086, 0.03402807724137712, 0.9974849939803481, 0.013685249873787386], [0.0, 0.0, 0.0, 1.0]], "antennas": [-0.22021561626869698, 0.4086603085162585], "body_yaw": 0.12100764834658437, "check_collision": false}, {"head": [[0.991353555337942, -0.1102053057019129, 0.07122442638568659, -0.0024560072892843413], [0.11248142813039468, 0.9932373580785661, -0.028765931983118203, -0.0016027877825796934], [-0.06757260276598066, 0.036528634141703833, 0.9970454363985488, 0.013560385183412516], [0.0, 0.0, 0.0, 1.0]], "antennas": [-0.23479482534022678, 0.4086603085162585], "body_yaw": 0.12100764834658437, "check_collision": false}, {"head": [[0.9906380093661047, -0.11150531807907896, 0.07875848169718089, -0.002493995368570144], [0.11418025606770144, 0.9929977225321941, -0.03030498589654715, -0.0017536837324604983], [-0.07482782586361761, 0.03901393451011083, 0.996432992925548, 0.013535155668522814], [0.0, 0.0, 0.0, 1.0]], "antennas": [-0.24978469385184676, 0.4086603085162585], "body_yaw": 0.12100764834658437, "check_collision": false}, {"head": [[0.9897572356689377, -0.11290422751813653, 0.08736847171329198, -0.0025373035708995896], [0.11614577818820918, 0.9926858949082046, -0.03293739909817844, -0.0016788431083300222], [-0.08301067792783498, 0.042747508217792475, 0.9956313965977225, 0.01335608886935058], [0.0, 0.0, 0.0, 1.0]], "antennas": [-0.26477456236346675, 0.4086603085162585], "body_yaw": 0.12100764834658437, "check_collision": false}, {"head": [[0.9886043436571873, -0.11409858752279095, 0.09819859483437551, -0.002531573470474484], [0.11819559668105734, 0.9923026583598453, -0.03694908844874043, -0.001430390953468968], [-0.09322688789909625, 0.0481346708442888, 0.9944806689098392, 0.012992863002827646], [0.0, 0.0, 0.0, 1.0]], "antennas": [-0.2797644308750868, 0.4086603085162585], "body_yaw": 0.12100764834658437, "check_collision": false}, {"head": [[0.9872854705026232, -0.1145991221879569, 0.1101564384326392, -0.0024931320429642774], [0.11967365197161323, 0.9919830431645549, -0.04059383078456765, -0.0013526503280468982], [-0.10462130164642044, 0.05326052260106585, 0.9930849409663154, 0.012718007692537168], [0.0, 0.0, 0.0, 1.0]], "antennas": [-0.29927155322769916, 0.41913132529023206], "body_yaw": 0.12100764834658437, "check_collision": false}, {"head": [[0.9860421423715123, -0.11286949593801518, 0.12239840829886858, -0.002386233256485116], [0.11897129611352905, 0.991934563685362, -0.04372244352043103, -0.001295530022213688], [-0.11647628157039164, 0.057674069156152585, 0.9915175124920922, 0.012380824733578264], [0.0, 0.0, 0.0, 1.0]], "antennas": [-0.3216532916609431, 0.43781553086600994], "body_yaw": 0.12100764834658437, "check_collision": false}, {"head": [[0.9844510965356106, -0.11111793566926839, 0.13604720835957743, -0.002342277974622236], [0.11828340206908908, 0.9919256116149352, -0.04574513982161444, -0.0011086601898015096], [-0.12986560485669854, 0.061125979705336196, 0.9896456634979344, 0.011951975313651662], [0.0, 0.0, 0.0, 1.0]], "antennas": [-0.34855228393517945, 0.4634809469233216], "body_yaw": 0.12100764834658437, "check_collision": false}, {"head": [[0.9824552408964947, -0.10934323544969361, 0.1510819529143166, -0.0022161822207393813], [0.1176369263415211, 0.991940635762802, -0.047067278266414575, -0.0011495944038813532], [-0.14471783993665205, 0.06401431077408729, 0.9874000783979048, 0.011600164523642096], [0.0, 0.0, 0.0, 1.0]], "antennas": [-0.38078984893058865, 0.4998235084229789], "body_yaw": 0.12100764834658437, "check_collision": false}, {"head": [[0.9803043871913256, -0.10885612332089475, 0.1647836547385263, -0.002168535683821297], [0.11834331454731639, 0.991769630787898, -0.04886572775260194, -0.001181187068498164], [-0.15810809073350618, 0.06740433118415039, 0.9851185145870638, 0.011267536992050296], [0.0, 0.0, 0.0, 1.0]], "antennas": [-0.42124060272780217, 0.541504642643809], "body_yaw": 0.12100764834658437, "check_collision": false}, {"head": [[0.9780600460655546, -0.10944317837626545, 0.17725895463176483, -0.0021312326655918146], [0.12039048171399462, 0.9913534622844018, -0.05219621374583998, -0.0013477947147281606], [-0.17001375886356213, 0.07239132215694108, 0.9827791299541583, 0.011085006378391602], [0.0, 0.0, 0.0, 1.0]], "antennas": [-0.467851248126369, 0.5938629223069849], "body_yaw": 0.12100764834658437, "check_collision": false}, {"head": [[0.9757056583598174, -0.10952729176906865, 0.18974256402391465, -0.002216189139043546], [0.12203004736219052, 0.9909746727194328, -0.05547851448439586, -0.0013629702733014646], [-0.18195366384169787, 0.07728499457428387, 0.9802652160656503, 0.010778338154217247], [0.0, 0.0, 0.0, 1.0]], "antennas": [-0.5152832124051162, 0.6462212019701608], "body_yaw": 0.12100764834658437, "check_collision": false}, {"head": [[0.9735519826588005, -0.10910295987876913, 0.20073136577727638, -0.0022904011578350285], [0.12316421212477628, 0.9906361532920336, -0.05891170208410344, -0.0013590846979952848], [-0.1924243069697852, 0.082076524880472, 0.9778733712248961, 0.010502872475151468], [0.0, 0.0, 0.0, 1.0]], "antennas": [-0.5627151766838635, 0.6985794816333366], "body_yaw": 0.12100764834658437, "check_collision": false}, {"head": [[0.9715979347965924, -0.10816738658697506, 0.21046916538519572, -0.002354892398676799], [0.12376220581186811, 0.9903509440501578, -0.06235321989715013, -0.001361798131887795], [-0.20169375179111965, 0.08663038784344355, 0.9756099663238978, 0.010203096003326249], [0.0, 0.0, 0.0, 1.0]], "antennas": [-0.6101471409626108, 0.7509377612965125], "body_yaw": 0.12100764834658437, "check_collision": false}, {"head": [[0.9696249456803131, -0.10621018556368601, 0.22033352263552028, -0.0023699151779126544], [0.12343326541727244, 0.9901627344186565, -0.06589376569143825, -0.0013475830913895993], [-0.211167454175304, 0.09108872515902487, 0.9731963576000603, 0.009888081466480457], [0.0, 0.0, 0.0, 1.0]], "antennas": [-0.6575791052413581, 0.8032960409596883], "body_yaw": 0.12100764834658437, "check_collision": false}, {"head": [[0.9675162535716804, -0.10423884246724013, 0.23031839439287133, -0.0023996045617603015], [0.1234044988547151, 0.9898561404257191, -0.07039993553914625, -0.0013347833175057838], [-0.22064366915240724, 0.09653540792159748, 0.9705654466754801, 0.009555803117725968], [0.0, 0.0, 0.0, 1.0]], "antennas": [-0.7050110695201053, 0.8556543206228641], "body_yaw": 0.12100764834658437, "check_collision": false}, {"head": [[0.9647909360772382, -0.1036084175003526, 0.2417514125838342, -0.001707006357410781], [0.12479878558550864, 0.9894176798430202, -0.07401295785494019, -0.00227646048680383], [-0.2315247562995993, 0.10157731359475669, 0.9675114141875969, 0.009955917799415848], [0.0, 0.0, 0.0, 1.0]], "antennas": [-0.7524430337988526, 0.9080126002860399], "body_yaw": 0.12100764834658437, "check_collision": false}, {"head": [[0.9629722720353939, -0.10197967835027917, 0.2495687249928669, -0.0016641143263165894], [0.12469689117662928, 0.9892076060451267, -0.07693502111102288, -0.002325201801688088], [-0.23902947228715435, 0.10520673621989832, 0.9652960447614408, 0.009747953205770044], [0.0, 0.0, 0.0, 1.0]], "antennas": [-0.7998749980775999, 0.9603708799492158], "body_yaw": 0.12100764834658437, "check_collision": false}, {"head": [[0.9614299509890156, -0.10072468714033544, 0.25594332720690344, -0.0015992749991747958], [0.124747963719027, 0.9890072786856934, -0.07938859020460742, -0.0024721642891836083], [-0.24513342262779023, 0.10825497728603664, 0.9634264190915591, 0.009672303946329008], [0.0, 0.0, 0.0, 1.0]], "antennas": [-0.8473069623563471, 1.0127291596123915], "body_yaw": 0.12100764834658437, "check_collision": false}, {"head": [[0.9603918710284594, -0.09973347364718488, 0.2601935592913883, -0.0016630459019392912], [0.12460877617538829, 0.98890333852371, -0.08088782329085374, -0.00251614097572485], [-0.2492390558530643, 0.11010640894574066, 0.9621623936459719, 0.00960308369279761], [0.0, 0.0, 0.0, 1.0]], "antennas": [-0.8947389266350944, 1.0650874392755674], "body_yaw": 0.12100764834658437, "check_collision": false}, {"head": [[0.959483701530702, -0.09911241336251077, 0.2637570018300976, -0.0016895519481850564], [0.12473094850270892, 0.9887809832397003, -0.08218489927685381, -0.0027594763737262586], [-0.2526523638966354, 0.11175373238058238, 0.961081623129093, 0.009811571434864441], [0.0, 0.0, 0.0, 1.0]], "antennas": [-0.9421708909138417, 1.1174457189387432], "body_yaw": 0.12100764834658437, "check_collision": false}, {"head": [[0.9589113242479274, -0.09906550594689092, 0.26584788462685427, -0.0017883217465277446], [0.1250114759237007, 0.9887210980408008, -0.08247861041731738, -0.002776215919003756], [-0.25467862712929934, 0.11232370996579544, 0.9604801825457179, 0.009816199835667838], [0.0, 0.0, 0.0, 1.0]], "antennas": [-0.989602855192589, 1.169803998601919], "body_yaw": 0.12100764834658437, "check_collision": false}, {"head": [[0.9580899551642222, -0.09880470732905489, 0.268888950355046, -0.001903508260897259], [0.12519496446666023, 0.9886714409542703, -0.08279494376831492, -0.002765948910934286], [-0.25766229581685063, 0.1129885465479867, 0.9596060283592236, 0.00978525059283919], [0.0, 0.0, 0.0, 1.0]], "antennas": [-1.0370348194713361, 1.222162278265095], "body_yaw": 0.12100764834658437, "check_collision": false}, {"head": [[0.9566555608407594, -0.09851763329166746, 0.2740518451736107, -0.0020168781245905863], [0.12568401580374386, 0.9885617228758073, -0.08336215110144252, -0.0027539346986306373], [-0.26270452238950215, 0.11419280185468789, 0.9580951612030403, 0.009708993074422412], [0.0, 0.0, 0.0, 1.0]], "antennas": [-1.0844667837500834, 1.2745205579282708], "body_yaw": 0.12100764834658437, "check_collision": false}, {"head": [[0.9550072514115071, -0.0981422561822892, 0.27987362738008786, -0.0021209451436668505], [0.1262134460217946, 0.9884347546382217, -0.08406486701697737, -0.0027464449851773787], [-0.26838650449443596, 0.115606372552418, 0.956349230579776, 0.009596547151907941], [0.0, 0.0, 0.0, 1.0]], "antennas": [-1.1318987480288307, 1.3268788375914466], "body_yaw": 0.12100764834658437, "check_collision": false}, {"head": [[0.9533431731732563, -0.09760666992406551, 0.2856741713040948, -0.002186968747516245], [0.12671372453862972, 0.9882734989483122, -0.08520048878973013, -0.002749833973266496], [-0.274008076847189, 0.11742414258914216, 0.9545318981363116, 0.009483537229276418], [0.0, 0.0, 0.0, 1.0]], "antennas": [-1.179330712307578, 1.3792371172546225], "body_yaw": 0.12100764834658437, "check_collision": false}, {"head": [[0.9518340218720087, -0.09644631835149821, 0.2910499999714793, -0.002212792398871947], [0.12662668691039702, 0.9881574274181675, -0.08666360712782159, -0.002769096146014569], [-0.2792448333793356, 0.11934406694406968, 0.9527745361396874, 0.009393987292915185], [0.0, 0.0, 0.0, 1.0]], "antennas": [-1.2267626765863253, 1.4315953969177984], "body_yaw": 0.12100764834658437, "check_collision": false}, {"head": [[0.9504878065868951, -0.09522369021295315, 0.2958130800892017, -0.002278167839323227], [0.12628157231092355, 0.9881117612639382, -0.08768187809666825, -0.0027925187188661826], [-0.2839469915746844, 0.12069629685332328, 0.9512131779478145, 0.009300251886557365], [0.0, 0.0, 0.0, 1.0]], "antennas": [-1.2741946408650724, 1.4839536765809742], "body_yaw": 0.12100764834658437, "check_collision": false}, {"head": [[0.948975782583386, -0.09415546298741051, 0.30096463722483396, -0.002353492282110409], [0.1261631555952954, 0.988035638888166, -0.08870419638940509, -0.0028225234489748785], [-0.28901180294321344, 0.12214878254194446, 0.9495008439612012, 0.009210979876509873], [0.0, 0.0, 0.0, 1.0]], "antennas": [-1.3216266051438197, 1.53631195624415], "body_yaw": 0.12100764834658437, "check_collision": false}, {"head": [[0.9473614964072876, -0.09316386253810112, 0.30631142623468494, -0.002420148171815652], [0.12616253637874214, 0.9879444243896686, -0.08971526476497382, -0.0028566515739913215], [-0.29426044508127086, 0.12363781393387943, 0.94769429745368, 0.009122343472793837], [0.0, 0.0, 0.0, 1.0]], "antennas": [-1.369058569422567, 1.588670235907326], "body_yaw": 0.12100764834658437, "check_collision": false}, {"head": [[0.9459271851797684, -0.09248503340362896, 0.3109152278905133, -0.002436321206968081], [0.1262330769305051, 0.9878920025775106, -0.09019202587841621, -0.0029030212658666746], [-0.298809254586496, 0.12456287504599978, 0.9461485715963097, 0.009023594061729812], [0.0, 0.0, 0.0, 1.0]], "antennas": [-1.4164905337013143, 1.6410285155705018], "body_yaw": 0.12100764834658437, "check_collision": false}, {"head": [[0.9443347464255168, -0.09201928740560933, 0.3158549310028554, -0.0024637657578514835], [0.1265161107093142, 0.9878307589343436, -0.0904658246753285, -0.0029514208136910526], [-0.30368661548452086, 0.12539075902379165, 0.9444848316023895, 0.008914138802836091], [0.0, 0.0, 0.0, 1.0]], "antennas": [-1.4639224979800616, 1.6933867952336776], "body_yaw": 0.12100764834658437, "check_collision": false}, {"head": [[0.9427130431217653, -0.0915845933342371, 0.3207871265994055, -0.0024602328413933436], [0.1268428543835826, 0.9877624574160537, -0.0907536115602217, -0.0029991044169724937], [-0.3085498478689073, 0.1262441681156035, 0.9427934033481955, 0.008791884896304558], [0.0, 0.0, 0.0, 1.0]], "antennas": [-1.5113544622588089, 1.7457450748968533], "body_yaw": 0.12100764834658437, "check_collision": false}, {"head": [[0.9407901167887122, -0.09074422414873344, 0.32661818984301166, -0.0023503974070186564], [0.12688267243384108, 0.9877298990009151, -0.09105182071594495, -0.003082009510130601], [-0.3143481248373016, 0.1271028418379637, 0.9407603967047007, 0.008627956311401341], [0.0, 0.0, 0.0, 1.0]], "antennas": [-1.5587864265375562, 1.7981033545600291], "body_yaw": 0.12100764834658437, "check_collision": false}, {"head": [[0.938324956276299, -0.08904981752709681, 0.33409041654538985, -0.0022034653558988837], [0.12639994991116468, 0.9877287501815571, -0.09173313865356315, -0.0031853914907828034], [-0.3218218903237261, 0.12830450523332976, 0.9380664288019765, 0.008402297017762295], [0.0, 0.0, 0.0, 1.0]], "antennas": [-1.6062183908163032, 1.850461634223205], "body_yaw": 0.12100764834658437, "check_collision": false}, {"head": [[0.9350443132230002, -0.08674892402306854, 0.34375391850881915, -0.002001890312503242], [0.12580865269148028, 0.9876894537768055, -0.09296088320379721, -0.0033153805703274716], [-0.3314578634114485, 0.13016976253690954, 0.9344471722381111, 0.008116375536537324], [0.0, 0.0, 0.0, 1.0]], "antennas": [-1.6536503550950505, 1.9028199138863808], "body_yaw": 0.12100764834658437, "check_collision": false}, {"head": [[0.9309163889369323, -0.08427141884636236, 0.3553772710433847, -0.0017026458294993995], [0.12541597871047613, 0.9876090877962707, -0.09433515774254883, -0.003476255810228537], [-0.34302406488862514, 0.1323881326548537, 0.929950468164539, 0.007800647008414763], [0.0, 0.0, 0.0, 1.0]], "antennas": [-1.7010823193737978, 1.9551781935495567], "body_yaw": 0.12100764834658437, "check_collision": false}, {"head": [[0.9269787746521321, -0.08195857859657793, 0.36605073792967513, -0.0013205374058978528], [0.1250612791526642, 0.9875329934564544, -0.09559426390549403, -0.0036695949774778417], [-0.35365241099295586, 0.13439262713914926, 0.9256719688796385, 0.0074842620215582745], [0.0, 0.0, 0.0, 1.0]], "antennas": [-1.7485142836525451, 2.0075364732127325], "body_yaw": 0.12100764834658437, "check_collision": false}, {"head": [[0.9233481452256516, -0.08009571119116271, 0.37551681687659616, -0.000805032898938412], [0.1250060138252904, 0.9874263351725283, -0.09676119633025031, -0.0038986143575435624], [-0.36304503744833166, 0.13628613156345654, 0.9217507207090255, 0.007156292321423452], [0.0, 0.0, 0.0, 1.0]], "antennas": [-1.7959462479312924, 2.0598947528759086], "body_yaw": 0.12100764834658437, "check_collision": false}, {"head": [[0.9199024551129082, -0.08059006615493644, 0.38377690695817873, -0.00014157105881251698], [0.1271321381522311, 0.9870869048165513, -0.09745184343316693, -0.004202430213072714], [-0.37096750872021883, 0.13843656878449215, 0.9182692545746539, 0.006744416302335132], [0.0, 0.0, 0.0, 1.0]], "antennas": [-1.8433782122100397, 2.1036291842971897], "body_yaw": 0.12100764834658437, "check_collision": false}, {"head": [[0.9160987049626428, -0.08301698994017156, 0.3922643778716618, 0.0006588112334462071], [0.13123309337207323, 0.9865255481245627, -0.09769963204397168, -0.004565199320888029], [-0.3788681010190289, 0.1409805741185792, 0.9146493534417605, 0.006285087184194626], [0.0, 0.0, 0.0, 1.0]], "antennas": [-1.890810176488787, 2.1329905353153134], "body_yaw": 0.12100764834658437, "check_collision": false}, {"head": [[0.9132991995210591, -0.09006017823507786, 0.39720742245136637, 0.0015637600066790442], [0.1394200944895179, 0.9854579226683273, -0.0971324863408661, -0.004994032355442336], [-0.38268343236508967, 0.14408971839271062, 0.9125741304939466, 0.005780993069865347], [0.0, 0.0, 0.0, 1.0]], "antennas": [-1.938242140767534, 2.1329905353153134], "body_yaw": 0.12100764834658437, "check_collision": false}, {"head": [[0.9113346490696728, -0.1018664671180287, 0.398863861840037, 0.0024327063016561855], [0.15173182921961473, 0.9838045683670316, -0.09542548538953627, -0.005460369857089536], [-0.3826834323650898, 0.1474848946063647, 0.9120315764578677, 0.005279089431429851], [0.0, 0.0, 0.0, 1.0]], "antennas": [-1.984852786166101, 2.1329905353153134], "body_yaw": 0.12100764834658437, "check_collision": false}, {"head": [[0.9101066668936335, -0.11851566522884947, 0.39706409050822533, 0.0029455618825056213], [0.16796581172482083, 0.9814868177518463, -0.09203864770288671, -0.005977889385518704], [-0.37880514907717777, 0.15045817915526338, 0.9131642762164428, 0.004929382144440719], [0.0, 0.0, 0.0, 1.0]], "antennas": [-2.026124858843495, 2.1329905353153134], "body_yaw": 0.12100764834658437, "check_collision": false}, {"head": [[0.9111313587434773, -0.1392818989446315, 0.38786621371375246, 0.0031478444278192075], [0.18723709981117198, 0.9783177880875148, -0.0885244258148776, -0.006600364438152132], [-0.36712656614383826, 0.15328032534519884, 0.9174547543576762, 0.004757391041693149], [0.0, 0.0, 0.0, 1.0]], "antennas": [-2.056309126638453, 2.1329905353153134], "body_yaw": 0.12100764834658437, "check_collision": false}, {"head": [[0.9132215159746833, -0.1642616840347136, 0.37288679504506617, 0.0030134897492181114], [0.20951083086365882, 0.9741951824311033, -0.08395807453037923, -0.007413859213558562], [-0.34947342461440556, 0.15479614234892705, 0.9240706032561419, 0.004718971515231374], [0.0, 0.0, 0.0, 1.0]], "antennas": [-2.067603060189261, 2.1329905353153134], "body_yaw": 0.12100764834658437, "check_collision": false}, {"head": [[0.914602682454708, -0.1892783689103329, 0.35731727121606766, 0.002824322047894483], [0.23205047488709574, 0.9693694643976785, -0.08046998569672847, -0.008387538631055598], [-0.3311412241798449, 0.15651370724636948, 0.9305100478192978, 0.004713644839323017], [0.0, 0.0, 0.0, 1.0]], "antennas": [-2.067603060189261, 2.1329905353153134], "body_yaw": 0.12100764834658437, "check_collision": false}, {"head": [[0.9151114941232964, -0.2141490949341645, 0.3416300901008369, 0.0026654565885777565], [0.25443615510581263, 0.9639976002123238, -0.07727140324758708, -0.009533489525677655], [-0.3127829859477631, 0.15763499587261245, 0.9366525565960104, 0.004607049220879844], [0.0, 0.0, 0.0, 1.0]], "antennas": [-2.067603060189261, 2.1329905353153134], "body_yaw": 0.12100764834658437, "check_collision": false}, {"head": [[0.9138364491491142, -0.231623889185377, 0.33354657570597057, 0.0037829783184882694], [0.2707873757148892, 0.959676566329224, -0.07546578822217415, -0.011944560715511197], [-0.3026171531159164, 0.15928358985529806, 0.9397082508112969, 0.006691598385452191], [0.0, 0.0, 0.0, 1.0]], "antennas": [-2.067603060189261, 2.1329905353153134], "body_yaw": 0.12100764834658437, "check_collision": false}, {"head": [[0.9124341709585662, -0.2506078804914445, 0.32351131958980933, 0.003958192764244894], [0.2878752106385702, 0.9549440156161467, -0.07217887598672632, -0.013070909081626817], [-0.2908466034990828, 0.15898936214254797, 0.9434673475847232, 0.006531116478870614], [0.0, 0.0, 0.0, 1.0]], "antennas": [-2.067603060189261, 2.1329905353153134], "body_yaw": 0.12100764834658437, "check_collision": false}, {"head": [[0.9110307421100763, -0.2643253545441301, 0.3164728959571165, 0.004350373196519282], [0.30019532677033345, 0.9513355020337858, -0.0695954621751867, -0.010781043932523044], [-0.2826760561413306, 0.1584072899687544, 0.9460451245945611, 0.004285819074293151], [0.0, 0.0, 0.0, 1.0]], "antennas": [-2.067603060189261, 2.1329905353153134], "body_yaw": 0.12100764834658437, "check_collision": false}, {"head": [[0.9103239017448389, -0.26892743620976767, 0.31462426474398664, 0.004599800213424234], [0.3045547782330732, 0.9499786473658678, -0.06918783566726035, -0.011197997277842937], [-0.28027982618707403, 0.1588036636937497, 0.946691404540036, 0.004075047995105607], [0.0, 0.0, 0.0, 1.0]], "antennas": [-2.067603060189261, 2.1329905353153134], "body_yaw": 0.1210076483