{"description": "When someone laughs, you can mimic the laughter. Or simply laugh at a joke or funny situation.", "time": [0.0, 0.010146379470825195, 0.020233154296875, 0.030292272567749023, 0.040291547775268555, 0.050490617752075195, 0.06045699119567871, 0.07039880752563477, 0.0805521011352539, 0.09066247940063477, 0.10064435005187988, 0.11080169677734375, 0.12080168724060059, 0.13085722923278809, 0.1408827304840088, 0.1510312557220459, 0.1610424518585205, 0.1709742546081543, 0.18115830421447754, 0.19118690490722656, 0.20126962661743164, 0.21139883995056152, 0.22153115272521973, 0.23142337799072266, 0.2414531707763672, 0.2516813278198242, 0.26157259941101074, 0.2716515064239502, 0.28219175338745117, 0.29192614555358887, 0.30193209648132324, 0.3120722770690918, 0.3221304416656494, 0.33208680152893066, 0.34214282035827637, 0.3523216247558594, 0.36237287521362305, 0.37238574028015137, 0.38254284858703613, 0.3924741744995117, 0.40251660346984863, 0.4125351905822754, 0.4226372241973877, 0.43266892433166504, 0.44280290603637695, 0.45287060737609863, 0.4629356861114502, 0.47290921211242676, 0.48299384117126465, 0.4930717945098877, 0.5031464099884033, 0.5131931304931641, 0.5232172012329102, 0.5332269668579102, 0.5433471202850342, 0.5535833835601807, 0.5636975765228271, 0.5735502243041992, 0.58363938331604, 0.5937180519104004, 0.6036806106567383, 0.6138267517089844, 0.623889684677124, 0.6339385509490967, 0.6439688205718994, 0.6540255546569824, 0.6641542911529541, 0.6741855144500732, 0.6841936111450195, 0.6942636966705322, 0.7042615413665771, 0.7143819332122803, 0.724529504776001, 0.7344822883605957, 0.7446184158325195, 0.7546684741973877, 0.7646725177764893, 0.7747282981872559, 0.7848780155181885, 0.7949211597442627, 0.8049042224884033, 0.8151273727416992, 0.8250112533569336, 0.8350367546081543, 0.8452267646789551, 0.855217695236206, 0.8652770519256592, 0.8753697872161865, 0.8853399753570557, 0.8954846858978271, 0.9055283069610596, 0.9156112670898438, 0.9257175922393799, 0.9357409477233887, 0.9457900524139404, 0.9558701515197754, 0.9658982753753662, 0.9760172367095947, 0.9860825538635254, 0.9960746765136719, 1.0061473846435547, 1.0162668228149414, 1.026252031326294, 1.0362517833709717, 1.046393632888794, 1.056469202041626, 1.0665221214294434, 1.0766141414642334, 1.086693286895752, 1.096681833267212, 1.1067328453063965, 1.1170580387115479, 1.1269330978393555, 1.136868953704834, 1.1470019817352295, 1.157067060470581, 1.1670658588409424, 1.1771228313446045, 1.1872024536132812, 1.1973252296447754, 1.207352638244629, 1.2175278663635254, 1.2275793552398682, 1.2374868392944336, 1.2476615905761719, 1.257741928100586, 1.267756462097168, 1.2778289318084717, 1.287874460220337, 1.297926902770996, 1.3079276084899902, 1.318066120147705, 1.328153371810913, 1.33809494972229, 1.3482904434204102, 1.3583426475524902, 1.3683006763458252, 1.3784065246582031, 1.3884856700897217, 1.3984932899475098, 1.408715009689331, 1.4186418056488037, 1.4288358688354492, 1.4386823177337646, 1.4488515853881836, 1.4588713645935059, 1.4688751697540283, 1.4789760112762451, 1.489046335220337, 1.498978614807129, 1.5090456008911133, 1.5191314220428467, 1.5292019844055176, 1.539245843887329, 1.549330472946167, 1.5594520568847656, 1.5694153308868408, 1.5795531272888184, 1.5896289348602295, 1.5996215343475342, 1.609670877456665, 1.6197423934936523, 1.629819631576538, 1.6398839950561523, 1.6501150131225586, 1.6600542068481445, 1.6699817180633545, 1.6801066398620605, 1.690171718597412, 1.7001924514770508, 1.710319995880127, 1.7203562259674072, 1.7304203510284424, 1.7404778003692627, 1.7505970001220703, 1.7606334686279297, 1.7707936763763428, 1.7807576656341553, 1.7908720970153809, 1.8008315563201904, 1.8109397888183594, 1.8210508823394775, 1.8310825824737549, 1.8411226272583008, 1.8513708114624023, 1.861447811126709, 1.8713598251342773, 1.8814656734466553, 1.891615390777588, 1.9014804363250732, 1.9115617275238037, 1.9215924739837646, 1.9316394329071045, 1.941652774810791, 1.9517712593078613, 1.9618394374847412, 1.9718561172485352, 1.982001781463623, 1.9919712543487549, 2.001997232437134, 2.012099504470825, 2.022280216217041, 2.032165050506592, 2.0423262119293213, 2.0523369312286377, 2.0623679161071777, 2.0723955631256104, 2.082516670227051, 2.0925703048706055, 2.10261869430542, 2.1126973628997803, 2.1227433681488037, 2.1328325271606445, 2.142894744873047, 2.1529858112335205, 2.1629207134246826, 2.1729633808135986, 2.183114767074585, 2.1930947303771973, 2.2032318115234375, 2.213386058807373, 2.2234508991241455, 2.2334015369415283, 2.2434284687042236, 2.2535009384155273, 2.2635815143585205, 2.2736034393310547, 2.2837460041046143, 2.2939581871032715, 2.304053544998169, 2.3140945434570312, 2.3241820335388184, 2.3340537548065186, 2.3441343307495117, 2.3541858196258545, 2.364211320877075, 2.3743088245391846, 2.3843979835510254, 2.3944504261016846, 2.40446400642395, 2.4145355224609375, 2.42466139793396, 2.4346559047698975, 2.4448153972625732, 2.454878807067871, 2.464872121810913, 2.474900722503662, 2.4850234985351562, 2.495030641555786, 2.505087375640869, 2.5151588916778564, 2.5251834392547607, 2.535236358642578, 2.5453052520751953, 2.555406093597412, 2.5654373168945312, 2.5755090713500977, 2.5858278274536133, 2.5957157611846924, 2.6057353019714355, 2.61582612991333, 2.6258623600006104, 2.635897159576416, 2.64593243598938, 2.656097650527954, 2.666099786758423, 2.676161527633667, 2.68617844581604, 2.6961190700531006, 2.7062113285064697, 2.716326951980591, 2.726346254348755, 2.7363858222961426, 2.746521472930908, 2.7573928833007812, 2.7667081356048584, 2.7770302295684814, 2.787031650543213, 2.7970173358917236, 2.8069560527801514, 2.8170006275177, 2.8269670009613037, 2.8370673656463623, 2.847106456756592, 2.857203960418701, 2.8672025203704834, 2.877492666244507, 2.8875648975372314, 2.8976070880889893, 2.907498598098755, 2.9176154136657715, 2.9277172088623047, 2.9377095699310303, 2.9478111267089844, 2.9578113555908203, 2.967940092086792, 2.977921724319458, 2.9880082607269287, 2.9980344772338867, 3.008099317550659, 3.0182008743286133, 3.0282254219055176, 3.03828763961792, 3.0483407974243164, 3.058466911315918, 3.0684542655944824, 3.0786173343658447, 3.0886223316192627, 3.098691463470459, 3.1087112426757812, 3.1188724040985107, 3.128840923309326, 3.1388864517211914, 3.149085283279419, 3.1589906215667725, 3.1689956188201904, 3.179117202758789, 3.1891562938690186, 3.199267625808716, 3.2093119621276855, 3.219510555267334, 3.229618787765503, 3.2395360469818115, 3.249619960784912, 3.2596700191497803, 3.269752264022827, 3.279801845550537, 3.289842128753662, 3.2998924255371094, 3.309903383255005, 3.321072816848755, 3.3302929401397705, 3.3401038646698, 3.3503592014312744, 3.3602054119110107, 3.370737075805664, 3.3807294368743896, 3.3908984661102295, 3.401055335998535, 3.4110403060913086, 3.421013355255127, 3.43105411529541, 3.441114664077759, 3.451245069503784, 3.4613211154937744, 3.47127628326416, 3.4813969135284424, 3.491475820541382, 3.5015032291412354, 3.511587619781494, 3.5216925144195557, 3.5317018032073975, 3.5417892932891846, 3.551913022994995, 3.5619449615478516, 3.571908712387085, 3.5820250511169434, 3.5920217037200928, 3.602024793624878, 3.6121058464050293, 3.6222219467163086, 3.6322431564331055, 3.6423263549804688, 3.6524100303649902, 3.6625282764434814, 3.6725265979766846, 3.6826138496398926, 3.692648410797119, 3.702686309814453, 3.71274995803833, 3.7228775024414062, 3.732813596725464, 3.742884397506714, 3.753074884414673, 3.7630605697631836, 3.773106813430786, 3.78317928314209, 3.7932348251342773, 3.8032546043395996, 3.8134210109710693, 3.8234498500823975, 3.8334922790527344, 3.8436715602874756, 3.8537750244140625, 3.8637278079986572, 3.873713493347168, 3.8841092586517334, 3.8938755989074707, 3.903874397277832, 3.9140355587005615, 3.9240522384643555, 3.934058904647827, 3.944171667098999, 3.954253911972046, 3.9642996788024902, 3.9743828773498535, 3.9844679832458496, 3.994568109512329, 4.00450587272644, 4.01475191116333, 4.024672269821167, 4.034756183624268, 4.04490327835083, 4.0549280643463135, 4.064887046813965, 4.074931621551514, 4.085038661956787, 4.09506630897522, 4.1051025390625, 4.1151814460754395, 4.12524676322937, 4.135265588760376, 4.145453453063965, 4.155487298965454, 4.165515422821045, 4.175554990768433, 4.1857452392578125, 4.195680379867554, 4.2058398723602295, 4.216039419174194, 4.22607421875, 4.236243963241577, 4.246082544326782, 4.256170034408569, 4.266096115112305, 4.276217460632324, 4.286546468734741, 4.29635214805603, 4.306471347808838, 4.316518545150757, 4.326559782028198, 4.336529493331909, 4.346641302108765, 4.356752395629883, 4.3668646812438965, 4.376822471618652, 4.3870415687561035, 4.3970911502838135, 4.407018184661865, 4.417200565338135, 4.427159309387207, 4.437185049057007, 4.447285890579224, 4.457307577133179, 4.4672932624816895, 4.477414846420288, 4.487553358078003, 4.4975481033325195, 4.507591247558594, 4.517650604248047, 4.527729272842407, 4.537755250930786, 4.547907829284668, 4.558392763137817, 4.56834602355957, 4.578075170516968, 4.588496923446655, 4.598350286483765, 4.6082658767700195, 4.61836838722229, 4.6283745765686035, 4.63844108581543, 4.6484763622283936, 4.658566236495972], "set_target_data": [{"head": [[0.9893404762653202, -0.06731482686327087, -0.12912837065291694, 0.00344905893509287], [0.05865386257115426, 0.9958390056283491, -0.06974524553419134, -0.007656729733433978], [0.13328595735708015, 0.061427916727725296, 0.9891721107157733, 0.00045260253977374813], [0.0, 0.0, 0.0, 1.0]], "antennas": [-0.1903132916378182, 0.25629995516645876], "body_yaw": 0.14772788924845118, "check_collision": false}, {"head": [[0.9893366911270999, -0.06745074912410394, -0.12908643628313177, 0.0033805866917895515], [0.058832150478362974, 0.9958486478653992, -0.06945681114727258, -0.007663886201014816], [0.1332354669739747, 0.061121739072557676, 0.9891978787648978, 0.00047150807829365697], [0.0, 0.0, 0.0, 1.0]], "antennas": [-0.1903132916378182, 0.25629995516645876], "body_yaw": 0.14772788924845118, "check_collision": false}, {"head": [[0.9893436258479786, -0.06760486661791687, -0.1289525959550596, 0.003323609708139293], [0.05904191778070564, 0.9958601809122334, -0.06911260390283655, -0.007676187544642547], [0.13309110390537593, 0.06076250556904028, 0.9892394431977635, 0.00047972619678226906], [0.0, 0.0, 0.0, 1.0]], "antennas": [-0.1903132916378182, 0.25629995516645876], "body_yaw": 0.14772788924845118, "check_collision": false}, {"head": [[0.989395163750408, -0.06792007496243575, -0.1283903164744146, 0.00335438582442034], [0.05938451832326101, 0.9958349217860444, -0.0691830003317082, -0.007630841657127178], [0.13255447533303996, 0.06082492884073081, 0.9893076564450022, 0.00042876260534541015], [0.0, 0.0, 0.0, 1.0]], "antennas": [-0.1903132916378182, 0.25629995516645876], "body_yaw": 0.14772788924845118, "check_collision": false}, {"head": [[0.9894688742006329, -0.0682598423555435, -0.12763988761248557, 0.0032525668888264527], [0.0598018066079771, 0.9958249921890869, -0.06896614283854367, -0.007641498467379378], [0.1318146081227483, 0.06060675583794807, 0.9894198958138274, 0.0004308545815919756], [0.0, 0.0, 0.0, 1.0]], "antennas": [-0.1903132916378182, 0.25629995516645876], "body_yaw": 0.14772788924845118, "check_collision": false}, {"head": [[0.9895076333405968, -0.06866465171168885, -0.12712123806037975, 0.0031006425373492014], [0.060287222843173345, 0.9958196971855072, -0.06861910418551377, -0.0076497133369079155], [0.13130153968080052, 0.06023534097751336, 0.9895107929551724, 0.000446851289598647], [0.0, 0.0, 0.0, 1.0]], "antennas": [-0.1903132916378182, 0.25629995516645876], "body_yaw": 0.14772788924845118, "check_collision": false}, {"head": [[0.9894665559300805, -0.06903825179657651, -0.12723857310084014, 0.002884996769768431], [0.060736787857346444, 0.9958340947417001, -0.06801101639257265, -0.007651063736750211], [0.13140387093475225, 0.0595665639335659, 0.98953769365523, 0.0004798874612910158], [0.0, 0.0, 0.0, 1.0]], "antennas": [-0.1903132916378182, 0.25629995516645876], "body_yaw": 0.14772788924845118, "check_collision": false}, {"head": [[0.9893509910661811, -0.06956265974543056, -0.12785011867615334, 0.0026318477614747137], [0.06130169326111974, 0.9958372626589985, -0.06745553130138486, -0.00759183521137337], [0.13201029838495412, 0.05889976798743761, 0.9894968915824552, 0.00048527995388869365], [0.0, 0.0, 0.0, 1.0]], "antennas": [-0.1903132916378182, 0.25629995516645876], "body_yaw": 0.14772788924845118, "check_collision": false}, {"head": [[0.9891627685559433, -0.07039334643634972, -0.1288479494607249, 0.0023426466053245104], [0.06213304068925461, 0.9958132913191502, -0.06704755093833846, -0.007591341372724903], [0.1330282021131192, 0.05831522622449226, 0.9893951848644391, 0.0005531746503769624], [0.0, 0.0, 0.0, 1.0]], "antennas": [-0.1903132916378182, 0.25629995516645876], "body_yaw": 0.14772788924845118, "check_collision": false}, {"head": [[0.9889500682305351, -0.07143669633253236, -0.12990212070598986, 0.0020678032275586672], [0.06313294389813523, 0.9957563080544679, -0.06695973689083987, -0.007593943523598981], [0.13413423851341952, 0.05801873306811472, 0.9892632777332817, 0.0006173566577315475], [0.0, 0.0, 0.0, 1.0]], "antennas": [-0.1903132916378182, 0.25629995516645876], "body_yaw": 0.14772788924845118, "check_collision": false}, {"head": [[0.9887897276912455, -0.07254937473681755, -0.13050464603825043, 0.0018245135713841594], [0.06419183974836837, 0.9956757745376132, -0.06715027705559712, -0.007593924205035298], [0.1348120251386797, 0.058020170839290675, 0.9891710558107669, 0.0006604888657207857], [0.0, 0.0, 0.0, 1.0]], "antennas": [-0.1903132916378182, 0.25629995516645876], "body_yaw": 0.14772788924845118, "check_collision": false}, {"head": [[0.9887016844619503, -0.0735237205504775, -0.1306263436620592, 0.0016575939121316477], [0.06516820660959678, 0.9956135339961178, -0.0671326729026269, -0.007402121753744058], [0.13498919952867341, 0.057861502228835036, 0.9891561871466162, 0.0006777197982448229], [0.0, 0.0, 0.0, 1.0]], "antennas": [-0.1903132916378182, 0.25629995516645876], "body_yaw": 0.14772788924845118, "check_collision": false}, {"head": [[0.9886453989709755, -0.07399758625242576, -0.1307846792339837, 0.0015301316628443086], [0.06568089324164157, 0.9956019076824331, -0.06680465314692172, -0.0074036491111914016], [0.13515285922429196, 0.057456058409146415, 0.9891574727997479, 0.0006743030570065516], [0.0, 0.0, 0.0, 1.0]], "antennas": [-0.1903132916378182, 0.25629995516645876], "body_yaw": 0.14772788924845118, "check_collision": false}, {"head": [[0.9887071745745728, -0.07417049388660063, -0.13021851166935802, 0.001466723210779946], [0.0659491645472893, 0.9956141750286169, -0.0663560259328493, -0.007421381217412759], [0.1345690552849337, 0.05701887686287892, 0.9892623600648193, 0.0006472568176140153], [0.0, 0.0, 0.0, 1.0]], "antennas": [-0.1903132916378182, 0.25629995516645876], "body_yaw": 0.14772788924845118, "check_collision": false}, {"head": [[0.9888121525283782, -0.07419254003654932, -0.12940631366019437, 0.0014044678438196083], [0.06605841984577601, 0.9956265591218394, -0.06606088054730971, -0.007423428759375796], [0.13374158732299676, 0.05677342489344608, 0.9893886829988474, 0.0004898737309809702], [0.0, 0.0, 0.0, 1.0]], "antennas": [-0.1903132916378182, 0.25629995516645876], "body_yaw": 0.14772788924845118, "check_collision": false}, {"head": [[0.9890014270428651, -0.07403958647998633, -0.12804029420869348, 0.0014353602732277712], [0.06603750435924692, 0.9956546960285069, -0.06565648707008155, -0.007447565303450015], [0.13234509936215474, 0.05647889791996622, 0.9895933047290524, 0.0004039220253259073], [0.0, 0.0, 0.0, 1.0]], "antennas": [-0.1903132916378182, 0.25629995516645876], "body_yaw": 0.14772788924845118, "check_collision": false}, {"head": [[0.9891019148796817, -0.07408167196515503, -0.1272372109887426, 0.0013901785097252305], [0.06617314938123156, 0.9956690070840893, -0.06530193437527403, -0.007478862454717881], [0.13152382401038928, 0.05617058136632151, 0.9897203390385858, 0.00030622992564288513], [0.0, 0.0, 0.0, 1.0]], "antennas": [-0.1903132916378182, 0.25629995516645876], "body_yaw": 0.14772788924845118, "check_collision": false}, {"head": [[0.9892548137207363, -0.07415917271916438, -0.12599734374962007, 0.0013077170231489523], [0.06642033262874504, 0.9957012614874623, -0.0645549168209713, -0.007484436607542944], [0.13024305334196384, 0.05549247673229951, 0.9899279428737614, 0.00024897042481686164], [0.0, 0.0, 0.0, 1.0]], "antennas": [-0.1903132916378182, 0.25629995516645876], "body_yaw": 0.14772788924845118, "check_collision": false}, {"head": [[0.9893499247112776, -0.07431085304270096, -0.12515839402076148, 0.0011051034981196884], [0.06678635800030383, 0.9957583380100548, -0.06328439514216225, -0.0074724178603659645], [0.12933023180542644, 0.054251538259483284, 0.9901163879754921, 0.00023995180597124847], [0.0, 0.0, 0.0, 1.0]], "antennas": [-0.1903132916378182, 0.25629995516645876], "body_yaw": 0.14772788924845118, "check_collision": false}, {"head": [[0.9894196540541621, -0.07459609720999402, -0.12443540674735244, 0.0007731747740987614], [0.06725425431140139, 0.9957952351812607, -0.062198994102114366, -0.007441602997740195], [0.12855198733726084, 0.05317209673630176, 0.990276281994225, 0.0002125002905390954], [0.0, 0.0, 0.0, 1.0]], "antennas": [-0.1903132916378182, 0.25629995516645876], "body_yaw": 0.14772788924845118, "check_collision": false}, {"head": [[0.9893449667190082, -0.07540366889347495, -0.12454245679754274, 0.00044727621059995493], [0.0681642837374244, 0.9957825666096537, -0.061406110924356785, -0.0074243980568023775], [0.12864745333790523, 0.05226247940629787, 0.990312307303094, 0.0002903111422554155], [0.0, 0.0, 0.0, 1.0]], "antennas": [-0.1903132916378182, 0.25629995516645876], "body_yaw": 0.14772788924845118, "check_collision": false}, {"head": [[0.9892489029139917, -0.07648068637178172, -0.12464875729651088, 0.00013799163020390953], [0.0692753824656245, 0.9957213588856516, -0.0611546960024526, -0.00741784787421332], [0.12879258312381486, 0.051862125592884334, 0.9903144906852988, 0.00038588105499059826], [0.0, 0.0, 0.0, 1.0]], "antennas": [-0.1903132916378182, 0.25629995516645876], "body_yaw": 0.14772788924845118, "check_collision": false}, {"head": [[0.9891799804317457, -0.07762795692657821, -0.12448641137271547, -0.00011971808154833102], [0.07041893610026477, 0.9956317861543865, -0.06130676828485809, -0.007428056514988245], [0.12870174727469108, 0.051877227204542964, 0.9903255088838266, 0.0004631425317757048], [0.0, 0.0, 0.0, 1.0]], "antennas": [-0.1903132916378182, 0.25629995516645876], "body_yaw": 0.14772788924845118, "check_collision": false}, {"head": [[0.989155925809141, -0.07877076266862695, -0.1239585470440171, -0.00033271545584482535], [0.07154783669956441, 0.9955278644922304, -0.06168612553201652, -0.007438321906244178], [0.12826325077851963, 0.052148230728780096, 0.9903681641347244, 0.0005144213329067986], [0.0, 0.0, 0.0, 1.0]], "antennas": [-0.1903132916378182, 0.25629995516645876], "body_yaw": 0.14772788924845118, "check_collision": false}, {"head": [[0.9892242434503745, -0.0794074699029421, -0.12300345480370385, -0.0004902252669336362], [0.07219663030340516, 0.9954604485583094, -0.06201727121473629, -0.007436925094791418], [0.1273697088905636, 0.05246855324574961, 0.990466560857776, 0.0005258868867495919], [0.0, 0.0, 0.0, 1.0]], "antennas": [-0.1903132916378182, 0.25629995516645876], "body_yaw": 0.14772788924845118, "check_collision": false}, {"head": [[0.9893404695790217, -0.07983450377719531, -0.12178623592101835, -0.0006237705157265518], [0.07269107029202437, 0.995424391404485, -0.062018459323095854, -0.0074337458267604226], [0.12618020269820826, 0.052504599833343296, 0.9906168903483221, 0.0004969693351748444], [0.0, 0.0, 0.0, 1.0]], "antennas": [-0.1903132916378182, 0.25629995516645876], "body_yaw": 0.14772788924845118, "check_collision": false}, {"head": [[0.9895093717395788, -0.0797224028141679, -0.12048046202218768, -0.0007727917627637611], [0.0727496571761643, 0.995470055860022, -0.06121156154514657, -0.007227253009247576], [0.12481462502565482, 0.0518045014991965, 0.9908267270336045, 0.0004224239688933578], [0.0, 0.0, 0.0, 1.0]], "antennas": [-0.1903132916378182, 0.25629995516645876], "body_yaw": 0.14772788924845118, "check_collision": false}, {"head": [[0.98972883451715, -0.07921771364005299, -0.11900163011894732, -0.0008807927218299752], [0.07243192598909516, 0.9955482009263708, -0.06031082597491932, -0.007199141259198289], [0.12324954451369963, 0.05107184623556627, 0.9910606521799039, 0.00037125443709251464], [0.0, 0.0, 0.0, 1.0]], "antennas": [-0.1903132916378182, 0.25629995516645876], "body_yaw": 0.14772788924845118, "check_collision": false}, {"head": [[0.9899062017920554, -0.07886624789917551, -0.11775324452401431, -0.000961787394983967], [0.07225067479808181, 0.9956139013332909, -0.059437357470919626, -0.007085842095942603], [0.12192436854398031, 0.05032965740207113, 0.9912625151497164, 0.00021142096568415973], [0.0, 0.0, 0.0, 1.0]], "antennas": [-0.1903132916378182, 0.25629995516645876], "body_yaw": 0.14772788924845118, "check_collision": false}, {"head": [[0.9901216919203468, -0.07855909950475273, -0.1161357097269912, -0.0010394203583671312], [0.07211975921777519, 0.9956699639236283, -0.05865205257014234, -0.007052098222595053], [0.12024049034813408, 0.04969699010325442, 0.9915000926149816, 0.0001475632973387802], [0.0, 0.0, 0.0, 1.0]], "antennas": [-0.1903132916378182, 0.25629995516645876], "body_yaw": 0.14772788924845118, "check_collision": false}, {"head": [[0.9903686695623302, -0.0786111061078203, -0.11397452498626533, -0.0011356519183840274], [0.07232318736993634, 0.9956759588938212, -0.05829872596826037, -0.007015778262825383], [0.11806462178820919, 0.049494230748383744, 0.9917716804812651, 9.391726738805332e-05], [0.0, 0.0, 0.0, 1.0]], "antennas": [-0.1903132916378182, 0.25629995516645876], "body_yaw": 0.14772788924845118, "check_collision": false}, {"head": [[0.9906326159483051, -0.07900185951346807, -0.11138099664140025, -0.0012798456846397918], [0.07284785084560676, 0.995638515676897, -0.058284961421288875, -0.007014565757279639], [0.1154998305046098, 0.04962511757284971, 0.992067103002255, 2.5736721846912267e-05], [0.0, 0.0, 0.0, 1.0]], "antennas": [-0.1903132916378182, 0.25629995516645876], "body_yaw": 0.14772788924845118, "check_collision": false}, {"head": [[0.9908357189825167, -0.07938043666956378, -0.10928551716741465, -0.0015194908676292177], [0.07336271936414633, 0.9956155219025933, -0.05803140489532269, -0.006984421057214871], [0.11341291547216929, 0.049482106066503946, 0.9923149861729019, 5.350732495157211e-05], [0.0, 0.0, 0.0, 1.0]], "antennas": [-0.1903132916378182, 0.25629995516645876], "body_yaw": 0.14772788924845118, "check_collision": false}, {"head": [[0.9909506211082783, -0.07941898685772851, -0.10821040177177939, -0.0018162727808271979], [0.07353750532405727, 0.9956446712932436, -0.05730553058897213, -0.0069714379747201054], [0.11229025708329383, 0.04882942813367076, 0.9924749795900686, 0.00015120113026856168], [0.0, 0.0, 0.0, 1.0]], "antennas": [-0.1903132916378182, 0.25629995516645876], "body_yaw": 0.14772788924845118, "check_collision": false}, {"head": [[0.9910022831835282, -0.07910804914050577, -0.1079647687267331, -0.0020045530853110482], [0.07331457062806283, 0.9957003115565881, -0.05662034351481482, -0.006902967488324125], [0.11197967877546544, 0.04819549903565863, 0.9925410547750894, 0.00011147075535788802], [0.0, 0.0, 0.0, 1.0]], "antennas": [-0.1903132916378182, 0.25629995516645876], "body_yaw": 0.14772788924845118, "check_collision": false}, {"head": [[0.9909933783132411, -0.07883726880320797, -0.10824421087042328, -0.002260519891218113], [0.07307032784171287, 0.9957390471279227, -0.05625368622482976, -0.006935316687163068], [0.11221787437130741, 0.04783759057924773, 0.9925314673093032, 0.0002711999155675642], [0.0, 0.0, 0.0, 1.0]], "antennas": [-0.1903132916378182, 0.25629995516645876], "body_yaw": 0.14772788924845118, "check_collision": false}, {"head": [[0.9910041271834046, -0.07870045303953481, -0.10824536293454008, -0.0024496559453481464], [0.07292219234258344, 0.9957446012677812, -0.056347519111479824, -0.0069857932300455335], [0.11221931103606718, 0.047947134819916984, 0.9925260190509622, 0.0004275826280775146], [0.0, 0.0, 0.0, 1.0]], "antennas": [-0.1903132916378182, 0.25629995516645876], "body_yaw": 0.14772788924845118, "check_collision": false}, {"head": [[0.9910536861590117, -0.07880928898309013, -0.10771112811875425, -0.0025706904862942354], [0.07298813778596457, 0.9957047132181315, -0.056963635924469264, -0.0068888051263029815], [0.11173774157898467, 0.048592386699751855, 0.9925489696038426, 0.0005012585575998579], [0.0, 0.0, 0.0, 1.0]], "antennas": [-0.1903132916378182, 0.25629995516645876], "body_yaw": 0.14772788924845118, "check_collision": false}, {"head": [[0.9910841897180915, -0.0789977036135595, -0.10729161996455541, -0.0026047257562732884], [0.07312866281126908, 0.9956588156305181, -0.05758230225225592, -0.0069568701871321], [0.11137471690769898, 0.049222816670916485, 0.992558706955267, 0.0006092459004132227], [0.0, 0.0, 0.0, 1.0]], "antennas": [-0.1903132916378182, 0.25629995516645876], "body_yaw": 0.14772788924845118, "check_collision": false}, {"head": [[0.9911920600844131, -0.07902955341113771, -0.1062667855599919, -0.0025874117850090373], [0.07317752125007809, 0.9956373748110645, -0.05789013960102506, -0.0070379882488883425], [0.11037821528413812, 0.0496039067712205, 0.9926510474601438, 0.0006579774472383875], [0.0, 0.0, 0.0, 1.0]], "antennas": [-0.1903132916378182, 0.25629995516645876], "body_yaw": 0.14772788924845118, "check_collision": false}, {"head": [[0.9913411047453606, -0.07908959820789367, -0.10482198957070832, -0.002573495842024415], [0.07328590420455904, 0.9956163915301658, -0.05811348519381456, -0.007114009629388051], [0.10895866320384046, 0.049928312326429074, 0.9927916061999449, 0.0007084921894303636], [0.0, 0.0, 0.0, 1.0]], "antennas": [-0.1903132916378182, 0.25629995516645876], "body_yaw": 0.14772788924845118, "check_collision": false}, {"head": [[0.9915341565474293, -0.07878876166837033, -0.10321020993362146, -0.0025555099046621734], [0.07307275826578914, 0.9956360749715771, -0.058044622615890225, -0.007195543923768283], [0.10733307225271724, 0.050011371206519696, 0.9929644879605898, 0.0007479788700590611], [0.0, 0.0, 0.0, 1.0]], "antennas": [-0.1903132916378182, 0.25629995516645876], "body_yaw": 0.14772788924845118, "check_collision": false}, {"head": [[0.991745713748094, -0.07831410278534641, -0.10152507358879041, -0.002537918617995241], [0.07268014570493751, 0.9956640488960204, -0.05805771401193247, -0.007276544112361179], [0.10563160361649425, 0.05019963188020891, 0.9931374332268916, 0.0007960055565735518], [0.0, 0.0, 0.0, 1.0]], "antennas": [-0.1903132916378182, 0.25629995516645876], "body_yaw": 0.14772788924845118, "check_collision": false}, {"head": [[0.9919145134203802, -0.07795073757975735, -0.10014629587150305, -0.00253963754073682], [0.072368000638879, 0.9956770896455799, -0.05822375493249677, -0.00735021932549175], [0.10425195705377445, 0.05050560033976468, 0.9932676949265884, 0.0008693145622852266], [0.0, 0.0, 0.0, 1.0]], "antennas": [-0.1903132916378182, 0.25629995516645876], "body_yaw": 0.14772788924845118, "check_collision": false}, {"head": [[0.9920180853933912, -0.07789385826883666, -0.0991597957663526, -0.002562705104529648], [0.07233730146691927, 0.9956657986917181, -0.05845453046656822, -0.007423178180977067], [0.10328326616114737, 0.050814999356265864, 0.9933531108178543, 0.0009646769277165106], [0.0, 0.0, 0.0, 1.0]], "antennas": [-0.1903132916378182, 0.25629995516645876], "body_yaw": 0.14772788924845118, "check_collision": false}, {"head": [[0.9920422912097817, -0.07819326691474894, -0.09868082620471688, -0.0029016255375893417], [0.07263970568583596, 0.9956308889354606, -0.058673726278971425, -0.0069910797435356956], [0.10283756905490249, 0.05103867167926063, 0.9933878841540674, 0.0010386507577608822], [0.0, 0.0, 0.0, 1.0]], "antennas": [-0.1903132916378182, 0.25629995516645876], "body_yaw": 0.14772788924845118, "check_collision": false}, {"head": [[0.9921009424249378, -0.07832874059781172, -0.09798126573948214, -0.003039022733101208], [0.07277941154054379, 0.9956021053614221, -0.05898817725371726, -0.007050103279115644], [0.10217082409064955, 0.051391207382825016, 0.9934385066567398, 0.0012142713248862718], [0.0, 0.0, 0.0, 1.0]], "antennas": [-0.1903132916378182, 0.25629995516645876], "body_yaw": 0.14772788924845118, "check_collision": false}, {"head": [[0.9921723599614583, -0.07847338952537591, -0.09713874234778179, -0.0032000029778153855], [0.07294305503007975, 0.9955754245329113, -0.05923584040926488, -0.007114929693831318], [0.1013573818297852, 0.05168656694453367, 0.9935065072489958, 0.0014198391179026642], [0.0, 0.0, 0.0, 1.0]], "antennas": [-0.1903132916378182, 0.25629995516645876], "body_yaw": 0.14772788924845118, "check_collision": false}, {"head": [[0.992314924286442, -0.07838311082564631, -0.09574538618485733, -0.003112697997910208], [0.07291395690809613, 0.9955708540469497, -0.059348373694917425, -0.006572405670048036], [0.099973226047764, 0.05191110198716374, 0.993635039420451, 0.0010708447013748606], [0.0, 0.0, 0.0, 1.0]], "antennas": [-0.1903132916378182, 0.25629995516645876], "body_yaw": 0.14772788924845118, "check_collision": false}, {"head": [[0.9923587165762824, -0.07845962644930074, -0.09522743644827406, -0.0032393124610704165], [0.07294656963954574, 0.9955257532708247, -0.06006057402639729, -0.006609549291441174], [0.09951369560465931, 0.05265511933320097, 0.9936420194391489, 0.0012747812971600752], [0.0, 0.0, 0.0, 1.0]], "antennas": [-0.1903132916378182, 0.25629995516645876], "body_yaw": 0.14772788924845118, "check_collision": false}, {"head": [[0.9924149562107176, -0.07852633800169691, -0.09458418963718287, -0.0033520193627222883], [0.07297216338966027, 0.9954778027201532, -0.06081946778530977, -0.006639263624673186], [0.09893239135648166, 0.05345613651863423, 0.9936572967623138, 0.001479948025251419], [0.0, 0.0, 0.0, 1.0]], "antennas": [-0.1903132916378182, 0.25629995516645876], "body_yaw": 0.14772788924845118, "check_collision": false}, {"head": [[0.9924381594536895, -0.07872237384495892, -0.09417689481177687, -0.0033963061356147867], [0.07312399452668397, 0.9954252953490444, -0.061492786599160784, -0.006441180598908384], [0.09858692146849625, 0.05414119721139314, 0.9936545424240169, 0.0014962161774278986], [0.0, 0.0, 0.0, 1.0]], "antennas": [-0.1903132916378182, 0.25629995516645876], "body_yaw": 0.14772788924845118, "check_collision": false}, {"head": [[0.9925392200078199, -0.07884374899926529, -0.09300301065024269, -0.003458039417549597], [0.07328637785862986, 0.9953984916900152, -0.061732888816293074, -0.006464420154595045], [0.09744230891471337, 0.05445645953404914, 0.9937502153199193, 0.0016585378070236283], [0.0, 0.0, 0.0, 1.0]], "antennas": [-0.1903132916378182, 0.25629995516645876], "body_yaw": 0.14772788924845118, "check_collision": false}, {"head": [[0.9927070710349215, -0.07896050029660835, -0.09109286750441341, -0.003520099193078363], [0.07352662711147324, 0.9953924287809262, -0.06154468158353852, -0.006503913561337964], [0.09553274947826883, 0.054398089291059555, 0.9939388017672941, 0.0017994187015228907], [0.0, 0.0, 0.0, 1.0]], "antennas": [-0.1903132916378182, 0.25629995516645876], "body_yaw": 0.14772788924845118, "check_collision": false}, {"head": [[0.9928621135368157, -0.07934782371258377, -0.0890435083275816, -0.0036708300448414916], [0.0740388628492157, 0.9953619061329209, -0.061424120729837176, -0.005910729476983045], [0.09350438648107581, 0.05439300222928786, 0.9941319484944051, 0.001635229902113398], [0.0, 0.0, 0.0, 1.0]], "antennas": [-0.1903132916378182, 0.25629995516645876], "body_yaw": 0.14772788924845118, "check_collision": false}, {"head": [[0.9930276483879141, -0.07970868133352442, -0.08684823347219026, -0.0037559516073224584], [0.0745264656517128, 0.9953291009733296, -0.061366005842710146, -0.00595147714006093], [0.09133397754742473, 0.05446564858416832, 0.9943297228131484, 0.0017599957396992032], [0.0, 0.0, 0.0, 1.0]], "antennas": [-0.1903132916378182, 0.25629995516645876], "body_yaw": 0.14772788924845118, "check_collision": false}, {"head": [[0.9932041357800286, -0.07962159579393183, -0.08488784455193893, -0.00385073683600275], [0.07456758092429991, 0.9953401482640565, -0.06113644681189744, -0.006009377166870214], [0.0893600612384772, 0.05439109060235619, 0.9945131415514538, 0.0018884938861838379], [0.0, 0.0, 0.0, 1.0]], "antennas": [-0.1903132916378182, 0.25629995516645876], "body_yaw": 0.14772788924845118, "check_collision": false}, {"head": [[0.9933809244307219, -0.07931730658794241, -0.0830849195269404, -0.003959537637848174], [0.07438639539450358, 0.9953709636538675, -0.060854818173939125, -0.006073831258682773], [0.08752715668509055, 0.05427162785843966, 0.9946826565554554, 0.0020325976764925518], [0.0, 0.0, 0.0, 1.0]], "antennas": [-0.1903132916378182, 0.25629995516645876], "body_yaw": 0.14772788924845118, "check_collision": false}, {"head": [[0.993508875731547, -0.07883007106195848, -0.08201179024386678, -0.004093647904011222], [0.07397607811284639, 0.9954149873941954, -0.06063450121882553, -0.006133761439579622], [0.08641558719166047, 0.0541740045352038, 0.9947851645068598, 0.002192450836699498], [0.0, 0.0, 0.0, 1.0]], "antennas": [-0.1903132916378182, 0.25629995516645876], "body_yaw": 0.14772788924845118, "check_collision": false}, {"head": [[0.9936014028511758, -0.07820314365882942, -0.0814893893341492, -0.004241051243360966], [0.07342257146012336, 0.9954883536565415, -0.06010044703970358, -0.006198274950601523], [0.0858217819225349, 0.05373272797900388, 0.9948605006188435, 0.00238572216003685], [0.0, 0.0, 0.0, 1.0]], "antennas": [-0.1903132916378182, 0.25629995516645876], "body_yaw": 0.14772788924845118, "check_collision": false}, {"head": [[0.9936883068141965, -0.07734903100473599, -0.08124454629920676, -0.004411770996849279], [0.07265156378034478, 0.9955947663508503, -0.05926897582265656, -0.006264008591483369], [0.08547104293856518, 0.05299234489456515, 0.9949304057076404, 0.0026141055392744344], [0.0, 0.0, 0.0, 1.0]], "antennas": [-0.1903132916378182, 0.25629995516645876], "body_yaw": 0.14772788924845118, "check_collision": false}, {"head": [[0.9937719982106055, -0.07648002816968501, -0.08104332707672446, -0.004615836261386445], [0.07187052047330893, 0.9957058602493896, -0.05834782045560159, -0.00632905788996495], [0.0851577586564867, 0.05215980402750403, 0.9950012618004141, 0.0028762743702668275], [0.0, 0.0, 0.0, 1.0]], "antennas": [-0.1903132916378182, 0.25629995516645876], "body_yaw": 0.14772788924845118, "check_collision": false}, {"head": [[0.9938177560549324, -0.0763072372921523, -0.08064411501639875, -0.004538753117184413], [0.07178129606193345, 0.9957553267036795, -0.05760880902186274, -0.006195934907905624], [0.08469777615503281, 0.05146391821546003, 0.995076756756133, 0.002975377316084658], [0.0, 0.0, 0.0, 1.0]], "antennas": [-0.1903132916378182, 0.25629995516645876], "body_yaw": 0.14772788924845118, "check_collision": false}, {"head": [[0.9938122587763998, -0.07616019491955553, -0.08085059687822498, -0.004744734681647964], [0.07171375662321952, 0.9958210174874083, -0.05654766344711636, -0.006235644268723318], [0.0848194047181161, 0.050399661111539325, 0.995120868409012, 0.003276686215760603], [0.0, 0.0, 0.0, 1.0]], "antennas": [-0.1903132916378182, 0.25629995516645876], "body_yaw": 0.14772788924845118, "check_collision": false}, {"head": [[0.9939017848148805, -0.07624180341155849, -0.07966448113399074, -0.004948945541564656], [0.07194722677132769, 0.9958654107510668, -0.05545881561594909, -0.006263972899099772], [0.08356338134440139, 0.049388977334643785, 0.9952777955003959, 0.003578682971203005], [0.0, 0.0, 0.0, 1.0]], "antennas": [-0.1903132916378182, 0.25629995516645876], "body_yaw": 0.14772788924845118, "check_collision": false}, {"head": [[0.9940619130414601, -0.07656512690469354, -0.07732201744924375, -0.005143585940816521], [0.07246501957609487, 0.9958801475706002, -0.05451194926432215, -0.006294044725114923], [0.0811771764610544, 0.048585111061188485, 0.9955148180740371, 0.003876870315171253], [0.0, 0.0, 0.0, 1.0]], "antennas": [-0.1903132916378182, 0.25629995516645876], "body_yaw": 0.14772788924845118, "check_collision": false}, {"head": [[0.9942098413829664, -0.07701414002420463, -0.07493739743004972, -0.005329543817912164], [0.073078490999941, 0.995867611563369, -0.05391877587856295, -0.006327873338824187], [0.0787802351508839, 0.04813026569013888, 0.9957294572694776, 0.0041763335483733215], [0.0, 0.0, 0.0, 1.0]], "antennas": [-0.1903132916378182, 0.25629995516645876], "body_yaw": 0.14772788924845118, "check_collision": false}, {"head": [[0.9942499014331413, -0.07777861767025628, -0.07360448446591103, -0.0055056470616391025], [0.07393914856434831, 0.9958251544153239, -0.05352816215110413, -0.00636188175777796], [0.0774605435674684, 0.04777811703070524, 0.9958499463891295, 0.004481823897063085], [0.0, 0.0, 0.0, 1.0]], "antennas": [-0.1903132916378182, 0.25629995516645876], "body_yaw": 0.14772788924845118, "check_collision": false}, {"head": [[0.9941537803038958, -0.07832065438861424, -0.07432453298617539, -0.005663106730335493], [0.07446962990843814, 0.9958007395044185, -0.05324623389268134, -0.0063923218305473335], [0.078182704793158, 0.04740002424675658, 0.9958115797542392, 0.004800129097301762], [0.0, 0.0, 0.0, 1.0]], "antennas": [-0.1903132916378182, 0.25629995516645876], "body_yaw": 0.14772788924845118, "check_collision": false}, {"head": [[0.9940421067883184, -0.07861294657507555, -0.07550029511615249, -0.005806970816068898], [0.07475349678949587, 0.9958108831931481, -0.05265548054880342, -0.006430797886912197], [0.07932341804022715, 0.04669785375011256, 0.9957545409414655, 0.005129767037693743], [0.0, 0.0, 0.0, 1.0]], "antennas": [-0.1903132916378182, 0.25629995516645876], "body_yaw": 0.14772788924845118, "check_collision": false}, {"head": [[0.9939783886257887, -0.0789968863927662, -0.07593717722649757, -0.005896659724099916], [0.07515362527254957, 0.9958044356584682, -0.052205924293248135, -0.00584131422806025], [0.0797426833839526, 0.04618460634418732, 0.9957449907398775, 0.00476264520949121], [0.0, 0.0, 0.0, 1.0]], "antennas": [-0.1903132916378182, 0.25629995516645876], "body_yaw": 0.14772788924845118, "check_collision": false}, {"head": [[0.993953957669114, -0.079238512630451, -0.07600518502062274, -0.005963256464884211], [0.07538810574792652, 0.9957838121692763, -0.05226119911907094, -0.005859797945513242], [0.0798258325709459, 0.046215338771208744, 0.9957369024579825, 0.005005888466991791], [0.0, 0.0, 0.0, 1.0]], "antennas": [-0.1903132916378182, 0.25629995516645876], "body_yaw": 0.14772788924845118, "check_collision": false}, {"head": [[0.9939524430397226, -0.07944519423251874, -0.0758089842216895, -0.005984289690220832], [0.07562111488361532, 0.9957771643786995, -0.05205080100897298, -0.005881101030779741], [0.07962404133881956, 0.04600326092000459, 0.9957628794173842, 0.005223705397922161], [0.0, 0.0, 0.0, 1.0]], "antennas": [-0.1903132916378182, 0.25629995516645876], "body_yaw": 0.14772788924845118, "check_collision": false}, {"head": [[0.9939395290327668, -0.07955288569692213, -0.07586534784349046, -0.005978915071803618], [0.07576010966595643, 0.9957885361936465, -0.051629419604686394, -0.005904198411438176], [0.07965311299330123, 0.045568953933648335, 0.9957805240251836, 0.0054160030485062], [0.0, 0.0, 0.0, 1.0]], "antennas": [-0.1903132916378182, 0.25629995516645876], "body_yaw": 0.14772788924845118, "check_collision": false}, {"head": [[0.9939457762902837, -0.07958616964595887, -0.07574850094748131, -0.005947378378596957], [0.07585004991215015, 0.995814751886199, -0.05098774219508885, -0.005942474620024939], [0.07948939377697034, 0.0449335234