{"description": "A lighter version of the laugh in laughing1.", "time": [0.0, 0.009981870651245117, 0.020044565200805664, 0.030200719833374023, 0.04026198387145996, 0.050293922424316406, 0.06036257743835449, 0.07043910026550293, 0.08043527603149414, 0.0905601978302002, 0.10054612159729004, 0.11060428619384766, 0.12063312530517578, 0.1307532787322998, 0.14075374603271484, 0.150801420211792, 0.16089892387390137, 0.17094707489013672, 0.18107008934020996, 0.19110846519470215, 0.2012465000152588, 0.21121692657470703, 0.22133350372314453, 0.23146915435791016, 0.24140715599060059, 0.2514810562133789, 0.2615959644317627, 0.27158188819885254, 0.28163814544677734, 0.29169631004333496, 0.3018913269042969, 0.311814546585083, 0.3219006061553955, 0.3319880962371826, 0.3419818878173828, 0.3521285057067871, 0.3621799945831299, 0.3721940517425537, 0.382232666015625, 0.39232683181762695, 0.4023773670196533, 0.41243624687194824, 0.42244863510131836, 0.4325869083404541, 0.4425673484802246, 0.4526364803314209, 0.4626953601837158, 0.47275876998901367, 0.4828763008117676, 0.49291396141052246, 0.502953052520752, 0.5130367279052734, 0.5232429504394531, 0.5331442356109619, 0.543144702911377, 0.5532796382904053, 0.5632574558258057, 0.5733203887939453, 0.5834097862243652, 0.5935001373291016, 0.6035404205322266, 0.6135134696960449, 0.6236681938171387, 0.6337130069732666, 0.643843412399292, 0.6540284156799316, 0.6639289855957031, 0.6739766597747803, 0.6839723587036133, 0.6940407752990723, 0.7041311264038086, 0.7141635417938232, 0.7242448329925537, 0.7343709468841553, 0.7443685531616211, 0.75445556640625, 0.7646417617797852, 0.7745327949523926, 0.7847297191619873, 0.7948262691497803, 0.8047323226928711, 0.8147578239440918, 0.8248767852783203, 0.8348987102508545, 0.8449273109436035, 0.8550930023193359, 0.8652603626251221, 0.8751671314239502, 0.8852493762969971, 0.8953220844268799, 0.9054112434387207, 0.9155046939849854, 0.9255402088165283, 0.9355185031890869, 0.9456272125244141, 0.9558360576629639, 0.9656803607940674, 0.975665807723999, 0.9862520694732666, 0.9958376884460449, 1.0058400630950928, 1.0160207748413086, 1.026029348373413, 1.0360231399536133, 1.0460572242736816, 1.0561668872833252, 1.0662508010864258, 1.0762417316436768, 1.0863735675811768, 1.0965065956115723, 1.1064512729644775, 1.116457223892212, 1.1265885829925537, 1.1366372108459473, 1.146651268005371, 1.156724452972412, 1.166776180267334, 1.1767725944519043, 1.1869490146636963, 1.196972370147705, 1.207007884979248, 1.2171144485473633, 1.2271580696105957, 1.2372424602508545, 1.2472352981567383, 1.2574126720428467, 1.2674524784088135, 1.2774755954742432, 1.2874791622161865, 1.297605276107788, 1.3076896667480469, 1.3176624774932861, 1.32771635055542, 1.3377954959869385, 1.3478362560272217, 1.3579397201538086, 1.3680074214935303, 1.3780262470245361, 1.3880712985992432, 1.398169755935669, 1.4082515239715576, 1.4183018207550049, 1.4289371967315674, 1.4384233951568604, 1.4484879970550537, 1.4586372375488281, 1.4686250686645508, 1.4787013530731201, 1.4887220859527588, 1.498816967010498, 1.508829116821289, 1.518927812576294, 1.5290663242340088, 1.539172649383545, 1.5491747856140137, 1.5591886043548584, 1.569312334060669, 1.5792858600616455, 1.589426040649414, 1.599463701248169, 1.6095449924468994, 1.6195297241210938, 1.629607915878296, 1.6396427154541016, 1.6497795581817627, 1.659794569015503, 1.6698684692382812, 1.6799015998840332, 1.6900370121002197, 1.7001168727874756, 1.7101268768310547, 1.7201859951019287, 1.7303924560546875, 1.7402615547180176, 1.7504231929779053, 1.760418176651001, 1.770446538925171, 1.780505657196045, 1.7906367778778076, 1.8007361888885498, 1.810718297958374, 1.8207640647888184, 1.8309388160705566, 1.8408417701721191, 1.850980281829834, 1.861243486404419, 1.8712596893310547, 1.8811280727386475, 1.8913099765777588, 1.9014408588409424, 1.9116148948669434, 1.9216408729553223, 1.9318294525146484, 1.9418208599090576, 1.9518861770629883, 1.9618983268737793, 1.9719648361206055, 1.982017993927002, 1.9921035766601562, 2.002218008041382, 2.012197256088257, 2.0223195552825928, 2.0324714183807373, 2.0423693656921387, 2.0524680614471436, 2.062471866607666, 2.072514057159424, 2.082552909851074, 2.0926382541656494, 2.102736234664917, 2.112720489501953, 2.1228513717651367, 2.132876396179199, 2.142878293991089, 2.1530661582946777, 2.1631107330322266, 2.173213481903076, 2.1832010746002197, 2.1933460235595703, 2.2033884525299072, 2.2133426666259766, 2.2234461307525635, 2.233505964279175, 2.243533134460449, 2.2536420822143555, 2.2636475563049316, 2.273697853088379, 2.2837507724761963, 2.2938504219055176, 2.303988218307495, 2.3140506744384766, 2.324044942855835, 2.3341119289398193, 2.344200611114502, 2.354215145111084, 2.364326000213623, 2.3743736743927, 2.3844027519226074, 2.3945016860961914, 2.4044971466064453, 2.4145448207855225, 2.4246342182159424, 2.4347074031829834, 2.4446895122528076, 2.454850196838379, 2.464905261993408, 2.474975824356079, 2.485121726989746, 2.495145320892334, 2.505161762237549, 2.5152037143707275, 2.525324821472168, 2.535318374633789, 2.545363426208496, 2.555474281311035, 2.565553903579712, 2.575547695159912, 2.585636854171753, 2.5956525802612305, 2.6057417392730713, 2.615783929824829, 2.6258676052093506, 2.635917901992798, 2.645925283432007, 2.6561853885650635, 2.6661016941070557, 2.676129102706909, 2.6862120628356934, 2.6963350772857666, 2.7063302993774414, 2.7163970470428467, 2.726459264755249, 2.7364888191223145, 2.746553897857666, 2.7567620277404785, 2.7666594982147217, 2.776693344116211, 2.786797046661377, 2.796872854232788, 2.8069698810577393, 2.81695556640625, 2.827075958251953, 2.837078332901001, 2.847100019454956, 2.8573386669158936, 2.867386817932129, 2.8773365020751953, 2.887470245361328, 2.8975412845611572, 2.9075515270233154, 2.917621612548828, 2.927704334259033], "set_target_data": [{"head": [[0.9849613266651217, -0.1319949802294898, 0.11148322819285758, -0.010552287134432549], [0.14350130422701513, 0.9843385270211759, -0.10239648386018127, -0.006935781281744357], [-0.09622141476422913, 0.11685456523388082, 0.9884768332767195, 0.00671707435815749], [0.0, 0.0, 0.0, 1.0]], "antennas": [0.09849821670178814, -0.09851437634150041], "body_yaw": 0.14772788924845118, "check_collision": false}, {"head": [[0.9850768689485482, -0.13368146853675725, 0.10841045720953629, -0.010810939651339974], [0.1447876546080418, 0.9841902544639872, -0.10201018621301645, -0.0068160900854251725], [-0.09305964396894661, 0.11618437066993086, 0.9888584806110553, 0.007003519872310956], [0.0, 0.0, 0.0, 1.0]], "antennas": [0.09849821670178814, -0.09851437634150041], "body_yaw": 0.14772788924845118, "check_collision": false}, {"head": [[0.9852319912135682, -0.13496128245248407, 0.10537255680739983, -0.010876605081018426], [0.14569193371983347, 0.9840775199997199, -0.1018100932136735, -0.00704620929259663], [-0.0899543436323313, 0.11565849242481958, 0.9892074247556449, 0.007147631739271795], [0.0, 0.0, 0.0, 1.0]], "antennas": [0.09849821670178814, -0.09851437634150041], "body_yaw": 0.14772788924845118, "check_collision": false}, {"head": [[0.9857185161566338, -0.1365434482343536, 0.09856416006965271, -0.011224944427215909], [0.14623423611707081, 0.9842950994724436, -0.0988873366098444, -0.00694752445869244], [-0.0835138018127573, 0.11188853336604378, 0.990205231761565, 0.0075320970414749465], [0.0, 0.0, 0.0, 1.0]], "antennas": [0.09849821670178814, -0.09851437634150041], "body_yaw": 0.14772788924845118, "check_collision": false}, {"head": [[0.9863825009851723, -0.13719963115057224, 0.09069632276108829, -0.011529607103955522], [0.14573486640512848, 0.9847187599193482, -0.09534313072676277, -0.006964003581125854], [-0.07622932811009116, 0.1072624122190441, 0.9913041230928257, 0.007837260325800118], [0.0, 0.0, 0.0, 1.0]], "antennas": [0.09849821670178814, -0.09851437634150041], "body_yaw": 0.14772788924845118, "check_collision": false}, {"head": [[0.9871442138270505, -0.13752304638448848, 0.0814476078280032, -0.01187070876541578], [0.1447375700948076, 0.9853209863842655, -0.09051844891395745, -0.006821529780333848], [-0.06780366443508082, 0.10114329193707257, 0.992558662037316, 0.008194940322709506], [0.0, 0.0, 0.0, 1.0]], "antennas": [0.09849821670178814, -0.09851437634150041], "body_yaw": 0.14772788924845118, "check_collision": false}, {"head": [[0.9876194720145859, -0.1383370977735718, 0.07396367944616694, -0.01229989571443104], [0.1445486210403135, 0.9857082427237384, -0.08651564241120291, -0.006711405878497169], [-0.060938285609081155, 0.09613588095016617, 0.9935010909611328, 0.008535606872483777], [0.0, 0.0, 0.0, 1.0]], "antennas": [0.09849821670178814, -0.09851437634150041], "body_yaw": 0.14772788924845118, "check_collision": false}, {"head": [[0.9879321810907817, -0.13904297600630847, 0.0682426288218777, -0.012474181547049691], [0.14447113489401617, 0.986075004373115, -0.0823661151991324, -0.006633424113937006], [-0.0558399207346001, 0.0912312258707012, 0.9942629263321062, 0.008692433634965299], [0.0, 0.0, 0.0, 1.0]], "antennas": [0.09849821670178814, -0.09851437634150041], "body_yaw": 0.14772788924845118, "check_collision": false}, {"head": [[0.9882210083833831, -0.13909876045796937, 0.06380261302474924, -0.012746620276789689], [0.1439132707104136, 0.9864830093600727, -0.07835970110538995, -0.006329040004374597], [-0.05204045640807407, 0.08661874556325144, 0.9948813918321561, 0.008831607693232987], [0.0, 0.0, 0.0, 1.0]], "antennas": [0.09849821670178814, -0.09851437634150041], "body_yaw": 0.14772788924845118, "check_collision": false}, {"head": [[0.9883474887526951, -0.13890801034366687, 0.06223990792574577, -0.012696861227099267], [0.14339742282869225, 0.9868465034919159, -0.07464018804819256, -0.006338216112272999], [-0.05105311550072941, 0.08269548481110706, 0.9952663142041558, 0.008781145342341642], [0.0, 0.0, 0.0, 1.0]], "antennas": [0.09849821670178814, -0.09851437634150041], "body_yaw": 0.14772788924845118, "check_collision": false}, {"head": [[0.9883949840788927, -0.1391557754387538, 0.06091818784012032, -0.012675622858074935], [0.14337630542122465, 0.9870840476448561, -0.07147249770930528, -0.006174494649658075], [-0.05018556058713271, 0.07937728294094012, 0.9955805625169009, 0.008643829098093577], [0.0, 0.0, 0.0, 1.0]], "antennas": [0.09849821670178814, -0.09851437634150041], "body_yaw": 0.14772788924845118, "check_collision": false}, {"head": [[0.9882779600462066, -0.13954901006402368, 0.06190918733968263, -0.012380679635236438], [0.14377824270174697, 0.9871228383407236, -0.07011646705126812, -0.0062564116594438415], [-0.0513272891599239, 0.0781957531858671, 0.9956158564281652, 0.008396576856268597], [0.0, 0.0, 0.0, 1.0]], "antennas": [0.09849821670178814, -0.09851437634150041], "body_yaw": 0.14772788924845118, "check_collision": false}, {"head": [[0.9880576872726073, -0.14101866966539606, 0.062094616733728084, -0.011981336706583669], [0.14523994605346485, 0.9869373549901639, -0.06971381065044499, -0.006549800559993659], [-0.05145254796308249, 0.07789988530685638, 0.995632584429259, 0.008455928589802483], [0.0, 0.0, 0.0, 1.0]], "antennas": [0.09849821670178814, -0.09851437634150041], "body_yaw": 0.14772788924845118, "check_collision": false}, {"head": [[0.9876501757756061, -0.1431709385994115, 0.06363342385082396, -0.011547241878542197], [0.1476078467327852, 0.9864540782186118, -0.07155609791471496, -0.006734822644739178], [-0.052526696767697625, 0.08006518535813947, 0.9954046977085459, 0.008068212420641038], [0.0, 0.0, 0.0, 1.0]], "antennas": [0.09849821670178814, -0.09851437634150041], "body_yaw": 0.14772788924845118, "check_collision": false}, {"head": [[0.9872267956518699, -0.14499156519256493, 0.06603559623378485, -0.011119506296770443], [0.14974036836048324, 0.9859708317605971, -0.07375188811537871, -0.006898158451972872], [-0.05441577005067611, 0.08269803468237162, 0.9950879152263208, 0.007733181264037877], [0.0, 0.0, 0.0, 1.0]], "antennas": [0.09849821670178814, -0.09851437634150041], "body_yaw": 0.14772788924845118, "check_collision": false}, {"head": [[0.9867382147160703, -0.14648550010561298, 0.06992634609180126, -0.010760006866134805], [0.15180128834721526, 0.9853319090825013, -0.07795766671699654, -0.0070463736383649545], [-0.05748099229369233, 0.0875387183059083, 0.9945013365110631, 0.007391597785323386], [0.0, 0.0, 0.0, 1.0]], "antennas": [0.09849821670178814, -0.09851437634150041], "body_yaw": 0.14772788924845118, "check_collision": false}, {"head": [[0.9862460067961898, -0.1477267130085518, 0.07413253228009253, -0.010489385476304083], [0.15364999634647727, 0.9847321002681189, -0.08181912566305678, -0.00721824051932613], [-0.0609138137149326, 0.09208424927873672, 0.9938863105674985, 0.0071833411109193356], [0.0, 0.0, 0.0, 1.0]], "antennas": [0.09849821670178814, -0.09851437634150041], "body_yaw": 0.14772788924845118, "check_collision": false}, {"head": [[0.9857598056030512, -0.14870188257431408, 0.07851977952267378, -0.010344090374569272], [0.15529743128010773, 0.9841263102413278, -0.08589594477383525, -0.007271332586265588], [-0.0645004922092429, 0.09686668988689792, 0.9932051806626467, 0.007023746487758272], [0.0, 0.0, 0.0, 1.0]], "antennas": [0.09849821670178814, -0.09851437634150041], "body_yaw": 0.14772788924845118, "check_collision": false}, {"head": [[0.9854020442242457, -0.14973004650098076, 0.08101681562176871, -0.010153982480419724], [0.156755940155681, 0.9836461686110884, -0.08870056483830534, -0.007208892272991473], [-0.06641074058152105, 0.10010558501672116, 0.9927580195515288, 0.006695408150260592], [0.0, 0.0, 0.0, 1.0]], "antennas": [0.09849821670178814, -0.09851437634150041], "body_yaw": 0.14772788924845118, "check_collision": false}, {"head": [[0.9852179276211228, -0.15038365006029683, 0.08203897176636576, -0.010152220450384795], [0.15759621132309384, 0.983398188491664, -0.08995241546462572, -0.007214549977871571], [-0.06714960365145214, 0.10155176347979429, 0.9925614187865641, 0.006648352237294427], [0.0, 0.0, 0.0, 1.0]], "antennas": [0.09849821670178814, -0.09851437634150041], "body_yaw": 0.14772788924845118, "check_collision": false}, {"head": [[0.9850596327632379, -0.1507583138231974, 0.08324332233603617, -0.00980785314071441], [0.15818406195013265, 0.9831821127085231, -0.09127286450507356, -0.007711062863798282], [-0.06808320237262257, 0.10307698124795493, 0.9923405733373484, 0.006834534195454985], [0.0, 0.0, 0.0, 1.0]], "antennas": [0.09849821670178814, -0.09851437634150041], "body_yaw": 0.14772788924845118, "check_collision": false}, {"head": [[0.9850442128358965, -0.15092027002086952, 0.08313224918969658, -0.009801769264153451], [0.15836662889448797, 0.9831086124736831, -0.09174675434404263, -0.007707871689890887], [-0.06788158521355775, 0.10353998346966457, 0.99230618370138, 0.006822680811119027], [0.0, 0.0, 0.0, 1.0]], "antennas": [0.09849821670178814, -0.09851437634150041], "body_yaw": 0.14772788924845118, "check_collision": false}, {"head": [[0.9850016667255851, -0.1510209150202534, 0.08345297942113698, -0.009691633166257076], [0.15856239269449462, 0.9829924791429624, -0.09264854867384309, -0.007837557237873832], [-0.06804178253702779, 0.10449147895794184, 0.9921954679670563, 0.00693147505032354], [0.0, 0.0, 0.0, 1.0]], "antennas": [0.09849821670178814, -0.09851437634150041], "body_yaw": 0.14772788924845118, "check_collision": false}, {"head": [[0.9850380914834501, -0.15085387674412512, 0.08332506344378221, -0.00967146986789967], [0.15839192519031972, 0.9830066363565214, -0.09278982117420992, -0.007824266121668344], [-0.06791138609354241, 0.10459952557400057, 0.9921930169521189, 0.006939258731468275], [0.0, 0.0, 0.0, 1.0]], "antennas": [0.09849821670178814, -0.09851437634150041], "body_yaw": 0.14772788924845118, "check_collision": false}, {"head": [[0.9851222396446228, -0.15029049067623124, 0.08334831353938801, -0.009700286766505167], [0.15782004501236274, 0.9831152586445313, -0.0926132906908728, -0.007897469527789068], [-0.06802210192178923, 0.10438944694074186, 0.9922075574281561, 0.007041095265930882], [0.0, 0.0, 0.0, 1.0]], "antennas": [0.09849821670178814, -0.09851437634150041], "body_yaw": 0.14772788924845118, "check_collision": false}, {"head": [[0.9852443244999334, -0.14948285191956345, 0.08335765125448254, -0.009703035641264957], [0.15699320009088513, 0.9832775229061558, -0.09229543906801513, -0.007848136702393533], [-0.0681671193897276, 0.10402014194149253, 0.9922363901332073, 0.007095518836793265], [0.0, 0.0, 0.0, 1.0]], "antennas": [0.09849821670178814, -0.09851437634150041], "body_yaw": 0.14772788924845118, "check_collision": false}, {"head": [[0.9853500013357126, -0.14896580792790026, 0.08303350490072782, -0.009808597111472785], [0.15639888030906518, 0.98343288384407, -0.09164689417654355, -0.007886393761537087], [-0.0680056255451119, 0.1032906144938822, 0.992323678973597, 0.007197717954037449], [0.0, 0.0, 0.0, 1.0]], "antennas": [0.09849821670178814, -0.09851437634150041], "body_yaw": 0.14772788924845118, "check_collision": false}, {"head": [[0.9855247510315225, -0.1480801215074785, 0.08254236923293598, -0.009859327861524866], [0.15539312642840514, 0.9836884807794987, -0.09060876911495892, -0.007826735443444309], [-0.06777862025050102, 0.10212370144120629, 0.992459978155737, 0.0072958263133403554], [0.0, 0.0, 0.0, 1.0]], "antennas": [0.09849821670178814, -0.09851437634150041], "body_yaw": 0.14772788924845118, "check_collision": false}, {"head": [[0.9857618977676244, -0.14681315677101955, 0.08197181167022832, -0.009879773100528046], [0.1539621910021812, 0.9840582126155119, -0.08902290674748518, -0.00786422661326464], [-0.06759530051252985, 0.1003759492253578, 0.9926507664660965, 0.007404706284805603], [0.0, 0.0, 0.0, 1.0]], "antennas": [0.09849821670178814, -0.09851437634150041], "body_yaw": 0.14772788924845118, "check_collision": false}, {"head": [[0.9859872430306084, -0.14596955866043476, 0.0807591761063612, -0.01001010486500404], [0.15284811943655002, 0.9844310124686263, -0.08679305314773571, -0.007804467165337061], [-0.0668326938377506, 0.09792073138244746, 0.9929475924740018, 0.007575616721029018], [0.0, 0.0, 0.0, 1.0]], "antennas": [0.09849821670178814, -0.09851437634150041], "body_yaw": 0.14772788924845118, "check_collision": false}, {"head": [[0.9861160212739836, -0.1458808474137917, 0.07933455076196147, -0.010143867611642828], [0.15247861350805147, 0.9846739613647102, -0.08466086600662334, -0.007791024764467401], [-0.06576826749603859, 0.09558225864752928, 0.9932464783840949, 0.007857481288424336], [0.0, 0.0, 0.0, 1.0]], "antennas": [0.09849821670178814, -0.09851437634150041], "body_yaw": 0.14772788924845118, "check_collision": false}, {"head": [[0.9862148464369247, -0.14586911358792165, 0.07811836127612481, -0.010341114375105806], [0.1522029416664738, 0.9849082006290287, -0.08240206843132694, -0.007718014416573079], [-0.06491949796066757, 0.0931559876484766, 0.9935327980241879, 0.008100724404786593], [0.0, 0.0, 0.0, 1.0]], "antennas": [0.09849821670178814, -0.09851437634150041], "body_yaw": 0.14772788924845118, "check_collision": false}, {"head": [[0.9863040763611278, -0.14556056980129725, 0.0775653883671346, -0.010588232008210928], [0.15168387904523054, 0.9851900784699451, -0.07995317455970938, -0.007573209000062536], [-0.06477862140563521, 0.09062356097343094, 0.9937761822489409, 0.008449266554799047], [0.0, 0.0, 0.0, 1.0]], "antennas": [0.09849821670178814, -0.09851437634150041], "body_yaw": 0.14772788924845118, "check_collision": false}, {"head": [[0.9863459469246312, -0.14546543299714462, 0.0772106261359514, -0.01075015924889633], [0.15138678240433648, 0.9854441346075826, -0.07734274161661422, -0.0075097860573045145], [-0.06483606325660515, 0.0879753679757323, 0.9940103719433312, 0.008674721572252572], [0.0, 0.0, 0.0, 1.0]], "antennas": [0.09849821670178814, -0.09851437634150041], "body_yaw": 0.14772788924845118, "check_collision": false}, {"head": [[0.9864324809921946, -0.14528962014127547, 0.07643223614933298, -0.010903181630483351], [0.15098358522556884, 0.9856956552948776, -0.07488679539969073, -0.007180728361899426], [-0.06445864903965112, 0.08541078042030542, 0.994258558500744, 0.00868608125959924], [0.0, 0.0, 0.0, 1.0]], "antennas": [0.09849821670178814, -0.09851437634150041], "body_yaw": 0.14772788924845118, "check_collision": false}, {"head": [[0.986467018462226, -0.14553721085435817, 0.07550987844633752, -0.010994431602549246], [0.15097976076446806, 0.9858965852137698, -0.07220135111846859, -0.007122590073349895], [-0.06393694804845287, 0.0826247149499621, 0.9945276382050361, 0.008834908567467156], [0.0, 0.0, 0.0, 1.0]], "antennas": [0.09849821670178814, -0.09851437634150041], "body_yaw": 0.14772788924845118, "check_collision": false}, {"head": [[0.9863928771288408, -0.14722091024446812, 0.07317851827058032, -0.011046363356390407], [0.15230911379836978, 0.9858776490869248, -0.06962179891954537, -0.007241500631114362], [-0.061895280946471495, 0.07982020181400587, 0.9948857771517937, 0.009211665253986086], [0.0, 0.0, 0.0, 1.0]], "antennas": [0.09849821670178814, -0.09851437634150041], "body_yaw": 0.14772788924845118, "check_collision": false}, {"head": [[0.9863164602781141, -0.14927166722203902, 0.06998435217392589, -0.011187184033656844], [0.15393478488728116, 0.9858221960826592, -0.06677334582353579, -0.007167707292039664], [-0.05902475909444888, 0.07663267629096522, 0.9953107608874358, 0.009433659002910707], [0.0, 0.0, 0.0, 1.0]], "antennas": [0.09849821670178814, -0.09851437634150041], "body_yaw": 0.14772788924845118, "check_collision": false}, {"head": [[0.9862471800641798, -0.15124339830816752, 0.06664783780176928, -0.011319629733678983], [0.15548214222010398, 0.9857767997754994, -0.06379188408428597, -0.007022113471912639], [-0.05605179092679653, 0.07327711438486516, 0.9957352365168799, 0.00955799617246111], [0.0, 0.0, 0.0, 1.0]], "antennas": [0.09849821670178814, -0.09851437634150041], "body_yaw": 0.14772788924845118, "check_collision": false}, {"head": [[0.9861365093218133, -0.15317851669645738, 0.0638053838266231, -0.011510468734358098], [0.15706026087904423, 0.9857008859310165, -0.06103964226153445, -0.006911965070852384], [-0.05354306150376669, 0.07021470997933878, 0.9960938886808419, 0.009836532754846968], [0.0, 0.0, 0.0, 1.0]], "antennas": [0.09849821670178814, -0.09851437634150041], "body_yaw": 0.14772788924845118, "check_collision": false}, {"head": [[0.9859364292699795, -0.15509572706712652, 0.06224687047460647, -0.011735149074543323], [0.15876145549875173, 0.9855512352005507, -0.05902171670315172, -0.006653191942604461], [-0.0521934640187918, 0.0680740643724805, 0.9963140890670626, 0.009892659455919214], [0.0, 0.0, 0.0, 1.0]], "antennas": [0.09849821670178814, -0.09851437634150041], "body_yaw": 0.14772788924845118, "check_collision": false}, {"head": [[0.9857470746147277, -0.15665577680806653, 0.061332474931047695, -0.011835554056386394], [0.16014429243725992, 0.9854576220169514, -0.05680740100078966, -0.006588516270462063], [-0.05154134736573851, 0.06581977515425277, 0.9964994965931331, 0.010120162939663776], [0.0, 0.0, 0.0, 1.0]], "antennas": [0.09849821670178814, -0.09851437634150041], "body_yaw": 0.14772788924845118, "check_collision": false}, {"head": [[0.9857240204610608, -0.15695445853506204, 0.060938111490654236, -0.011927044260031383], [0.16031426113030398, 0.98554286914174, -0.05481414746314487, -0.006529636061781733], [-0.051453796403439674, 0.06380087013381694, 0.9966353173582807, 0.010181222868346992], [0.0, 0.0, 0.0, 1.0]], "antennas": [0.09849821670178814, -0.09851437634150041], "body_yaw": 0.14772788924845118, "check_collision": false}, {"head": [[0.9857476189225207, -0.15652223607566088, 0.06166377706932789, -0.011909261468934021], [0.1598325880995529, 0.9857210595223059, -0.05298619249975435, -0.006518999438953755], [-0.052489766335728195, 0.062086894173387724, 0.9966895414329996, 0.010275638333764433], [0.0, 0.0, 0.0, 1.0]], "antennas": [0.09849821670178814, -0.09851437634150041], "body_yaw": 0.14772788924845118, "check_collision": false}, {"head": [[0.9858211266889402, -0.1557703768872335, 0.062388266991141646, -0.01175365442025958], [0.15906139309332878, 0.9859098260688544, -0.05178115572378706, -0.006377430246876968], [-0.05344323531522286, 0.06097052193716875, 0.9967077886992513, 0.01039681537282255], [0.0, 0.0, 0.0, 1.0]], "antennas": [0.09849821670178814, -0.09852966871178241], "body_yaw": 0.14772788924845118, "check_collision": false}, {"head": [[0.9859005825187095, -0.15504033307776136, 0.06294868154621149, -0.011679257204498986], [0.15832380110288072, 0.9860686520682935, -0.051011639971230455, -0.006344282960565014], [-0.054162859909766596, 0.060258680099681744, 0.996712233334697, 0.010452992858205553], [0.0, 0.0, 0.0, 1.0]], "antennas": [0.09852151936118503, -0.12889423250299253], "body_yaw": 0.14772788924845118, "check_collision": false}, {"head": [[0.9858614693173209, -0.15555655260202642, 0.06228420552649264, -0.011689245298857537], [0.15877553627234217, 0.9860194337424533, -0.05055695168463216, -0.006245757422661544], [-0.05354897195020226, 0.0597313588057819, 0.9967771427848311, 0.010589552221748951], [0.0, 0.0, 0.0, 1.0]], "antennas": [0.12888512616164016, -0.15742178711639693], "body_yaw": 0.14772788924845118, "check_collision": false}, {"head": [[0.9857952683718512, -0.15649637714886644, 0.06096370063365521, -0.01165587344235438], [0.15962633201450482, 0.985891940351082, -0.050363837010040616, -0.006169742206196633], [-0.05222186307730946, 0.05937984413972988, 0.9968685525818719, 0.01068730154181596], [0.0, 0.0, 0.0, 1.0]], "antennas": [0.1574126450133092, -0.1821665696092687], "body_yaw": 0.14772788924845118, "check_collision": false}, {"head": [[0.9857465379789255, -0.1575292793215261, 0.05906173904486785, -0.011631325644349856], [0.16052286872716637, 0.9857699014522697, -0.04990100205791409, -0.0061346833764669515], [-0.05036041578625383, 0.05867049980376551, 0.9970063194256156, 0.010910472685775826], [0.0, 0.0, 0.0, 1.0]], "antennas": [0.1821573092678152, -0.20176165490586032], "body_yaw": 0.14772788924845118, "check_collision": false}, {"head": [[0.9857593637376755, -0.1582359401500959, 0.05691980365662872, -0.011661217660104022], [0.1610888634630469, 0.985693158589628, -0.04959208785468613, -0.006045028045450264], [-0.048258210406911396, 0.05805501144964439, 0.9971463086096767, 0.011038905860068057], [0.0, 0.0, 0.0, 1.0]], "antennas": [0.20175055607767084, -0.21475687163430007], "body_yaw": 0.14772788924845118, "check_collision": false}, {"head": [[0.9857480054120403, -0.15873554955241542, 0.05571261198756226, -0.011653567080254744], [0.1614996375671799, 0.9856457029631192, -0.04919771636984786, -0.006143000009491346], [-0.04710347006170065, 0.05749411742631705, 0.9972340194605853, 0.011247146013788286], [0.0, 0.0, 0.0, 1.0]], "antennas": [0.21474340122607452, -0.2204565013031624], "body_yaw": 0.14772788924845118, "check_collision": false}, {"head": [[0.9856435963628792, -0.15968993590951988, 0.05482540759596151, -0.01167633359493906], [0.16236699012810582, 0.9855414545791406, -0.04842521887169563, -0.006117070201646363], [-0.04629969185199262, 0.0566318432972605, 0.9973209979034661, 0.011425021736036541], [0.0, 0.0, 0.0, 1.0]], "antennas": [0.2204407442544488, -0.2184720995868815], "body_yaw": 0.14772788924845118, "check_collision": false}, {"head": [[0.9854156304785757, -0.16116597623577572, 0.05460369321282848, -0.011612259016049328], [0.16380778423649728, 0.9853268290530427, -0.04793797838671776, -0.006077130578719751], [-0.046076512802516546, 0.056183343192138704, 0.9973566999402541, 0.011468840255730691], [0.0, 0.0, 0.0, 1.0]], "antennas": [0.21845469736075698, -0.20878515478456625], "body_yaw": 0.14772788924845118, "check_collision": false}, {"head": [[0.9851965979460212, -0.16233508045636277, 0.05509069838740732, -0.011580264849238617], [0.1649936878040252, 0.9851399483256562, -0.04771126908552519, -0.006132412088190689], [-0.046526835056920846, 0.05609459747738419, 0.997340789175614, 0.011567399579502476], [0.0, 0.0, 0.0, 1.0]], "antennas": [0.20876460559467708, -0.19248704894158378], "body_yaw": 0.14772788924845118, "check_collision": false}, {"head": [[0.9850426087662395, -0.16285806936057504, 0.05628772654093576, -0.011486435498630175], [0.1655707138924465, 0.9850566702201373, -0.04743095145536414, -0.006285829205111013], [-0.047722087298720066, 0.05604110722462231, 0.9972873190234054, 0.01183369168565029], [0.0, 0.0, 0.0, 1.0]], "antennas": [0.19246530484673424, -0.1702088565910898], "body_yaw": 0.14772788924845118, "check_collision": false}, {"head": [[0.9849284627465165, -0.16305718906730812, 0.057691215668002324, -0.011461724950766472], [0.16584396791383874, 0.98501550873271, -0.04733102431422764, -0.006531197748720826], [-0.049109078370271425, 0.05618541313818476, 0.9972118620293854, 0.012019832286725537], [0.0, 0.0, 0.0, 1.0]], "antennas": [0.17018680043470844, -0.14326722576127202], "body_yaw": 0.14772788924845118, "check_collision": false}, {"head": [[0.9848535001249216, -0.16285690928603191, 0.059508069952673714, -0.011416910769054524], [0.1657554422218258, 0.9850217987172399, -0.04750988766246859, -0.006591876732599049], [-0.05087943263773778, 0.056654065605696795, 0.9970965851836057, 0.012035913661995853], [0.0, 0.0, 0.0, 1.0]], "antennas": [0.14324564532428544, -0.11362723601518665], "body_yaw": 0.14772788924845118, "check_collision": false}, {"head": [[0.9847787570879849, -0.16265724375118035, 0.06126516664070589, -0.011382608495685856], [0.16568948364879788, 0.9850019180414094, -0.048147860419130654, -0.006625511305169014], [-0.05251470838192951, 0.057565983966353367, 0.9969595593069697, 0.012041493492412566], [0.0, 0.0, 0.0, 1.0]], "antennas": [0.11360385019677607, -0.08295256709251224], "body_yaw": 0.14772788924845118, "check_collision": false}, {"head": [[0.984670531602981, -0.16272393510891317, 0.06280816137552213, -0.011286697630780648], [0.16588879259158232, 0.9849289686542357, -0.04894726956849808, -0.006848522533154893], [-0.053896685289639035, 0.058616104002010026, 0.9968246082769103, 0.012227361989048498], [0.0, 0.0, 0.0, 1.0]], "antennas": [0.08293062925790448, -0.05320547053446192], "body_yaw": 0.14772788924845118, "check_collision": false}, {"head": [[0.9845966828232782, -0.16250445953376177, 0.06451102855354784, -0.011272074736217691], [0.1658033245997433, 0.9849131407419249, -0.04955161698218371, -0.006503190115838104], [-0.05548540100845308, 0.05948450071671491, 0.9966859908965381, 0.012006547323672342], [0.0, 0.0, 0.0, 1.0]], "antennas": [0.05318457698007137, -0.02634992472223586], "body_yaw": 0.14772788924845118, "check_collision": false}, {"head": [[0.9845386409569034, -0.16202060910395996, 0.0665806780403726, -0.011173428705927212], [0.16550039952153253, 0.9849136857365346, -0.05054353971664339, -0.006723334238948076], [-0.05738712591642017, 0.06078119671787154, 0.9965000571523297, 0.012168018381076059], [0.0, 0.0, 0.0, 1.0]], "antennas": [0.02632847679911033, -0.00414670187289947], "body_yaw": 0.14772788924845118, "check_collision": false}, {"head": [[0.9844247459088953, -0.16148521505727012, 0.06950140257659512, -0.011196963755561319], [0.1652205865115722, 0.9848945061458965, -0.05181669187050227, -0.00647451986373526], [-0.06008391993685844, 0.06249269622554066, 0.9962352059044506, 0.011886266744585035], [0.0, 0.0, 0.0, 1.0]], "antennas": [0.004126842318991244, 0.012114171092925768], "body_yaw": 0.14772788924845118, "check_collision": false}, {"head": [[0.984226710048462, -0.16035487038954824, 0.07472682764263322, -0.011072046238401495], [0.1645593617468001, 0.9848905009316246, -0.053952920552454126, -0.006718419475819451], [-0.06494612912765782, 0.06539890455508283, 0.9957434326142095, 0.011853781160401474], [0.0, 0.0, 0.0, 1.0]], "antennas": [-0.012132802619209258, 0.021567797776976618], "body_yaw": 0.14772788924845118, "check_collision": false}, {"head": [[0.9838880645402915, -0.1584980380046805, 0.08272030224694694, -0.01103913684148291], [0.16344506196212735, 0.9849113570229022, -0.05687996595904266, -0.006699347903001989], [-0.07245680213310386, 0.06948374454483829, 0.9949482504475659, 0.011576024828019445], [0.0, 0.0, 0.0, 1.0]], "antennas": [-0.021585432774205212, 0.023392945807441553], "body_yaw": 0.14772788924845118, "check_collision": false}, {"head": [[0.9835082440699444, -0.15618524408050427, 0.09120144394672748, -0.01105953631709982], [0.16200780131912296, 0.9849433988253538, -0.0603321922534227, -0.006553028269642472], [-0.080405262005657, 0.0741125538749926, 0.9940031806789796, 0.011097655579337947], [0.0, 0.0, 0.0, 1.0]], "antennas": [-0.02340862520639581, 0.017528279841823726], "body_yaw": 0.14772788924845118, "check_collision": false}, {"head": [[0.9830817255365519, -0.15279373315852868, 0.1010168105988084, -0.010970749547159049], [0.1597723144915753, 0.9850119011202405, -0.06499509345707719, -0.006562146210260801], [-0.08957191768674128, 0.08003517825912163, 0.9927594078138721, 0.010741437006361317], [0.0, 0.0, 0.0, 1.0]], "antennas": [-0.017542389323773357, 0.00412449857934775], "body_yaw": 0.14772788924845118, "check_collision": false}, {"head": [[0.9827106038421544, -0.14954733711961876, 0.10915797294114207, -0.010864989235507848], [0.15758231349500018, 0.985086618101358, -0.06908088962363147, -0.006458502943827405], [-0.09719919531432081, 0.08508788866848192, 0.9916210806715376, 0.010379519825553626], [0.0, 0.0, 0.0, 1.0]], "antennas": [-0.004135523026929275, -0.015293280235346625], "body_yaw": 0.14772788924845118, "check_collision": false}, {"head": [[0.982403049416023, -0.14601861339376696, 0.11645949098575391, -0.010784431912042446], [0.1550866649212547, 0.9852010780261153, -0.07298604126668899, -0.006467862050192867], [-0.10407869552267522, 0.08976302356060646, 0.9905100831084742, 0.010082043726558961], [0.0, 0.0, 0.0, 1.0]], "antennas": [0.015281385785450227, -0.04015666542718838], "body_yaw": 0.14772788924845118, "check_collision": false}, {"head": [[0.982073824245762, -0.14333392062989067, 0.12241891572860958, -0.010642858437652315], [0.15325117464063184, 0.9852750116090718, -0.07581048060795906, -0.006548230690256384], [-0.10975008520530075, 0.09321233124220946, 0.9895788902870866, 0.009762073930871026], [0.0, 0.0, 0.0, 1.0]], "antennas": [0.04014754329165481, -0.06855256999783269], "body_yaw": 0.14772788924845118, "check_collision": false}, {"head": [[0.9816132907371351, -0.1411700559559882, 0.1284770903686559, -0.010432457488971723], [0.15208169933401006, 0.9851684313727699, -0.07946268655284582, -0.006803301489723556], [-0.11535382167874794, 0.09754064346670684, 0.9885238078550301, 0.009552925409322396], [0.0, 0.0, 0.0, 1.0]], "antennas": [0.06854347011382601, -0.09899312048959073], "body_yaw": 0.14772788924845118, "check_collision": false}, {"head": [[0.9810569189637912, -0.1396499646927354, 0.13425799460214982, -0.010186569411871044], [0.15160493563227442, 0.9849216827515235, -0.08333800056301514, -0.006968809110732404], [-0.12059546113020614, 0.1021134966947315, 0.9874358554091338, 0.00915417783617389], [0.0, 0.0, 0.0, 1.0]], "antennas": [0.09898278646948917, -0.12947113578425054], "body_yaw": 0.14772788924845118, "check_collision": false}, {"head": [[0.9804189997790983, -0.1383805525372997, 0.14010498760438375, -0.009834323570749502], [0.15145017980735315, 0.9845996865694184, -0.08732869083940263, -0.00700591110007545], [-0.12586273439137288, 0.10683763328937611, 0.9862779994528176, 0.008695633687878287], [0.0, 0.0, 0.0, 1.0]], "antennas": [0.12946061165738748, -0.15784329989925738], "body_yaw": 0.14772788924845118, "check_collision": false}, {"head": [[0.9796588799271678, -0.13793949069465666, 0.14574352776965865, -0.00942880790546819], [0.15236049248198502, 0.9839517548825039, -0.09287208619541, -0.007279886483718646], [-0.1305938716421775, 0.11318851960574182, 0.9849536028255171, 0.008156325737297961], [0.0, 0.0, 0.0, 1.0]], "antennas": [0.1578322328335706, -0.18260628062806242], "body_yaw": 0.14772788924845118, "check_collision": false}, {"head": [[0.9788249960796742, -0.1373582941290327, 0.15177063643402172, -0.009024511553135689], [0.1532532003063242, 0.9832663288384854, -0.09849255387265121, -0.007591481137922103], [-0.1357021873276018, 0.11966630940431636, 0.9834962586344977, 0.007772198946486727], [0.0, 0.0, 0.0, 1.0]], "antennas": [0.18259487520830034, -0.2020817577214548], "body_yaw": 0.14772788924845118, "check_collision": false}, {"head": [[0.9779640227766278, -0.13657238726224127, 0.15790615311649106, -0.008716679186225658], [0.15382538745937466, 0.9827444126125108, -0.10271888653925959, -0.007829968830644877], [-0.14115282614078115, 0.12474535068043383, 0.9820969795066508, 0.007367031218299621], [0.0, 0.0, 0.0, 1.0]], "antennas": [0.20206907449409006, -0.21489668253760077], "body_yaw": 0.14772788924845118, "check_collision": false}, {"head": [[0.9775112358439154, -0.1357008651502134, 0.1614219904361999, -0.008565054151473024], [0.1537470324867164, 0.9825068911978854, -0.10508120074587565, -0.007955021522773302], [-0.14433860814220698, 0.12753620641272834, 0.9812751307627338, 0.0071590395942534545], [0.0, 0.0, 0.0, 1.0]], "antennas": [0.2148825165427933, -0.22048849075741897], "body_yaw": 0.14772788924845118, "check_collision": false}, {"head": [[0.9773927710786736, -0.134981431532728, 0.16273716288705345, -0.008306184902102436], [0.15351278526279483, 0.9823126656850721, -0.10721777649040842, -0.00816578829242899], [-0.14538636732517582, 0.1297761148134108, 0.9808266738929594, 0.006967072160437123], [0.0, 0.0, 0.0, 1.0]], "antennas": [0.22047270479627498, -0.2183334275777515], "body_yaw": 0.14772788924845118, "check_collision": false}, {"head": [[0.9773222081984131, -0.13509992886907723, 0.16306229049583537, -0.008032032476858582], [0.15412431648709674, 0.9818816079490367, -0.1102461021478755, -0.008369064622272092], [-0.14521362342963273, 0.1328778280639205, 0.9804368854645629, 0.006926550966167008], [0.0, 0.0, 0.0, 1.0]], "antennas": [0.21831570281765442, -0.20879442382658248], "body_yaw": 0.14772788924845118, "check_collision": false}, {"head": [[0.9773619558743079, -0.1355648331551936, 0.1624370130886198, -0.007919131000479362], [0.15487592702840694, 0.9814781147838326, -0.1127570726272445, -0.008392781188133506], [-0.14414247963955484, 0.1353620560274505, 0.9802550991203168, 0.0069064303820390825], [0.0, 0.0, 0.0, 1.0]], "antennas": [0.20877513003073112, -0.19197951094361437], "body_yaw": 0.14772788924845118, "check_collision": false}, {"head": [[0.977264989880832, -0.1353280003463754, 0.16321602824314987, -0.0076411928028533235], [0.1549290393969475, 0.9813267740944384, -0.1139945402067224, -0.008786778090005899], [-0.14474160529977678, 0.13668977565148893, 0.9799825370523646, 0.007069590589527493], [0.0, 0.0, 0.0, 1.0]], "antennas": [0.19195819244863999, -0.1694926878957097], "body_yaw": 0.14772788924845118, "check_collision": false}, {"head": [[0.9773760712843077, -0.13496062696075664, 0.1628546727951381, -0.007551143871374753], [0.15453542828945507, 0.9813684292152529, -0.11417008164568365, -0.008780748437581849], [-0.1444119686322664, 0.13675392246640267, 0.9800222181184499, 0.007167102606295713], [0.0, 0.0, 0.0, 1.0]], "antennas": [0.1694682300805772, -0.14278747995751528], "body_yaw": 0.14772788924845118, "check_collision": false}, {"head": [[0.9776612907809201, -0.13513030939410245, 0.160991304087019, -0.007575042374066011], [0.1543094964234127, 0.9815119057878305, -0.11323850100691714, -0.00894799564993882], [-0.14271292801332908, 0.13555138612273557, 0.9804380867235153, 0.007262060942214595], [0.0, 0.0, 0.0, 1.0]], "antennas": [0.14276385439017128, -0.11309782912205388], "body_yaw": 0.14772788924845118, "check_collision": false}, {"head": [[0.9782078737443288, -0.1353695655143653, 0.15743073549040973, -0.007785326375106892], [0.1537182191408436, 0.9818765818498726, -0.11085615507935653, -0.008806171261565599], [-0.13957100289374932, 0.13264033604926792, 0.9812881719474512, 0.00762126361891657], [0.0, 0.0, 0.0, 1.0]], "antennas": [0.11307516244739423, -0.08232192327991938], "body_yaw": 0.14772788924845118, "check_col