{"description": "Use when you no longer see or hear anyone to talk to. You feel isolated from any interaction.", "time": [0.0, 0.01001882553100586, 0.020024538040161133, 0.030170917510986328, 0.04032492637634277, 0.05029606819152832, 0.06023859977722168, 0.07039141654968262, 0.08038687705993652, 0.09063935279846191, 0.1006162166595459, 0.11056995391845703, 0.12065792083740234, 0.13074088096618652, 0.14183735847473145, 0.15258193016052246, 0.16098427772521973, 0.17106318473815918, 0.18103671073913574, 0.19115996360778809, 0.20130062103271484, 0.21126294136047363, 0.22150659561157227, 0.23140859603881836, 0.24141168594360352, 0.25148916244506836, 0.2614779472351074, 0.27164459228515625, 0.28163981437683105, 0.29169178009033203, 0.3018007278442383, 0.31188035011291504, 0.3218653202056885, 0.3319706916809082, 0.34204602241516113, 0.35207200050354004, 0.3623065948486328, 0.37221407890319824, 0.38221049308776855, 0.39247751235961914, 0.40245962142944336, 0.41239428520202637, 0.42243409156799316, 0.4326012134552002, 0.4426248073577881, 0.45266151428222656, 0.46268272399902344, 0.4728367328643799, 0.4830441474914551, 0.4928731918334961, 0.502995491027832, 0.5130412578582764, 0.5231232643127441, 0.5331861972808838, 0.5432543754577637, 0.5532772541046143, 0.5633485317230225, 0.5733904838562012, 0.5834760665893555, 0.5935018062591553, 0.603661060333252, 0.6136329174041748, 0.6236929893493652, 0.6337778568267822, 0.6438724994659424, 0.653876543045044, 0.6639313697814941, 0.6740696430206299, 0.6840705871582031, 0.6940851211547852, 0.7041997909545898, 0.7141883373260498, 0.7242984771728516, 0.7343692779541016, 0.7444138526916504, 0.7544119358062744, 0.7646157741546631, 0.7747070789337158, 0.7846770286560059, 0.79471755027771, 0.8048696517944336, 0.814896821975708, 0.8250982761383057, 0.8350605964660645, 0.8450899124145508, 0.8552346229553223, 0.8652026653289795, 0.8752195835113525, 0.8852360248565674, 0.8953216075897217, 0.9055068492889404, 0.915485143661499, 0.9255063533782959, 0.9356546401977539, 0.9457387924194336, 0.9556474685668945, 0.9657316207885742, 0.9758133888244629, 0.9859333038330078, 0.9959189891815186, 1.0060291290283203, 1.0160350799560547, 1.0260801315307617, 1.0362894535064697, 1.0462186336517334, 1.0562694072723389, 1.0663645267486572, 1.0764477252960205, 1.0864043235778809, 1.096484661102295, 1.1066441535949707, 1.116654634475708, 1.1266844272613525, 1.1369426250457764, 1.1469905376434326, 1.1571884155273438, 1.16697359085083, 1.178191900253296, 1.1881194114685059, 1.1974449157714844, 1.2074401378631592, 1.2173552513122559, 1.227412462234497, 1.2374792098999023, 1.2474796772003174, 1.2576498985290527, 1.2675790786743164, 1.2780277729034424, 1.28853178024292, 1.2979462146759033, 1.3081727027893066, 1.3181018829345703, 1.3281159400939941, 1.338327407836914, 1.3482887744903564, 1.3582828044891357, 1.3683483600616455, 1.3783631324768066, 1.388512372970581, 1.3985137939453125, 1.4085862636566162, 1.4186482429504395, 1.4287142753601074, 1.438795566558838, 1.4488351345062256, 1.4588840007781982, 1.469006061553955, 1.479003667831421, 1.4890880584716797, 1.499152421951294, 1.5092182159423828, 1.5192310810089111, 1.5293164253234863, 1.5393805503845215, 1.549419641494751, 1.5594699382781982, 1.569580078125, 1.5795903205871582, 1.5897083282470703, 1.599787712097168, 1.6097877025604248, 1.6198420524597168, 1.6299173831939697, 1.6400818824768066, 1.6500508785247803, 1.660156488418579, 1.6702449321746826, 1.680286169052124, 1.6902649402618408, 1.7013773918151855, 1.7104597091674805, 1.7205052375793457, 1.7305099964141846, 1.740586757659912, 1.7506086826324463, 1.76068115234375, 1.7708663940429688, 1.7807848453521729, 1.7908368110656738, 1.8009207248687744, 1.8110132217407227, 1.8209846019744873, 1.8310649394989014, 1.8412120342254639, 1.851219892501831, 1.8613052368164062, 1.8713295459747314, 1.8813812732696533, 1.8914060592651367, 1.9015133380889893, 1.9115121364593506, 1.9215798377990723, 1.9316842555999756, 1.9418165683746338, 1.951817274093628, 1.96189284324646, 1.9720649719238281, 1.9820444583892822, 1.9920012950897217, 2.002164840698242, 2.012183427810669, 2.022520065307617, 2.032303810119629, 2.04239559173584, 2.0524582862854004, 2.06258487701416, 2.0725762844085693, 2.082611322402954, 2.0926191806793213, 2.1028177738189697, 2.112732172012329, 2.122849702835083, 2.1329262256622314, 2.1431751251220703, 2.1530652046203613, 2.1631457805633545, 2.1732285022735596, 2.1832094192504883, 2.19323468208313, 2.203465223312378, 2.213329792022705, 2.2234487533569336, 2.2336952686309814, 2.243577718734741, 2.2535595893859863, 2.2636218070983887, 2.2737278938293457, 2.283773899078369, 2.293806791305542, 2.303940534591675, 2.3139681816101074, 2.3239896297454834, 2.3340747356414795, 2.3441386222839355, 2.3542890548706055, 2.3642160892486572, 2.374263286590576, 2.3843324184417725, 2.394348382949829, 2.404564380645752, 2.4145171642303467, 2.4245331287384033, 2.4347190856933594, 2.4447078704833984, 2.454735279083252, 2.4648313522338867, 2.474886655807495, 2.484952688217163, 2.494990110397339, 2.505094528198242, 2.5151309967041016, 2.525178909301758, 2.535264015197754, 2.545290231704712, 2.5553581714630127, 2.565460205078125, 2.57548189163208, 2.5855889320373535, 2.5955934524536133, 2.605851888656616, 2.6157329082489014, 2.62573504447937, 2.6358823776245117, 2.645963668823242, 2.65602970123291, 2.6660728454589844, 2.6761322021484375, 2.686378240585327, 2.6962029933929443, 2.7063381671905518, 2.716332197189331, 2.72631573677063, 2.7365124225616455, 2.7464962005615234, 2.7565646171569824, 2.7666823863983154, 2.776736259460449, 2.7867648601531982, 2.796787738800049, 2.806924343109131, 2.816951036453247, 2.826976776123047, 2.8370816707611084, 2.8471364974975586, 2.8572120666503906, 2.867197036743164, 2.8772366046905518, 2.8873205184936523, 2.89736008644104, 2.9075262546539307, 2.9174962043762207, 2.92753529548645, 2.937692880630493, 2.9476592540740967, 2.9577431678771973, 2.9678356647491455, 2.977877616882324, 2.987964153289795, 2.998053789138794, 3.0080645084381104, 3.0181429386138916, 3.0282952785491943, 3.0383200645446777, 3.0483014583587646, 3.0583133697509766, 3.068420886993408, 3.0784544944763184, 3.0884766578674316, 3.098767042160034, 3.1088368892669678, 3.118913412094116, 3.128875970840454, 3.1389479637145996, 3.1490256786346436, 3.1589910984039307, 3.169140577316284, 3.179126262664795, 3.1892659664154053, 3.199275255203247, 3.2094430923461914, 3.21929931640625, 3.2293198108673096, 3.239431381225586, 3.24948787689209, 3.2594916820526123, 3.2701404094696045, 3.2800779342651367, 3.2897849082946777, 3.3000004291534424, 3.3098533153533936, 3.3199002742767334, 3.329979419708252, 3.340061902999878, 3.350050687789917, 3.3601229190826416, 3.370224952697754, 3.3802287578582764, 3.3902878761291504, 3.400381088256836, 3.4104111194610596, 3.420459032058716, 3.4305434226989746, 3.440626621246338, 3.450671434402466, 3.460754871368408, 3.4708664417266846, 3.4808592796325684, 3.4909398555755615, 3.5009965896606445, 3.511101484298706, 3.5210630893707275, 3.531172275543213, 3.54133677482605, 3.5512914657592773, 3.561246633529663, 3.5713999271392822, 3.5814647674560547, 3.5915026664733887, 3.6016085147857666, 3.611614465713501, 3.6219749450683594, 3.6317965984344482, 3.641868829727173, 3.651930093765259, 3.6619551181793213, 3.672114372253418, 3.6820974349975586, 3.6921355724334717, 3.7022793292999268, 3.7123465538024902, 3.7223103046417236, 3.732412099838257, 3.7424581050872803, 3.752530336380005, 3.7627623081207275, 3.7726833820343018, 3.782716989517212, 3.7927966117858887, 3.803037405014038, 3.8130643367767334, 3.8231756687164307, 3.833059310913086, 3.843104839324951, 3.8531227111816406, 3.863178253173828, 3.873365879058838, 3.8833396434783936, 3.8933682441711426, 3.903484582901001, 3.9135210514068604, 3.9238104820251465, 3.9338889122009277, 3.943685293197632, 3.9537734985351562, 3.963787317276001, 3.9738824367523193, 3.9839401245117188, 3.993995189666748, 4.004149675369263, 4.01410984992981, 4.024246692657471, 4.034310817718506, 4.044325351715088, 4.054303407669067, 4.064400672912598, 4.0744428634643555, 4.084486961364746, 4.094500780105591, 4.104739189147949, 4.114666938781738, 4.124729633331299, 4.135059356689453, 4.145148277282715, 4.154982805252075, 4.165129661560059, 4.175145149230957, 4.185198783874512, 4.195246458053589, 4.205304861068726, 4.2153379917144775, 4.225530385971069, 4.235480785369873, 4.245458126068115, 4.255540132522583, 4.2656495571136475, 4.2757813930511475, 4.285753488540649, 4.295783281326294, 4.305927038192749, 4.315898656845093, 4.3259501457214355, 4.33611536026001, 4.346194744110107, 4.35615348815918, 4.366209030151367, 4.376294851303101, 4.386348009109497, 4.3963706493377686, 4.406550168991089, 4.416504621505737, 4.4265594482421875, 4.436748743057251, 4.446645021438599, 4.456750869750977, 4.466825008392334, 4.476900577545166, 4.486902475357056, 4.496953964233398, 4.507106304168701, 4.517157316207886, 4.527137041091919, 4.537230730056763, 4.547260522842407, 4.557328939437866, 4.567469596862793, 4.577407360076904, 4.587541103363037, 4.597558975219727, 4.607623100280762, 4.617676734924316, 4.627737760543823, 4.637848615646362, 4.647894859313965, 4.657898902893066, 4.668040752410889, 4.678008317947388, 4.688115835189819, 4.698181867599487, 4.708251714706421, 4.718349933624268, 4.728409767150879, 4.7384302616119385, 4.748456239700317, 4.758617639541626, 4.768667459487915, 4.778709411621094, 4.788678884506226, 4.798779249191284, 4.808889627456665, 4.818902492523193, 4.828979969024658, 4.839060544967651, 4.849078178405762, 4.859271287918091, 4.8692467212677, 4.879273414611816, 4.889305591583252, 4.899391412734985, 4.909466981887817, 4.9194982051849365, 4.929555416107178, 4.939806222915649, 4.949711322784424, 4.95974063873291, 4.9698646068573, 4.979876518249512, 4.989985227584839, 5.000101804733276, 5.010080575942993, 5.02018928527832, 5.030255556106567, 5.040359735488892, 5.050332069396973, 5.060353755950928, 5.070488691329956, 5.080501556396484, 5.0905678272247314, 5.100637674331665, 5.110642910003662, 5.120924949645996, 5.130772352218628, 5.1409995555877686, 5.151113033294678, 5.160954236984253, 5.171130657196045, 5.1815807819366455, 5.191176414489746, 5.201319456100464, 5.211318254470825, 5.221330165863037, 5.23144006729126, 5.241479396820068, 5.251550197601318, 5.262222766876221, 5.272247791290283, 5.282454013824463, 5.292446136474609, 5.3026063442230225, 5.312608480453491, 5.322759389877319, 5.3327555656433105, 5.34277868270874, 5.3527984619140625, 5.363099575042725, 5.373201847076416, 5.383038520812988, 5.393086671829224, 5.403209447860718, 5.413250207901001, 5.423288822174072, 5.433329105377197, 5.44340705871582, 5.453449964523315, 5.463489055633545, 5.473597764968872, 5.483624696731567, 5.49371075630188, 5.503784894943237, 5.513817548751831, 5.523868799209595, 5.533953905105591, 5.544036149978638, 5.554059028625488, 5.564190864562988, 5.57487940788269, 5.584402084350586, 5.594287872314453, 5.604388236999512, 5.614475250244141, 5.624421834945679, 5.634512424468994, 5.644564867019653, 5.654637575149536, 5.664680480957031, 5.674763917922974, 5.684810161590576, 5.694845199584961, 5.70524787902832, 5.715057134628296, 5.72505259513855, 5.735130310058594, 5.7453837394714355, 5.755189657211304, 5.765352010726929, 5.775335788726807, 5.785433769226074, 5.795607805252075, 5.805498123168945, 5.815540552139282, 5.825644493103027, 5.835718870162964, 5.845736742019653, 5.855786561965942, 5.865929841995239, 5.876002073287964, 5.885982513427734, 5.896043300628662, 5.9061808586120605, 5.916224718093872, 5.92620062828064, 5.9362757205963135, 5.9462714195251465, 5.9564573764801025, 5.96653413772583, 5.976460218429565, 5.986575365066528, 5.996649980545044, 6.006745100021362, 6.016730546951294, 6.026800155639648, 6.036975860595703, 6.047041416168213, 6.057166814804077, 6.067212820053101, 6.077191114425659, 6.087271451950073, 6.097213506698608, 6.1072998046875, 6.117347478866577, 6.127447605133057, 6.137644529342651, 6.147702217102051, 6.157665967941284, 6.167726278305054, 6.177733659744263, 6.187873601913452, 6.1984288692474365, 6.207901477813721, 6.218023300170898, 6.228116989135742, 6.2381980419158936, 6.248144626617432, 6.258206129074097, 6.268292665481567, 6.278296709060669, 6.2883429527282715, 6.298431634902954, 6.308608770370483, 6.318535089492798, 6.328559875488281, 6.33869481086731, 6.348751068115234, 6.358736276626587, 6.3688812255859375, 6.3788979053497314, 6.389009952545166, 6.3991217613220215, 6.409289836883545, 6.419267654418945, 6.429304122924805, 6.439363241195679, 6.44935154914856, 6.459334850311279, 6.469494581222534, 6.479671239852905, 6.4896745681762695, 6.49965763092041, 6.509682655334473, 6.519809007644653, 6.529765605926514, 6.539908409118652, 6.5499114990234375, 6.56006646156311, 6.570120573043823, 6.580099821090698, 6.590195655822754, 6.600221872329712, 6.610264539718628, 6.620331048965454, 6.630383014678955, 6.640445709228516, 6.650651931762695, 6.660542726516724, 6.6706626415252686, 6.68073296546936, 6.6908063888549805, 6.700870513916016, 6.710869550704956, 6.720935344696045, 6.731030225753784, 6.741068601608276, 6.7511146068573, 6.761172771453857, 6.771265268325806, 6.781266927719116, 6.791291952133179, 6.801412343978882, 6.811445236206055, 6.821518182754517, 6.831580400466919, 6.84164834022522, 6.851664304733276, 6.861772060394287, 6.871816396713257, 6.8818888664245605, 6.891927003860474, 6.902022123336792, 6.912075519561768, 6.922130584716797, 6.932188034057617, 6.942360162734985, 6.952275991439819, 6.962317943572998, 6.972370386123657, 6.982441663742065, 6.992519855499268, 7.002574920654297, 7.012627363204956, 7.022734880447388, 7.0328428745269775, 7.042893886566162, 7.052916526794434, 7.062963247299194, 7.073109149932861, 7.083158254623413, 7.093210935592651, 7.103243589401245, 7.11336874961853, 7.123294353485107, 7.1335790157318115, 7.143560171127319, 7.153754234313965, 7.16360330581665, 7.173650503158569, 7.183748245239258, 7.193845510482788, 7.203973770141602, 7.213935136795044, 7.224000692367554, 7.2340919971466064, 7.244175672531128, 7.254143953323364, 7.2642669677734375, 7.274338722229004, 7.284401893615723, 7.29451322555542, 7.304549932479858, 7.314569711685181, 7.3246564865112305, 7.334742546081543, 7.34472918510437, 7.35478949546814, 7.36487603187561, 7.374974489212036, 7.385013818740845, 7.395043134689331, 7.405197381973267, 7.415173292160034, 7.425174951553345, 7.435305833816528, 7.4453065395355225, 7.45541524887085, 7.46548056602478, 7.475520372390747, 7.485590696334839, 7.495746850967407, 7.505767107009888, 7.5157470703125, 7.525798320770264, 7.535977840423584, 7.545935392379761, 7.555999279022217, 7.566046476364136, 7.576125144958496, 7.58621621131897, 7.596189498901367, 7.606284856796265, 7.616374492645264, 7.626438617706299, 7.636454820632935, 7.6465229988098145, 7.656593084335327, 7.666722774505615, 7.6766839027404785, 7.686774015426636, 7.696880340576172, 7.706933975219727, 7.716894149780273, 7.726993560791016, 7.737134695053101, 7.74712872505188, 7.757285118103027, 7.767287015914917, 7.777230739593506, 7.787343263626099, 7.797348260879517, 7.8074634075164795, 7.817505598068237, 7.827578544616699, 7.837878465652466, 7.847678899765015, 7.857719659805298, 7.867856740951538, 7.877890110015869, 7.88794732093811, 7.897942781448364, 7.9081199169158936, 7.918140172958374, 7.928215980529785, 7.938257694244385, 7.948255777359009, 7.958306312561035, 7.968402862548828, 7.978431463241577, 7.98849081993103, 7.998571872711182, 8.008623361587524, 8.018679857254028, 8.028747320175171, 8.03895378112793, 8.049010276794434, 8.058995485305786, 8.06909441947937, 8.07920241355896, 8.089188575744629, 8.099244594573975, 8.10930061340332, 8.119380474090576, 8.129427671432495, 8.139676332473755, 8.149683952331543, 8.159601211547852, 8.169785976409912, 8.179869651794434, 8.19023871421814, 8.200059413909912, 8.210531234741211, 8.220668077468872, 8.230629444122314, 8.240747213363647, 8.250807046890259, 8.260784149169922, 8.2709059715271, 8.280933618545532, 8.291064500808716, 8.301087856292725, 8.311148166656494, 8.32123327255249, 8.33124828338623, 8.341419458389282, 8.351413011550903, 8.361495733261108, 8.371639966964722, 8.38156247138977, 8.391637563705444, 8.401757717132568, 8.41172742843628, 8.421788692474365, 8.43186616897583, 8.441932439804077, 8.451945066452026, 8.462016582489014, 8.47213077545166, 8.482108354568481, 8.492126941680908, 8.50221586227417, 8.51221489906311, 8.522292852401733, 8.532382488250732, 8.542458772659302, 8.552527666091919, 8.5625159740448, 8.572616577148438, 8.582690000534058, 8.592972040176392, 8.60291075706482, 8.612977504730225, 8.622941732406616, 8.63300633430481, 8.643106698989868, 8.653125762939453, 8.663169860839844, 8.673252820968628, 8.68330192565918, 8.693329095840454, 8.703442573547363, 8.713437557220459, 8.723565101623535, 8.733691453933716, 8.743680715560913, 8.753719568252563, 8.763849973678589, 8.773885488510132, 8.784005165100098, 8.793911933898926, 8.804344177246094, 8.814093112945557, 8.824133157730103, 8.834189176559448, 8.844204902648926, 8.854273796081543, 8.86432433128357, 8.874391555786133, 8.88444709777832, 8.894755363464355, 8.904631614685059, 8.914656400680542, 8.924710750579834, 8.934803247451782, 8.94508671760559, 8.954876899719238, 8.96497654914856, 8.975029230117798, 8.985058546066284, 8.995094299316406, 9.005199670791626, 9.015190839767456, 9.025377988815308, 9.035386085510254, 9.045474529266357, 9.05549430847168, 9.065640687942505, 9.075666666030884, 9.08565068244934, 9.095685958862305, 9.105859994888306, 9.115850925445557, 9.125890731811523, 9.136116027832031, 9.146218538284302, 9.156234979629517, 9.16621708869934, 9.176231861114502, 9.186328172683716, 9.1968092918396, 9.206912994384766, 9.216951370239258, 9.227221965789795, 9.237371921539307, 9.24729061126709, 9.257400751113892, 9.267277717590332, 9.277804851531982, 9.287853717803955, 9.297845602035522, 9.30755352973938, 9.317606687545776, 9.3275785446167, 9.337690114974976, 9.347712278366089, 9.357784748077393, 9.367921829223633, 9.377889156341553, 9.388001918792725, 9.398008584976196, 9.408094882965088, 9.41813063621521, 9.4282705783844, 9.438598394393921, 9.44839358329773, 9.45841908454895, 9.468461751937866, 9.478530406951904, 9.488619565963745, 9.498717069625854, 9.508751630783081, 9.518795251846313, 9.528875589370728, 9.538982391357422, 9.549015045166016, 9.559054851531982, 9.569166660308838, 9.57919192314148, 9.589301824569702, 9.5992751121521, 9.609426736831665, 9.619376182556152, 9.629415273666382, 9.63957929611206, 9.649579524993896, 9.6596200466156, 9.669740915298462, 9.679760456085205, 9.689849376678467, 9.699971437454224, 9.709941625595093, 9.720017194747925, 9.730144262313843, 9.740172863006592, 9.750189542770386, 9.760247945785522, 9.770370244979858, 9.780348062515259, 9.790474653244019, 9.800509214401245, 9.810529947280884, 9.820621252059937, 9.83061170578003, 9.840761184692383, 9.850796461105347, 9.860865592956543, 9.870980262756348, 9.880999088287354, 9.890990495681763, 9.901151180267334, 9.911129236221313, 9.921176433563232, 9.931298971176147, 9.941380023956299, 9.951426982879639, 9.961379289627075, 9.971556663513184, 9.981584787368774, 9.99158501625061, 10.001671314239502, 10.01175594329834, 10.021859884262085, 10.031877517700195, 10.041961193084717, 10.052042245864868, 10.062098979949951, 10.072612762451172, 10.082318305969238, 10.092300176620483, 10.102364540100098, 10.112478256225586, 10.122674465179443, 10.132759094238281, 10.142879724502563, 10.152752161026001, 10.163350343704224, 10.172892332077026, 10.183040142059326, 10.193046569824219, 10.203569889068604, 10.213534116744995, 10.223622560501099, 10.233729600906372], "set_target_data": [{"head": [[0.9951230252642822, 0.024003020782661602, -0.09567664073413856, -0.0023409740805626945], [-0.02732598980613822, 0.9990626154144436, -0.03357351280944282, 0.0018779426747744252], [0.09478108920020459, 0.03602423454506849, 0.994846118580891, 0.0046862068315123425], [0.0, 0.0, 0.0, 1.0]], "antennas": [-0.014158757677510318, 0.007321604815400917], "body_yaw": -0.0, "check_collision": false}, {"head": [[0.9952435285284471, 0.024046892607995463, -0.09440373868732783, -0.0022020236314240905], [-0.02737110906019315, 0.999044329514097, -0.03407711922306618, 0.0020395824292366526], [0.09349407099415853, 0.03649896740494979, 0.9949505937820788, 0.0044848741683244505], [0.0, 0.0, 0.0, 1.0]], "antennas": [-0.014158757677510318, 0.007321604815400917], "body_yaw": -0.0, "check_collision": false}, {"head": [[0.9954270014069132, 0.024073312769288348, -0.0924422007654145, -0.0021459254566386908], [-0.027353536014666828, 0.9990343521285858, -0.03438236953019559, 0.0021099077587040235], [0.0915252366155669, 0.03675376007061884, 0.9951242596696835, 0.004398978700711278], [0.0, 0.0, 0.0, 1.0]], "antennas": [-0.014158757677510318, 0.007321604815400917], "body_yaw": -0.0, "check_collision": false}, {"head": [[0.9955940223613206, 0.024245259309387153, -0.09057985448998714, -0.0020020376836857355], [-0.02747630533679324, 0.9990236241466701, -0.0345955349993685, 0.002156137971791385], [0.0896526367902583, 0.03693190758509231, 0.9952881185459217, 0.0042732432985689425], [0.0, 0.0, 0.0, 1.0]], "antennas": [-0.014158757677510318, 0.007321604815400917], "body_yaw": -0.0, "check_collision": false}, {"head": [[0.9957804941552522, 0.024265408237784655, -0.08850083289424712, -0.0019573532707452186], [-0.027454833318259035, 0.9990100982415173, -0.03500079626151911, 0.002233729609093774], [0.08756391715420464, 0.03728288581276146, 0.995460972031593, 0.004192824099371397], [0.0, 0.0, 0.0, 1.0]], "antennas": [-0.014158757677510318, 0.007321604815400917], "body_yaw": -0.0, "check_collision": false}, {"head": [[0.99592402680444, 0.023995833819661447, -0.08694557373971248, -0.001744001221715436], [-0.027182417039561983, 0.9989944652710593, -0.03565353505162296, 0.0022289146184683827], [0.08600261064360731, 0.037871603043562456, 0.9955748553702, 0.004117639957729526], [0.0, 0.0, 0.0, 1.0]], "antennas": [-0.014158757677510318, 0.007321604815400917], "body_yaw": -0.0, "check_collision": false}, {"head": [[0.9960323294061308, 0.024229402609582076, -0.08563022145819471, -0.0017257683028655524], [-0.027374341196067326, 0.9989859376489907, -0.035745514734692674, 0.0022769752894783056], [0.08467729460651174, 0.03794775920590855, 0.9956855544545036, 0.004081925640544672], [0.0, 0.0, 0.0, 1.0]], "antennas": [-0.014158757677510318, 0.007321604815400917], "body_yaw": -0.0, "check_collision": false}, {"head": [[0.9961199928854355, 0.02487052015553655, -0.08441810825357791, -0.0016004104850805237], [-0.027950173234057886, 0.998978848482846, -0.035497156225152794, 0.0024305614462426014], [0.08344907183489762, 0.03771892775623135, 0.9957979387902016, 0.004124080786082298], [0.0, 0.0, 0.0, 1.0]], "antennas": [-0.014158757677510318, 0.007321604815400917], "body_yaw": -0.0, "check_collision": false}, {"head": [[0.9961942042310277, 0.025677490105751752, -0.08329330080131561, -0.001591023567389696], [-0.02871296243952834, 0.9989588111804353, -0.03545221224292648, 0.002492430107883843], [0.0822962529186819, 0.037708885780944154, 0.995894254772415, 0.004113644496826787], [0.0, 0.0, 0.0, 1.0]], "antennas": [-0.014158757677510318, 0.007321604815400917], "body_yaw": -0.0, "check_collision": false}, {"head": [[0.9962635998625405, 0.025262132614449772, -0.08258731285555639, -0.0011344188202848599], [-0.028264331565668734, 0.9989739192548249, -0.035386949710313996, 0.0014378705081503065], [0.08160862178763674, 0.03758900510021917, 0.9959553702578736, 0.0044915934728537305], [0.0, 0.0, 0.0, 1.0]], "antennas": [-0.014158757677510318, 0.007321604815400917], "body_yaw": -0.0, "check_collision": false}, {"head": [[0.9963261036385551, 0.02626315815587336, -0.08151405849357758, -0.0010606329143644053], [-0.029210906551526795, 0.9989538945132345, -0.03518294438047008, 0.0014537791433347352], [0.08050477095708534, 0.03743478543441735, 0.9960510120935705, 0.004467866513039057], [0.0, 0.0, 0.0, 1.0]], "antennas": [-0.014158757677510318, 0.007321604815400917], "body_yaw": -0.0, "check_collision": false}, {"head": [[0.9963562460518378, 0.026923644877780355, -0.08092804396490046, -0.0007879753418256741], [-0.029776676524580704, 0.9989694030759849, -0.03425611263936446, 0.00112123860156868], [0.07992234036012817, 0.03654105998059597, 0.996131101033822, 0.004597454619052102], [0.0, 0.0, 0.0, 1.0]], "antennas": [-0.014158757677510318, 0.007321604815400917], "body_yaw": -0.0, "check_collision": false}, {"head": [[0.9963674354455635, 0.028814097077093433, -0.0801353941355663, -0.000729434552870589], [-0.03153676478477388, 0.9989603088738779, -0.032920111808985304, 0.0010982793070435618], [0.0791035147799424, 0.035327738453488404, 0.9962402244665798, 0.004583918263040845], [0.0, 0.0, 0.0, 1.0]], "antennas": [-0.014158757677510318, 0.007321604815400917], "body_yaw": -0.0, "check_collision": false}, {"head": [[0.9962707065836307, 0.03104000786087767, -0.08050588248910626, -0.0008019046098232435], [-0.03361117450336863, 0.9989608603953194, -0.030781298652707432, 0.0011344954448228519], [0.079466773886054, 0.033372403423183636, 0.9962787333562345, 0.004731504414348567], [0.0, 0.0, 0.0, 1.0]], "antennas": [-0.014158757677510318, 0.007321604815400917], "body_yaw": -0.0, "check_collision": false}, {"head": [[0.9961503574820625, 0.03322833138024596, -0.08111931509846457, -0.0007997483136455081], [-0.035676819613078004, 0.9989447572363184, -0.02892294128143324, 0.0010785610918817743], [0.08007265345082124, 0.031705677468836777, 0.9962846582104872, 0.0047764263864089745], [0.0, 0.0, 0.0, 1.0]], "antennas": [-0.014158757677510318, 0.007321604815400917], "body_yaw": -0.0, "check_collision": false}, {"head": [[0.9960087603028995, 0.03600099590561592, -0.08167299243743055, -0.0007437118415945132], [-0.038213261765923406, 0.9989394011412926, -0.025686951408921084, 0.0014741361170003534], [0.08066161432236389, 0.028705420067978132, 0.9963281100288353, 0.004752073785481495], [0.0, 0.0, 0.0, 1.0]], "antennas": [-0.014158757677510318, 0.007321604815400917], "body_yaw": -0.0, "check_collision": false}, {"head": [[0.9958816614599605, 0.03915945417376533, -0.08176951459169467, -0.0006968183892100248], [-0.04109465712273362, 0.9989104041861965, -0.022118624833713896, 0.0014098934892996006], [0.08081426559533629, 0.02538782301384659, 0.9964057973129743, 0.0047501557111090525], [0.0, 0.0, 0.0, 1.0]], "antennas": [-0.014158757677510318, 0.007321604815400917], "body_yaw": -0.0, "check_collision": false}, {"head": [[0.9957732788842493, 0.0427675578020765, -0.0812804592737827, -0.0004894946940039747], [-0.0444229551985927, 0.9988383856880017, -0.018667627798158632, 0.001493099195509941], [0.08038767387811908, 0.022199443142403467, 0.9965164356961868, 0.00455938572412469], [0.0, 0.0, 0.0, 1.0]], "antennas": [-0.014158757677510318, 0.007321604815400917], "body_yaw": -0.0, "check_collision": false}, {"head": [[0.9956434704168475, 0.04650665427148005, -0.08081590762201213, -0.00040868519896974074], [-0.047842160710719346, 0.9987472156482023, -0.014667204692557693, 0.0014329144335328715], [0.08003254009980112, 0.01846971422184736, 0.9966211226849135, 0.004520638828732507], [0.0, 0.0, 0.0, 1.0]], "antennas": [-0.014158757677510318, 0.007321604815400917], "body_yaw": -0.0, "check_collision": false}, {"head": [[0.9955190467601825, 0.05019456326656727, -0.08013946191593405, -0.0002398676220142474], [-0.05120005239742093, 0.9986327942005084, -0.010540255299838309, 0.001409853547186729], [0.07950083126734098, 0.014596169557900943, 0.9967279316152619, 0.004259346818523038], [0.0, 0.0, 0.0, 1.0]], "antennas": [-0.014158757677510318, 0.007321604815400917], "body_yaw": -0.0, "check_collision": false}, {"head": [[0.9953116854157908, 0.05376959024725035, -0.08039577127822303, -0.00017483671779919843], [-0.05449482005029803, 0.9984905403679446, -0.006852399828915098, 0.0013535429267491849], [0.07990596637587952, 0.011201426711472048, 0.996739466750045, 0.0042458110735938], [0.0, 0.0, 0.0, 1.0]], "antennas": [-0.014158757677510318, 0.007321604815400917], "body_yaw": -0.0, "check_collision": false}, {"head": [[0.9949879671444367, 0.057459691828706874, -0.08183721068518672, -8.799937817775464e-05], [-0.05790068954220019, 0.9983177684885904, -0.0030237841356800395, 0.0015283425259227847], [0.08152579584597351, 0.0077470597591265036, 0.9966411228103973, 0.004090751509568405], [0.0, 0.0, 0.0, 1.0]], "antennas": [-0.014158757677510318, 0.007321604815400917], "body_yaw": -0.0, "check_collision": false}, {"head": [[0.99465294772878, 0.06046133724810044, -0.08372538607029816, -8.224945041491333e-06], [-0.06064259888759508, 0.9981594720768243, 0.0003788185236394464, 0.0014965867139569008], [0.08359419103387068, 0.004700532042977891, 0.9964887938275603, 0.00406006556540596], [0.0, 0.0, 0.0, 1.0]], "antennas": [-0.014158757677510318, 0.007321604815400917], "body_yaw": -0.0, "check_collision": false}, {"head": [[0.9943966110689064, 0.0633334080886949, -0.08464194772419273, 0.00014968535948651785], [-0.06328484781204168, 0.9979901825168913, 0.0032593921686042537, 0.001684836168753427], [0.08467826127218758, 0.0021154242536357212, 0.9964061004671471, 0.003948908764149064], [0.0, 0.0, 0.0, 1.0]], "antennas": [-0.014158757677510318, 0.007321604815400917], "body_yaw": -0.0, "check_collision": false}, {"head": [[0.9942269088868908, 0.0658449777614249, -0.08471890313746747, 0.00020500808128916937], [-0.06557610188296759, 0.9978297976843657, 0.005955645641926889, 0.0017025396343912677], [0.08492719533254814, -0.0003657277334428244, 0.9963870923171235, 0.003854831188609866], [0.0, 0.0, 0.0, 1.0]], "antennas": [-0.014158757677510318, 0.007321604815400917], "body_yaw": -0.0, "check_collision": false}, {"head": [[0.9941137872869577, 0.0683927953173013, -0.08402501695725693, 0.00023352230029523516], [-0.0678837529482254, 0.9976535066880567, 0.00890374520569486, 0.0022060200037520806], [0.08443680484034129, -0.0031474023748745282, 0.9964238655545364, 0.003709538389326485], [0.0, 0.0, 0.0, 1.0]], "antennas": [-0.014158757677510318, 0.007321604815400917], "body_yaw": -0.0, "check_collision": false}, {"head": [[0.9941214499958971, 0.06965352007185029, -0.08289107189351082, 0.00024359475593942667], [-0.06904385933846259, 0.9975614553283321, 0.010202368885245183, 0.0022550060982715866], [0.0833995692177449, -0.0044192742413630155, 0.9965063882732885, 0.003638096282524885], [0.0, 0.0, 0.0, 1.0]], "antennas": [-0.014158757677510318, 0.007321604815400917], "body_yaw": -0.0, "check_collision": false}, {"head": [[0.9940573725408142, 0.07080050145185464, -0.08268753891257724, 0.000355975410669082], [-0.07010633320121494, 0.9974758338822848, 0.011272216548704965, 0.0024275975061436713], [0.08327690041261906, -0.005408309810523176, 0.9965117701475785, 0.0036949517894970937], [0.0, 0.0, 0.0, 1.0]], "antennas": [-0.014158757677510318, 0.007321604815400917], "body_yaw": -0.0, "check_collision": false}, {"head": [[0.9940525673328611, 0.07132781175160079, -0.08229116993746033, 0.00032593084051776313], [-0.07060827270115995, 0.9974363816696027, 0.011624816041957567, 0.0024892779808174687], [0.08290937947606655, -0.005745240863438453, 0.996540529533202, 0.003662049994606633], [0.0, 0.0, 0.0, 1.0]], "antennas": [-0.014158757677510318, 0.007321604815400917], "body_yaw": -0.0, "check_collision": false}, {"head": [[0.9940173481132641, 0.0720286109118867, -0.08210597335137997, 0.0004976076446654338], [-0.0712813534273809, 0.9973840605875144, 0.012000180812053503, 0.002551651659251482], [0.08275554545427329, -0.006075763002718269, 0.9965513558269339, 0.00371343905336581], [0.0, 0.0, 0.0, 1.0]], "antennas": [-0.014158757677510318, 0.007321604815400917], "body_yaw": -0.0, "check_collision": false}, {"head": [[0.9939924851673477, 0.07245381994585036, -0.08203281907928069, 0.00045967887741401], [-0.07170849942346129, 0.9973534487310848, 0.011999558935503156, 0.0026223553073204033], [0.0826851289003963, -0.006045021047561333, 0.9965573878002506, 0.0037055444562838066], [0.0, 0.0, 0.0, 1.0]], "antennas": [-0.014158757677510318, 0.007321604815400917], "body_yaw": -0.0, "check_collision": false}, {"head": [[0.9939693729281561, 0.07315059705945362, -0.08169379309747704, 0.0006502942820491547], [-0.07239131155557368, 0.997301421246477, 0.01222183255574567, 0.0025376668836391723], [0.08236737031174296, -0.006234206413191413, 0.9965825359589269, 0.003641516089771881], [0.0, 0.0, 0.0, 1.0]], "antennas": [-0.014158757677510318, 0.007321604815400917], "body_yaw": -0.0, "check_collision": false}, {"head": [[0.9938961389668787, 0.07340123403521923, -0.08235729347688882, 0.0006308097184890037], [-0.07261053185659166, 0.9972812915951313, 0.01255930323902907, 0.002596818277103008], [0.08305525636727822, -0.0065026361157589, 0.9965237278225302, 0.003629829513744922], [0.0, 0.0, 0.0, 1.0]], "antennas": [-0.014158757677510318, 0.007321604815400917], "body_yaw": -0.0, "check_collision": false}, {"head": [[0.9938318512814498, 0.0735124092617083, -0.0830311812696034, 0.0007141904977369681], [-0.07270695246674616, 0.997272648291274, 0.01268716016717377, 0.0025921939158989604], [0.08373738974606831, -0.006571959726619735, 0.9964661855295779, 0.003447363535221861], [0.0, 0.0, 0.0, 1.0]], "antennas": [-0.014158757677510318, 0.007321604815400917], "body_yaw": -0.0, "check_collision": false}, {"head": [[0.9938260123491379, 0.07325881374041862, -0.08332468654341392, 0.0006798369381742638], [-0.07246567229073192, 0.9972924775195019, 0.012507622574509073, 0.0026408282159084973], [0.08401537667393856, -0.0063922212384094155, 0.9964439552679196, 0.0034019390502590527], [0.0, 0.0, 0.0, 1.0]], "antennas": [-0.014158757677510318, 0.007321604815400917], "body_yaw": -0.0, "check_collision": false}, {"head": [[0.9939072130662328, 0.07205557968942017, -0.08340530708855169, 0.0010745423468686835], [-0.07128569386159145, 0.9973816191275924, 0.012176028789941631, 0.0016020027127870845], [0.08406427104058807, -0.0061562376532785824, 0.9964413174253517, 0.003525842168694296], [0.0, 0.0, 0.0, 1.0]], "antennas": [-0.014158757677510318, 0.007321604815400917], "body_yaw": -0.0, "check_collision": false}, {"head": [[0.9939275171813986, 0.07215753768764911, -0.0830745469110525, 0.0010763452099071102], [-0.07136059553049563, 0.9973719213232674, 0.012526610134742378, 0.001556123283066149], [0.08376010980863248, -0.006522293368925031, 0.996464602328681, 0.003459515237783109], [0.0, 0.0, 0.0, 1.0]], "antennas": [-0.014158757677510318, 0.007321604815400917], "body_yaw": -0.0, "check_collision": false}, {"head": [[0.9938916605435703, 0.07240250541899836, -0.08329012132897855, 0.0009540513856700775], [-0.07154855001932499, 0.9973498200552898, 0.013196265601022137, 0.0017472325366436597], [0.08402483021152858, -0.007156370919151819, 0.9964379630780789, 0.0035625076449270062], [0.0, 0.0, 0.0, 1.0]], "antennas": [-0.014158757677510318, 0.007321604815400917], "body_yaw": -0.0, "check_collision": false}, {"head": [[0.9939131842857988, 0.07238651465004681, -0.08304682173137197, 0.0009232146561484796], [-0.0715251211827353, 0.9973500566171246, 0.013304946659542344, 0.0017323587526874534], [0.08378985107194516, -0.007284027912961037, 0.9964568248522885, 0.0035035706096217664], [0.0, 0.0, 0.0, 1.0]], "antennas": [-0.014158757677510318, 0.007321604815400917], "body_yaw": -0.0, "check_collision": false}, {"head": [[0.9938743909682656, 0.07270474719652346, -0.08323289441410046, 0.0008764368475564599], [-0.07181260977542465, 0.9973245071529744, 0.013666620259570874, 0.001844772997073051], [0.08400383357146128, -0.007605732520036644, 0.9964364047836328, 0.00369354949386115], [0.0, 0.0, 0.0, 1.0]], "antennas": [-0.014158757677510318, 0.007321604815400917], "body_yaw": -0.0, "check_collision": false}, {"head": [[0.9938020692451865, 0.07361857038962516, -0.08329317653789742, 0.0008058554718606381], [-0.07267988401122502, 0.9972535091099871, 0.014250369396329258, 0.0018682039954126522], [0.08411350440981766, -0.008108308183879422, 0.9964231900725188, 0.0037097000302045565], [0.0, 0.0, 0.0, 1.0]], "antennas": [-0.014158757677510318, 0.007321604815400917], "body_yaw": -0.0, "check_collision": false}, {"head": [[0.9937434375809432, 0.07456663087320527, -0.083149250297458, 0.000782304893753329], [-0.07353444836094143, 0.9971735827584456, 0.015412032732175975, 0.002470394622552381], [0.08406345917854084, -0.009201272135133151, 0.9964179200626778, 0.0037519697930428883], [0.0, 0.0, 0.0, 1.0]], "antennas": [-0.014158757677510318, 0.007321604815400917], "body_yaw": -0.0, "check_collision": false}, {"head": [[0.9937013852398906, 0.07557248911637512, -0.08274270880916348, 0.0007094804987170705], [-0.07449296160005156, 0.9970921843705828, 0.016061585823114365, 0.0025518574572042964], [0.08371592228707692, -0.009796670651572867, 0.9964415033506828, 0.0037671382165828235], [0.0, 0.0, 0.0, 1.0]], "antennas": [-0.014158757677510318, 0.007321604815400917], "body_yaw": -0.0, "check_collision": false}, {"head": [[0.9936423058768334, 0.07679750405224309, -0.08232321266274537, 0.0008029501337805863], [-0.07565475544832503, 0.9969905664957075, 0.016916509587469222, 0.0029315544753011165], [0.08337461214197056, -0.01058081707216002, 0.9964621018183591, 0.003624428220401223], [0.0, 0.0, 0.0, 1.0]], "antennas": [-0.014158757677510318, 0.007321604815400917], "body_yaw": -0.0, "check_collision": false}, {"head": [[0.993596772806548, 0.07766987344391527, -0.08205390805817754, 0.0007672846642421644], [-0.07648691379881295, 0.9969175613904012, 0.017467907972886228, 0.0030342566040448063], [0.08315771212549454, -0.011080006797039972, 0.9964748006665455, 0.003614673905483547], [0.0, 0.0, 0.0, 1.0]], "antennas": [-0.014158757677510318, 0.007321604815400917], "body_yaw": -0.0, "check_collision": false}, {"head": [[0.9935590120486091, 0.07835669077832659, -0.08185791707136121, 0.0009797927000479417], [-0.07716257499140076, 0.9968621855499908, 0.017655595180911872, 0.002973365946119924], [0.08298449612842505, -0.011225508040418209, 0.9964876122519267, 0.003611346894156666], [0.0, 0.0, 0.0, 1.0]], "antennas": [-0.014158757677510318, 0.007321604815400917], "body_yaw": -0.0, "check_collision": false}, {"head": [[0.9935026228445479, 0.0791475719876602, -0.08178141750704757, 0.0009913860053829245], [-0.07792848504961758, 0.9967964879451441, 0.017997578673188384, 0.0030615465274479526], [0.08294389440384028, -0.01150753964512927, 0.9964877755960884, 0.0035911708254042904], [0.0, 0.0, 0.0, 1.0]], "antennas": [-0.014158757677510318, 0.007321604815400917], "body_yaw": -0.0, "check_collision": false}, {"head": [[0.9933822195438733, 0.08041239765095552, -0.08200982988710974, 0.0011026939049008887], [-0.07914500981986565, 0.9966896703233852, 0.01859485120336442, 0.0031540505446449145], [0.08323360688268559, -0.011981125768745401, 0.9964580369040195, 0.0034557447899305612], [0.0, 0.0, 0.0, 1.0]], "antennas": [-0.014158757677510318, 0.007321604815400917], "body_yaw": -0.0, "check_collision": false}, {"head": [[0.9932139784668522, 0.08184229984210631, -0.08263069002859308, 0.001132042959053239], [-0.08050824180135752, 0.9965660013767128, 0.019355306819666913, 0.003234112434581689], [0.08393101917706478, -0.012571509717772981, 0.9963922626974352, 0.0034359059212425566], [0.0, 0.0, 0.0, 1.0]], "antennas": [-0.014158757677510318, 0.007321604815400917], "body_yaw": -0.0, "check_collision": false}, {"head": [[0.9929547537651052, 0.08402515976377704, -0.08355016159141289, 0.0012883853237311816], [-0.08259467850453893, 0.9963736099443977, 0.02043889647464573, 0.0032719037422917954], [0.08496455765795123, -0.013394100680567303, 0.99629394357737, 0.0032888483741239224], [0.0, 0.0, 0.0, 1.0]], "antennas": [-0.014158757677510318, 0.007321604815400917], "body_yaw": -0.0, "check_collision": false}, {"head": [[0.9926074594672547, 0.08668685235032546, -0.0849459889550704, 0.001319392590398837], [-0.0851215121583362, 0.9961301743322833, 0.021886158927796176, 0.0033402271933753247