{"description": "When you\u2019re unsure what to do, or face something you can\u2019t do.", "time": [0.0, 0.010095357894897461, 0.020125150680541992, 0.030185699462890625, 0.04023909568786621, 0.05033612251281738, 0.06037569046020508, 0.07047390937805176, 0.08056640625, 0.09052324295043945, 0.10061454772949219, 0.11073994636535645, 0.12089800834655762, 0.1309185028076172, 0.1409001350402832, 0.15096139907836914, 0.16097450256347656, 0.17107033729553223, 0.18133020401000977, 0.19128012657165527, 0.20130324363708496, 0.21142101287841797, 0.2213609218597412, 0.23149704933166504, 0.24161243438720703, 0.2516179084777832, 0.2616846561431885, 0.271683931350708, 0.2818489074707031, 0.2918369770050049, 0.3018677234649658, 0.311992883682251, 0.32196950912475586, 0.33234477043151855, 0.3423314094543457, 0.3526637554168701, 0.36269426345825195, 0.3723571300506592, 0.38256096839904785, 0.3924689292907715, 0.4025421142578125, 0.4126887321472168, 0.4227898120880127, 0.4328470230102539, 0.44284558296203613, 0.4528636932373047, 0.4630124568939209, 0.4729573726654053, 0.48340582847595215, 0.4934096336364746, 0.5034036636352539, 0.5134491920471191, 0.5232846736907959, 0.5334737300872803, 0.5435876846313477, 0.5537083148956299, 0.5636308193206787, 0.573570966720581, 0.5837454795837402, 0.5936799049377441, 0.6036934852600098, 0.6139121055603027, 0.6239745616912842, 0.634136438369751, 0.6443617343902588, 0.6540279388427734, 0.6641709804534912, 0.674898624420166, 0.6843817234039307, 0.6942861080169678, 0.7043404579162598, 0.7144601345062256, 0.7244551181793213, 0.7345261573791504, 0.7446887493133545, 0.754608154296875, 0.7647275924682617, 0.7748699188232422, 0.7848474979400635, 0.7948899269104004, 0.8049759864807129, 0.8150689601898193, 0.8250665664672852, 0.8351085186004639, 0.8452465534210205, 0.8552548885345459, 0.8653395175933838, 0.8754386901855469, 0.8854715824127197, 0.8955368995666504, 0.9055380821228027, 0.9156501293182373, 0.9256365299224854, 0.9359662532806396, 0.9460601806640625, 0.9562544822692871, 0.965996265411377, 0.9760901927947998, 0.9860541820526123, 0.9961235523223877, 1.006176471710205, 1.0162889957427979, 1.0263514518737793, 1.0363407135009766, 1.04648756980896, 1.0564906597137451, 1.0665717124938965, 1.076719045639038, 1.086660623550415, 1.0967373847961426, 1.1067512035369873, 1.116889238357544, 1.126936912536621, 1.1369729042053223, 1.1471600532531738, 1.1571643352508545, 1.1671528816223145, 1.1774940490722656, 1.1873674392700195, 1.1973659992218018, 1.2079627513885498, 1.217864751815796, 1.227891445159912, 1.2380590438842773, 1.248063087463379, 1.2580008506774902, 1.2680952548980713, 1.278205156326294, 1.2887639999389648, 1.298459768295288, 1.3085508346557617, 1.3187212944030762, 1.328664779663086, 1.338636875152588, 1.348755121231079, 1.3587701320648193, 1.3688786029815674, 1.378953218460083, 1.38893723487854, 1.3990039825439453, 1.4091362953186035, 1.4191954135894775, 1.429274320602417, 1.439267635345459, 1.4493725299835205, 1.4594142436981201, 1.469480276107788, 1.4795663356781006, 1.4895350933074951, 1.499669075012207, 1.509772777557373, 1.519798994064331, 1.5297868251800537, 1.5398292541503906, 1.549933671951294, 1.559967279434204, 1.570033073425293, 1.5801973342895508, 1.5901226997375488, 1.600229024887085, 1.6103172302246094, 1.6203763484954834, 1.6305286884307861, 1.6404995918273926, 1.650550127029419, 1.6605303287506104, 1.6706655025482178, 1.6808598041534424, 1.6906933784484863, 1.7007668018341064, 1.7108516693115234, 1.720888614654541, 1.7309863567352295, 1.7411160469055176, 1.7512774467468262, 1.7611727714538574, 1.7712221145629883, 1.781280755996704, 1.791280746459961, 1.8015716075897217, 1.8115615844726562, 1.8215818405151367, 1.8315587043762207, 1.8416736125946045, 1.8516952991485596, 1.8617916107177734, 1.8719239234924316, 1.8819222450256348, 1.8919508457183838, 1.9019780158996582, 1.9121804237365723, 1.9221761226654053, 1.9321925640106201, 1.9423034191131592, 1.9523131847381592, 1.9624061584472656, 1.9723951816558838, 1.9825260639190674, 1.9924683570861816, 2.002702236175537, 2.0127742290496826, 2.022674322128296, 2.0327858924865723, 2.042919397354126, 2.0529184341430664, 2.0629818439483643, 2.072986602783203, 2.083090305328369, 2.0931456089019775, 2.1032423973083496, 2.1133317947387695, 2.1232707500457764, 2.1334235668182373, 2.143522024154663, 2.1536765098571777, 2.1636319160461426, 2.1736502647399902, 2.183882474899292, 2.1939001083374023, 2.203836679458618, 2.214026927947998, 2.2244601249694824, 2.234086275100708, 2.244739532470703, 2.2542002201080322, 2.264275312423706, 2.274348735809326, 2.2844433784484863, 2.294393301010132, 2.304532766342163, 2.3145668506622314, 2.3245556354522705, 2.334625482559204, 2.3447446823120117, 2.354753017425537, 2.364814519882202, 2.374868631362915, 2.3849029541015625, 2.3950066566467285, 2.405015707015991, 2.4151105880737305, 2.4251391887664795, 2.435349225997925, 2.445366382598877, 2.4553956985473633, 2.4653666019439697, 2.4754652976989746, 2.4855101108551025, 2.495547294616699, 2.50557017326355, 2.515695571899414, 2.5259885787963867, 2.5360984802246094, 2.546321153640747, 2.5560052394866943, 2.5660042762756348, 2.576066255569458, 2.5861806869506836, 2.596184015274048, 2.6062331199645996, 2.616288185119629, 2.6264166831970215, 2.636481761932373, 2.646559476852417, 2.656480073928833, 2.666583299636841, 2.676682472229004, 2.68672251701355, 2.696775436401367, 2.706843614578247, 2.716909408569336, 2.726980447769165, 2.737067222595215, 2.747296094894409, 2.757185459136963, 2.7672312259674072, 2.777320384979248, 2.78741717338562, 2.797675132751465, 2.807572841644287, 2.8175528049468994, 2.8277575969696045, 2.8376572132110596, 2.8478050231933594, 2.857940912246704, 2.8679332733154297, 2.878023862838745, 2.887960433959961, 2.898017168045044, 2.908125877380371, 2.9182169437408447, 2.928280830383301, 2.9382894039154053, 2.9484426975250244, 2.9584157466888428, 2.9685134887695312, 2.978684902191162, 2.9885668754577637, 2.998650312423706, 3.008716106414795, 3.0188779830932617, 3.0288491249084473, 3.0389018058776855, 3.049009084701538, 3.0590145587921143, 3.069162368774414, 3.079277515411377, 3.089324474334717, 3.0993494987487793, 3.1094326972961426, 3.1198172569274902, 3.129577875137329, 3.1399991512298584, 3.1497695446014404, 3.1599767208099365, 3.1697587966918945, 3.17997145652771, 3.189988374710083, 3.1999707221984863, 3.2101168632507324, 3.220054864883423, 3.230165481567383, 3.240201473236084, 3.250356435775757, 3.260373115539551, 3.270343780517578, 3.280454397201538, 3.2905166149139404, 3.300567150115967, 3.31072998046875, 3.3206570148468018, 3.3309764862060547, 3.3408217430114746, 3.3508336544036865, 3.3609163761138916, 3.3712027072906494, 3.3813464641571045, 3.3913605213165283, 3.401423215866089, 3.411508560180664, 3.42146897315979, 3.4315364360809326, 3.441922903060913, 3.4518637657165527, 3.461771249771118, 3.4718902111053467, 3.4820804595947266, 3.4920654296875, 3.5018601417541504, 3.5119495391845703, 3.5219128131866455, 3.53200626373291, 3.5421149730682373, 3.552175283432007, 3.5621938705444336, 3.5722498893737793, 3.5824084281921387, 3.5924174785614014, 3.6025171279907227, 3.612651824951172, 3.622506856918335, 3.6326487064361572, 3.6433355808258057, 3.652876377105713, 3.6628196239471436, 3.6729018688201904, 3.682969331741333, 3.6930439472198486, 3.7030091285705566, 3.7131147384643555, 3.723095178604126, 3.7332043647766113, 3.7432963848114014, 3.753290891647339, 3.763369083404541, 3.7734177112579346, 3.783599853515625, 3.7935197353363037, 3.8035783767700195, 3.8136415481567383, 3.8236284255981445, 3.833747148513794, 3.8438804149627686, 3.853787422180176, 3.8639323711395264, 3.874095916748047, 3.8840136528015137, 3.894047737121582, 3.9041402339935303, 3.9142367839813232, 3.924294948577881, 3.934321641921997, 3.9444963932037354, 3.9544410705566406, 3.9645848274230957, 3.974670886993408, 3.984628915786743, 3.9946975708007812, 4.00471568107605, 4.014824390411377, 4.024887561798096, 4.0348801612854, 4.04511284828186, 4.054956674575806, 4.065042734146118, 4.075159549713135, 4.085247755050659, 4.0953004360198975, 4.105365991592407, 4.115445137023926, 4.125551223754883, 4.135709047317505, 4.145575284957886, 4.1557135581970215, 4.165695905685425, 4.175932884216309, 4.18593955039978, 4.195884704589844, 4.206029653549194, 4.216121673583984, 4.226607084274292, 4.2361695766448975, 4.246805667877197, 4.25652551651001, 4.266572952270508, 4.276904582977295, 4.28668212890625, 4.296774625778198, 4.306797504425049, 4.316926002502441, 4.326924562454224, 4.336962461471558, 4.347100496292114, 4.3570826053619385, 4.367139101028442, 4.377294540405273, 4.387252569198608, 4.397398233413696, 4.407419919967651, 4.417602062225342, 4.427539825439453, 4.437617778778076, 4.44770073890686, 4.457701683044434, 4.467836856842041, 4.477908611297607, 4.487909555435181, 4.497975587844849, 4.5080647468566895, 4.518166542053223, 4.528282403945923, 4.538235187530518, 4.548336744308472, 4.558333396911621, 4.568418741226196, 4.578569173812866, 4.588645935058594, 4.598578214645386, 4.608694553375244, 4.618737697601318, 4.628820180892944, 4.638970851898193, 4.649425745010376, 4.659113645553589, 4.669122219085693, 4.679233551025391, 4.689096689224243, 4.699199199676514, 4.709318399429321, 4.7193686962127686, 4.729371070861816, 4.7394609451293945, 4.749555587768555, 4.759521722793579, 4.769556760787964, 4.779739141464233, 4.789688348770142, 4.79987096786499, 4.809997081756592, 4.819930553436279, 4.830036640167236, 4.840169906616211, 4.850237131118774, 4.860244274139404, 4.870257377624512, 4.880398988723755, 4.890366077423096, 4.900367736816406, 4.910586357116699, 4.920515537261963, 4.93068528175354, 4.940637826919556, 4.950733184814453, 4.960781574249268, 4.970817804336548, 4.9809277057647705, 4.9909093379974365, 5.000968933105469, 5.011144399642944, 5.021127939224243, 5.031141042709351, 5.041240930557251, 5.051314353942871, 5.061377286911011, 5.071415185928345, 5.081564903259277, 5.09162163734436, 5.10163688659668, 5.1117637157440186, 5.121810436248779, 5.13182258605957, 5.142502784729004, 5.151941537857056, 5.162034273147583, 5.172077417373657, 5.182656764984131, 5.192300319671631, 5.20237135887146, 5.212427139282227, 5.222374439239502, 5.232483148574829, 5.2426228523254395, 5.252621650695801, 5.262670278549194, 5.27273154258728, 5.282778978347778, 5.2928760051727295, 5.302831649780273, 5.313092470169067, 5.3230321407318115, 5.3331263065338135, 5.343209743499756, 5.353191137313843, 5.363265037536621, 5.373269319534302, 5.383362531661987, 5.393431186676025, 5.403435707092285, 5.413637399673462, 5.42361855506897, 5.4336464405059814, 5.44377326965332, 5.453850984573364, 5.463886260986328, 5.473907470703125, 5.4840407371521, 5.4940025806427, 5.504100799560547, 5.514190196990967, 5.524214744567871, 5.5342793464660645, 5.544353008270264, 5.554393529891968, 5.564443111419678, 5.57455039024353, 5.584557056427002, 5.594641447067261, 5.604676723480225, 5.614789009094238, 5.624759674072266, 5.63491415977478, 5.644954204559326, 5.654966115951538, 5.665016174316406, 5.675129652023315, 5.6851818561553955, 5.695227384567261, 5.70536470413208, 5.71538782119751, 5.725482940673828, 5.735511541366577, 5.745617628097534, 5.755577087402344, 5.765620231628418, 5.775684118270874, 5.785760402679443, 5.7958033084869385, 5.805914878845215, 5.816162824630737, 5.82598352432251, 5.836046934127808, 5.846189022064209, 5.856140375137329, 5.86627984046936, 5.876366376876831, 5.886377811431885, 5.89645791053772, 5.9064695835113525, 5.916600465774536, 5.926664352416992, 5.936693429946899, 5.946825981140137, 5.956822633743286, 5.966855049133301, 5.976999044418335, 5.9870476722717285, 5.997173070907593, 6.007230281829834, 6.017312288284302, 6.02727198600769, 6.037254095077515, 6.047652244567871, 6.057649850845337, 6.0675013065338135, 6.0777363777160645, 6.087569952011108, 6.0977113246917725, 6.107774972915649, 6.1178953647613525, 6.1279215812683105, 6.137917518615723, 6.148091793060303, 6.158062696456909, 6.168358325958252, 6.178669691085815, 6.188685894012451, 6.198479890823364, 6.208454132080078, 6.2184693813323975, 6.228580951690674, 6.238568305969238, 6.249211549758911, 6.258993148803711, 6.269021987915039, 6.279135465621948, 6.289082288742065, 6.299179792404175, 6.309293508529663, 6.319299697875977, 6.329332590103149, 6.339388608932495, 6.349527835845947, 6.3595194816589355, 6.369575500488281, 6.3796892166137695, 6.389637231826782, 6.399957895278931, 6.409992456436157, 6.421194076538086, 6.430183172225952, 6.440026521682739, 6.450122356414795, 6.460382699966431, 6.470347881317139, 6.4803972244262695, 6.490311861038208, 6.500431776046753, 6.510584831237793, 6.520563364028931, 6.530520915985107, 6.540601968765259, 6.550696611404419, 6.560715198516846, 6.570719003677368, 6.580871105194092, 6.590880393981934, 6.6010308265686035, 6.611088037490845, 6.6210808753967285, 6.6311891078948975, 6.641231298446655, 6.651300430297852, 6.661318063735962, 6.671383857727051, 6.681509017944336, 6.691502332687378, 6.701563835144043, 6.711623668670654, 6.7216737270355225, 6.731700897216797, 6.741812229156494, 6.751911878585815, 6.76198673248291, 6.771979570388794, 6.7821173667907715, 6.792094707489014, 6.802186012268066, 6.812512397766113, 6.8224937915802, 6.832359075546265, 6.842523097991943, 6.852506160736084, 6.862523317337036, 6.872624635696411, 6.882658958435059, 6.892673492431641, 6.9027299880981445, 6.912856101989746, 6.9228973388671875, 6.933050870895386, 6.9431471824646, 6.953070163726807, 6.963157653808594, 6.973306655883789, 6.9833292961120605, 6.993380546569824, 7.003356456756592, 7.0135252475738525, 7.023500680923462, 7.033554553985596, 7.04367995262146, 7.053757429122925, 7.06386137008667, 7.073904752731323, 7.08388352394104, 7.0940492153167725, 7.103988170623779, 7.114110946655273, 7.1240434646606445, 7.1341588497161865, 7.144245624542236, 7.154296159744263, 7.164443254470825, 7.174659252166748, 7.184570074081421, 7.194565296173096, 7.20465612411499, 7.214699745178223, 7.224758625030518, 7.234801530838013, 7.2449400424957275, 7.254873991012573, 7.265004396438599, 7.27510142326355, 7.285115003585815, 7.295201778411865, 7.305221796035767, 7.315423250198364, 7.325874328613281, 7.335511684417725, 7.345620155334473, 7.355723857879639, 7.365680932998657, 7.375794172286987, 7.385795593261719, 7.395849943161011, 7.4059247970581055, 7.416041135787964, 7.4260783195495605, 7.43609356880188, 7.447108507156372, 7.456469297409058, 7.466365337371826, 7.476445198059082, 7.486443758010864, 7.49648904800415, 7.506929397583008, 7.516765594482422, 7.5268073081970215, 7.536756992340088, 7.546903371810913, 7.556846857070923, 7.5669567584991455, 7.577004432678223, 7.587017297744751, 7.597096681594849, 7.607199430465698, 7.617291688919067, 7.627380847930908, 7.637310743331909, 7.64744234085083, 7.657404661178589, 7.667587518692017, 7.677662372589111, 7.6875739097595215, 7.6976470947265625, 7.707717418670654, 7.717885732650757, 7.72800350189209, 7.73796272277832, 7.748190641403198, 7.758140325546265, 7.768287897109985, 7.778390884399414, 7.788296461105347, 7.798442840576172, 7.808526992797852, 7.818681716918945, 7.828572750091553, 7.838586807250977, 7.848741292953491, 7.858659744262695, 7.868776798248291, 7.8789589405059814, 7.888936519622803, 7.899012088775635, 7.909361839294434, 7.919190406799316, 7.929229021072388, 7.939260959625244, 7.949402332305908, 7.959527254104614, 7.9695045948028564, 7.979665756225586, 7.989507675170898, 7.999589920043945, 8.009744644165039, 8.01972246170044, 8.0298011302948, 8.039817571640015, 8.049910545349121, 8.059967517852783, 8.070101499557495, 8.080216646194458, 8.090367317199707, 8.100702047348022, 8.110754251480103, 8.120510816574097, 8.130611658096313], "set_target_data": [{"head": [[0.9888050601005045, 0.14195690359021143, 0.04596510244432565, -0.007654987161379352], [-0.1379501387954846, 0.9871218269685891, -0.08099541918220828, 0.004762401454895298], [-0.05687101481373859, 0.07374778807038561, 0.9956540319954423, -0.0005592985805770163], [0.0, 0.0, 0.0, 1.0]], "antennas": [-0.03120372586024042, 0.09526340272100642], "body_yaw": -0.03230520928709708, "check_collision": false}, {"head": [[0.9894188816978781, 0.13605860157222419, 0.05038187648282653, -0.007692085650274621], [-0.13170097492537688, 0.9879290860938308, -0.08155350423809597, 0.0046012642052573535], [-0.06086977692932089, 0.07405523471044191, 0.9953947420338103, -0.00038826605099051515], [0.0, 0.0, 0.0, 1.0]], "antennas": [-0.03120372586024042, 0.09526340272100642], "body_yaw": -0.03230520928709708, "check_collision": false}, {"head": [[0.9901263342560992, 0.12932637986573076, 0.05407892087868792, -0.007717486366991854], [-0.12465726151795997, 0.9887828890756069, -0.08227372254941678, 0.004669667424136263], [-0.06411247431991382, 0.07472004913087377, 0.9951414496916795, -0.0003852068172631724], [0.0, 0.0, 0.0, 1.0]], "antennas": [-0.03120372586024042, 0.09526340272100642], "body_yaw": -0.03230520928709708, "check_collision": false}, {"head": [[0.9909772613713748, 0.12113835711763438, 0.057354737203917455, -0.007769448334115304], [-0.1162190045113049, 0.9897919065653289, -0.08249317964639642, 0.00467592852884326], [-0.06676234294339319, 0.07508315478595597, 0.9949398521680077, -0.00020742695067554843], [0.0, 0.0, 0.0, 1.0]], "antennas": [-0.03120372586024042, 0.09526340272100642], "body_yaw": -0.03230520928709708, "check_collision": false}, {"head": [[0.9921259066944008, 0.11063654971765596, 0.05870041850264334, -0.007846237014262394], [-0.10571246106107013, 0.9910726660024326, -0.08123943795498637, 0.00471532231965675], [-0.06716443137721455, 0.07439438533520518, 0.9949645293116595, -0.00017822916861753816], [0.0, 0.0, 0.0, 1.0]], "antennas": [-0.03120372586024042, 0.09526340272100642], "body_yaw": -0.03230520928709708, "check_collision": false}, {"head": [[0.9934501726258302, 0.09818082615431477, 0.05845750495329206, -0.00790063413142628], [-0.09342508377583113, 0.9924728478306724, -0.07917954306734708, 0.004533914998741992], [-0.0657913993709427, 0.07319953343110296, 0.9951448739124781, -0.00028838377785533843], [0.0, 0.0, 0.0, 1.0]], "antennas": [-0.03120372586024042, 0.09526340272100642], "body_yaw": -0.03230520928709708, "check_collision": false}, {"head": [[0.9947534590014191, 0.08488600860404698, 0.05709572092535308, -0.008089838370412964], [-0.08039725174879113, 0.9938006461815614, -0.07678904583567059, 0.004399720429287227], [-0.06326007995532128, 0.0717958299094375, 0.9954112321506432, -0.00024750322398658887], [0.0, 0.0, 0.0, 1.0]], "antennas": [-0.03120372586024042, 0.09526340272100642], "body_yaw": -0.03230520928709708, "check_collision": false}, {"head": [[0.9955615685305037, 0.07471111332167275, 0.05723122234689172, -0.008235316827673237], [-0.0703582285969714, 0.9947261555484813, -0.07462972019534089, 0.004124705349256741], [-0.06250506326514278, 0.07027179387189947, 0.9955676732659844, -0.00027023633311362656], [0.0, 0.0, 0.0, 1.0]], "antennas": [-0.03120372586024042, 0.09526340272100642], "body_yaw": -0.03230520928709708, "check_collision": false}, {"head": [[0.9960580884665916, 0.06812724221430366, 0.05680636644385097, -0.008427659928546558], [-0.06394989095830442, 0.9953256858025907, -0.07236843668356707, 0.003986600105563664], [-0.06147109765329112, 0.06845040576852762, 0.9957589297131226, -0.0001832190407409224], [0.0, 0.0, 0.0, 1.0]], "antennas": [-0.03120372586024042, 0.09526340272100642], "body_yaw": -0.03230520928709708, "check_collision": false}, {"head": [[0.9965125873415787, 0.061988711721538935, 0.05585752311816585, -0.00848474500378326], [-0.05801906167554897, 0.9958522177846285, -0.0700867235339591, 0.0037437005187030987], [-0.05997042397783541, 0.06660150112828324, 0.9959757970429692, -0.00024883913594952957], [0.0, 0.0, 0.0, 1.0]], "antennas": [-0.03120372586024042, 0.09526340272100642], "body_yaw": -0.03230520928709708, "check_collision": false}, {"head": [[0.9969112020274845, 0.055980832949143425, 0.05508358752329822, -0.00847714151892583], [-0.05217423397587426, 0.9963014991648241, -0.06827277693894779, 0.0035839242382948895], [-0.05870182774963217, 0.06518795214028963, 0.9961448821906422, -0.00027351698266442294], [0.0, 0.0, 0.0, 1.0]], "antennas": [-0.03120372586024042, 0.09526340272100642], "body_yaw": -0.03230520928709708, "check_collision": false}, {"head": [[0.9971212757443769, 0.05130039067524454, 0.05583396255392873, -0.008464023111494344], [-0.04756440567867651, 0.9966653502276326, -0.06630088210623504, 0.0036920854940116835], [-0.05904903699757109, 0.06345431090318353, 0.9962362981027452, -0.00041845724963063215], [0.0, 0.0, 0.0, 1.0]], "antennas": [-0.03120372586024042, 0.09526340272100642], "body_yaw": -0.03230520928709708, "check_collision": false}, {"head": [[0.9970587382578877, 0.05009909720376764, 0.05799959416199266, -0.008329443246180124], [-0.046289104557010644, 0.9967935800691339, -0.06526773730005273, 0.003628267889842338], [-0.06108347782255483, 0.0623910185229092, 0.9961807915959707, -0.0004966834373182344], [0.0, 0.0, 0.0, 1.0]], "antennas": [-0.03120372586024042, 0.09526340272100642], "body_yaw": -0.03230520928709708, "check_collision": false}, {"head": [[0.9970059703681938, 0.04839910855966639, 0.06030440565005349, -0.00831685394259147], [-0.044436631684751954, 0.9968691230976129, -0.0654013545663253, 0.0036396470162545474], [-0.06328096723889635, 0.06252581630995414, 0.9960351607649621, -0.0005105691125865114], [0.0, 0.0, 0.0, 1.0]], "antennas": [-0.03120372586024042, 0.09526340272100642], "body_yaw": -0.03230520928709708, "check_collision": false}, {"head": [[0.996967083607857, 0.04692987110410323, 0.06208237592583673, -0.008265715386095884], [-0.042827595186601945, 0.9969109948367385, -0.06583513852159234, 0.003641539954598521], [-0.06498023771099337, 0.062976627186417, 0.9958973406607964, -0.000510064692616718], [0.0, 0.0, 0.0, 1.0]], "antennas": [-0.03120372586024042, 0.09526340272100642], "body_yaw": -0.03230520928709708, "check_collision": false}, {"head": [[0.9970287741829132, 0.044040734171458394, 0.06319839543023847, -0.008304550806998556], [-0.039864738227589784, 0.9970307347162412, -0.06588259768131834, 0.0038995234762579604], [-0.06591226059970628, 0.06316745811596068, 0.9958240035959192, -0.0004425305935514818], [0.0, 0.0, 0.0, 1.0]], "antennas": [-0.03120372586024042, 0.09526340272100642], "body_yaw": -0.03230520928709708, "check_collision": false}, {"head": [[0.9970860722206826, 0.040543819556921906, 0.06461859855542637, -0.008328951850446199], [-0.03628882753182369, 0.9971784241090491, -0.06571386069741061, 0.0038890612223699585], [-0.06710056318613988, 0.06317744207491222, 0.9957440058734844, -0.00036800675627168773], [0.0, 0.0, 0.0, 1.0]], "antennas": [-0.03120372586024042, 0.09526340272100642], "body_yaw": -0.03230520928709708, "check_collision": false}, {"head": [[0.9971313603967117, 0.03677983165092064, 0.06615356450814525, -0.00842053054024118], [-0.032547129262266404, 0.9974215281811002, -0.06396076529923903, 0.004081726084536838], [-0.06833545558631127, 0.061624176299638705, 0.9957573632191743, -0.0002875366866974533], [0.0, 0.0, 0.0, 1.0]], "antennas": [-0.03120372586024042, 0.09526340272100642], "body_yaw": -0.03230520928709708, "check_collision": false}, {"head": [[0.9972341395290352, 0.0315122898298203, 0.06731304886473634, -0.008533693886308352], [-0.02733715638302754, 0.9976972912627264, -0.06207088599261746, 0.004000209428838162], [-0.06911404226837607, 0.06005905923921904, 0.9957992561578991, -0.000260101497008502], [0.0, 0.0, 0.0, 1.0]], "antennas": [-0.03120372586024042, 0.09526340272100642], "body_yaw": -0.03230520928709708, "check_collision": false}, {"head": [[0.9972534638010953, 0.026325612657208446, 0.06922781994935595, -0.00856700912685553], [-0.02206888264289862, 0.9978599618565496, -0.0615504747547874, 0.004130255757019032], [-0.07070002373133821, 0.05985364351372755, 0.995700280206107, -0.00027334648196219953], [0.0, 0.0, 0.0, 1.0]], "antennas": [-0.03120372586024042, 0.09526340272100642], "body_yaw": -0.03230520928709708, "check_collision": false}, {"head": [[0.9973212344069747, 0.02412723371715312, 0.06905238586831224, -0.008556043512628855], [-0.019913564468148515, 0.9979346840422584, -0.0610722222917343, 0.0041286023329819566], [-0.07038327465471687, 0.05953354498630149, 0.995741910170624, -0.00023309344138677752], [0.0, 0.0, 0.0, 1.0]], "antennas": [-0.03120372586024042, 0.09526340272100642], "body_yaw": -0.03230520928709708, "check_collision": false}, {"head": [[0.9973143318035873, 0.02388639209671426, 0.06923556782295136, -0.008366561246678974], [-0.01973766224106789, 0.9980032964457263, -0.0599987080921058, 0.004079806793617611], [-0.07053047758538143, 0.05847102321719901, 0.9957944522719094, -0.0003964960805761248], [0.0, 0.0, 0.0, 1.0]], "antennas": [-0.03120372586024042, 0.09526340272100642], "body_yaw": -0.03230520928709708, "check_collision": false}, {"head": [[0.9973116774226891, 0.022896923740827937, 0.06960710423188561, -0.00830466661783126], [-0.018804148198103426, 0.9980870482253754, -0.05889523049705035, 0.004048205065761397], [-0.0708224687997082, 0.057427998815592005, 0.9958344254268129, -0.00041045607944945], [0.0, 0.0, 0.0, 1.0]], "antennas": [-0.03120372586024042, 0.09526340272100642], "body_yaw": -0.03230520928709708, "check_collision": false}, {"head": [[0.9972774800886006, 0.021575863266499427, 0.0705131890672637, -0.008189241399633094], [-0.0174469958255581, 0.998125857186043, -0.05865471467230549, 0.0038660550705223937], [-0.0716465633843893, 0.05726478272840937, 0.995784873662115, -0.0007009178433846625], [0.0, 0.0, 0.0, 1.0]], "antennas": [-0.03120372586024042, 0.09526340272100642], "body_yaw": -0.03230520928709708, "check_collision": false}, {"head": [[0.997238524214423, 0.020397250741379096, 0.07140922898920635, -0.00810654673895591], [-0.016222700170496963, 0.998152122736854, -0.05855906313364645, 0.003803573956664974], [-0.07247171739249564, 0.057238903187478554, 0.9957266483026739, -0.0007462290778645903], [0.0, 0.0, 0.0, 1.0]], "antennas": [-0.03120372586024042, 0.09526340272100642], "body_yaw": -0.03230520928709708, "check_collision": false}, {"head": [[0.9972127142474907, 0.01953694920695142, 0.07200770902367061, -0.008101402066011862], [-0.015337505471637642, 0.9981743983371754, -0.05841773215493346, 0.0036818286872675916], [-0.07301755589623703, 0.05715048661125347, 0.9956918491235313, -0.000902450255778286], [0.0, 0.0, 0.0, 1.0]], "antennas": [-0.03120372586024042, 0.09526340272100642], "body_yaw": -0.03230520928709708, "check_collision": false}, {"head": [[0.9971516676524059, 0.019000459667207134, 0.07298995979215697, -0.00810805442887627], [-0.01479195645461514, 0.9982201796911048, -0.05777257897743011, 0.003646787777727518], [-0.07395775633610463, 0.05652835916505506, 0.9956579708352844, -0.0009170343809483667], [0.0, 0.0, 0.0, 1.0]], "antennas": [-0.03120372586024042, 0.09526340272100642], "body_yaw": -0.03230520928709708, "check_collision": false}, {"head": [[0.9971276242886858, 0.018472618245327567, 0.07345245574903116, -0.008243236813505053], [-0.014296434351228073, 0.9982729355605704, -0.05698033074774218, 0.003812274455467741], [-0.07437817452211377, 0.055766553618127226, 0.9956696132012437, -0.0008919013423041017], [0.0, 0.0, 0.0, 1.0]], "antennas": [-0.03120372586024042, 0.09526340272100642], "body_yaw": -0.03230520928709708, "check_collision": false}, {"head": [[0.9971433480026255, 0.017400555254148364, 0.0735007769412142, -0.008329671896188929], [-0.013286556360888966, 0.9983370330842817, -0.05609488205302597, 0.00381017878116505], [-0.07435462967551996, 0.054958066280768145, 0.9957163250627635, -0.0008662377382153691], [0.0, 0.0, 0.0, 1.0]], "antennas": [-0.03120372586024042, 0.09526340272100642], "body_yaw": -0.03230520928709708, "check_collision": false}, {"head": [[0.9971673017470213, 0.016529440091186044, 0.07337676700997842, -0.008389256199789263], [-0.012491796616686639, 0.9984000461222879, -0.05514800921429897, 0.004025241538362666], [-0.07417093328152277, 0.05407518389506372, 0.9957783624596704, -0.0007422201633601184], [0.0, 0.0, 0.0, 1.0]], "antennas": [-0.03120372586024042, 0.09526340272100642], "body_yaw": -0.03230520928709708, "check_collision": false}, {"head": [[0.9972042588562022, 0.014934136738505134, 0.0732163757565723, -0.008427915677053803], [-0.010959488170324478, 0.9984595888436353, -0.054390615599041806, 0.003998090163297401], [-0.07391586932517588, 0.053436139513196895, 0.9958318247856056, -0.0007158124195357768], [0.0, 0.0, 0.0, 1.0]], "antennas": [-0.03120372586024042, 0.09526340272100642], "body_yaw": -0.03230520928709708, "check_collision": false}, {"head": [[0.9972201739106257, 0.012623592304649846, 0.07343411784032577, -0.008362590087752107], [-0.008684400583263363, 0.9985184570509542, -0.05371659068751925, 0.0040506656373526274], [-0.07400341838165506, 0.05292953661148991, 0.9958523777256959, -0.0005130602724162654], [0.0, 0.0, 0.0, 1.0]], "antennas": [-0.03120372586024042, 0.09526340272100642], "body_yaw": -0.03230520928709708, "check_collision": false}, {"head": [[0.9972388514094348, 0.011086998954261885, 0.07342854822056243, -0.008333399996202102], [-0.007186775265054474, 0.9985596838429761, -0.05316867559668321, 0.0039992477278296985], [-0.07391226894691345, 0.05249415450889681, 0.9958821919491859, -0.0005327461038133746], [0.0, 0.0, 0.0, 1.0]], "antennas": [-0.03120372586024042, 0.09526340272100642], "body_yaw": -0.03230520928709708, "check_collision": false}, {"head": [[0.9972134789698813, 0.009840783119045925, 0.07394887658639537, -0.008283216423249626], [-0.005963642813226284, 0.9986047432240169, -0.052469055403078356, 0.004072966556931044], [-0.07436203550994477, 0.051881844590366606, 0.9958807970217715, -0.0005103822431838929], [0.0, 0.0, 0.0, 1.0]], "antennas": [-0.03120372586024042, 0.09526340272100642], "body_yaw": -0.03230520928709708, "check_collision": false}, {"head": [[0.9972241914034458, 0.008877626699010491, 0.07392631347454927, -0.008227985098033155], [-0.005050714072170753, 0.9986450430811425, -0.051793515200502085, 0.004020692861925449], [-0.07428594999800088, 0.05127636564399314, 0.9959178339397475, -0.0005136045734059898], [0.0, 0.0, 0.0, 1.0]], "antennas": [-0.03120372586024042, 0.09526340272100642], "body_yaw": -0.03230520928709708, "check_collision": false}, {"head": [[0.9972161270986107, 0.008094720735285285, 0.07412470135296031, -0.008183390428337062], [-0.004267395462445406, 0.9986562788387411, -0.051647130335829905, 0.004011504929202717], [-0.07444316752002775, 0.05118703187504471, 0.995910690060815, -0.0006812062748601239], [0.0, 0.0, 0.0, 1.0]], "antennas": [-0.03120372586024042, 0.09526340272100642], "body_yaw": -0.03230520928709708, "check_collision": false}, {"head": [[0.9972006256583054, 0.007109254481571547, 0.07443366635737142, -0.00812294821087519], [-0.0032690059129861972, 0.9986630943981609, -0.05158815258788364, 0.0037425891662294757], [-0.07470090887683423, 0.05120041394174621, 0.9958907027506425, -0.0007152248529451727], [0.0, 0.0, 0.0, 1.0]], "antennas": [-0.03120372586024042, 0.09526340272100642], "body_yaw": -0.03230520928709708, "check_collision": false}, {"head": [[0.9971462246211767, 0.0056490102988668, 0.0752827696513402, -0.008110841572814175], [-0.0017873400033969027, 0.9986835112756498, -0.05126450742815193, 0.0037068849650726127], [-0.07547325446438433, 0.050983654133281625, 0.9958435895620215, -0.0006918436548922763], [0.0, 0.0, 0.0, 1.0]], "antennas": [-0.03120372586024042, 0.09526340272100642], "body_yaw": -0.03230520928709708, "check_collision": false}, {"head": [[0.9971173070165944, 0.0034665404504773834, 0.0757961684076427, -0.008145724312394532], [0.0004150819583500513, 0.9986916278916467, -0.051135702655780456, 0.0036125450365494735], [-0.07587426279669793, 0.0510197557465512, 0.9958112676449387, -0.0007907505335854598], [0.0, 0.0, 0.0, 1.0]], "antennas": [-0.03120372586024042, 0.09526340272100642], "body_yaw": -0.03230520928709708, "check_collision": false}, {"head": [[0.9971318562681704, 0.00023504012131533706, 0.07568359116304094, -0.008160445732406289], [0.0036447015123507367, 0.9986858443764721, -0.051120449850709744, 0.003565421968877394], [-0.07559614650283983, 0.05124967315207419, 0.9958206131807711, -0.0007466465185151922], [0.0, 0.0, 0.0, 1.0]], "antennas": [-0.03120372586024042, 0.09526340272100642], "body_yaw": -0.03230520928709708, "check_collision": false}, {"head": [[0.9971829063646285, -0.0025775816730741956, 0.07496404022537283, -0.008179187754446298], [0.006392690021559852, 0.9986936104352051, -0.05069719903686299, 0.0035258795093148793], [-0.0747354318143739, 0.05103360215204963, 0.995896674702203, -0.0007796338551244725], [0.0, 0.0, 0.0, 1.0]], "antennas": [-0.03120372586024042, 0.09526340272100642], "body_yaw": -0.03230520928709708, "check_collision": false}, {"head": [[0.99721374377729, -0.007108259426463962, 0.07425780679233905, -0.008136345323636593], [0.01081936238817239, 0.9987058939963613, -0.049693849664147895, 0.00342787859588985], [-0.07380847254343954, 0.05035881198812794, 0.9960001503192404, -0.0008048496809370803], [0.0, 0.0, 0.0, 1.0]], "antennas": [-0.03120372586024042, 0.09526340272100642], "body_yaw": -0.03230520928709708, "check_collision": false}, {"head": [[0.9971906476107767, -0.011122255641552782, 0.07407501432361464, -0.008113079902330591], [0.01476487449934361, 0.9986989392739009, -0.048810113441824045, 0.0033789457687438875], [-0.0734357596720998, 0.04976669692303325, 0.9960574607314341, -0.0008248321684355403], [0.0, 0.0, 0.0, 1.0]], "antennas": [-0.03120372586024042, 0.09526340272100642], "body_yaw": -0.03230520928709708, "check_collision": false}, {"head": [[0.9970837461629913, -0.015766326591294837, 0.07466877582625911, -0.008060398263466304], [0.01943097424044525, 0.9986288445082283, -0.048609342273148455, 0.0033016753671835687], [-0.07380000255855457, 0.04991847215187554, 0.9960229443945455, -0.0008645568229913575], [0.0, 0.0, 0.0, 1.0]], "antennas": [-0.03120372586024042, 0.09526340272100642], "body_yaw": -0.03230520928709708, "check_collision": false}, {"head": [[0.9969400266591042, -0.020738483747146333, 0.07536908210144412, -0.008022479462458675], [0.024469850492096386, 0.9985025920410536, -0.04892647651519334, 0.003123747616579414], [-0.07424156290003146, 0.05062103297214175, 0.995954668325318, -0.0008063074774447003], [0.0, 0.0, 0.0, 1.0]], "antennas": [-0.03120372586024042, 0.09526340272100642], "body_yaw": -0.03230520928709708, "check_collision": false}, {"head": [[0.9967073303493522, -0.024904487367967597, 0.07716387844585385, -0.007997308614321005], [0.028710666494320955, 0.9984048364530174, -0.04861563716209083, 0.0030607144932034824], [-0.0758300419182242, 0.05067098830852752, 0.9958324435800021, -0.0008599414847432201], [0.0, 0.0, 0.0, 1.0]], "antennas": [-0.03120372586024042, 0.09526340272100642], "body_yaw": -0.03230520928709708, "check_collision": false}, {"head": [[0.996573614627564, -0.027839917351537923, 0.07788433494619681, -0.00794276246345142], [0.031698715022562274, 0.9983076066990512, -0.04875565477697084, 0.0029806404038141224], [-0.07639517062007403, 0.05105743245280076, 0.9957695097246438, -0.000765739278939414], [0.0, 0.0, 0.0, 1.0]], "antennas": [-0.03120372586024042, 0.09526340272100642], "body_yaw": -0.03230520928709708, "check_collision": false}, {"head": [[0.996523628452905, -0.029288586142869468, 0.07799254231532946, -0.007913250254966737], [0.033040455683212296, 0.9983361393067759, -0.04725760512645132, 0.0028843848827421834], [-0.07647866515115456, 0.049670229270596576, 0.9958332601901305, -0.0007541479232627817], [0.0, 0.0, 0.0, 1.0]], "antennas": [-0.03120372586024042, 0.09526340272100642], "body_yaw": -0.03230520928709708, "check_collision": false}, {"head": [[0.996433659737524, -0.03111791076679191, 0.07843237451202337, -0.007874503428426117], [0.0347844092000073, 0.9983437910123271, -0.04582269987398612, 0.0027971448025697013], [-0.07687656742265983, 0.04838750434404462, 0.9958657754962082, -0.0006878992027635749], [0.0, 0.0, 0.0, 1.0]], "antennas": [-0.03120372586024042, 0.09526340272100642], "body_yaw": -0.03230520928709708, "check_collision": false}, {"head": [[0.9963388749773493, -0.03230019440819554, 0.07915518713301287, -0.007888397463804778], [0.03594954572838664, 0.9983344925884745, -0.0451206279880422, 0.00272983559262242], [-0.07756594852634854, 0.04780102874735473, 0.995840642512597, -0.0006551846792404164], [0.0, 0.0, 0.0, 1.0]], "antennas": [-0.03120372586024042, 0.09526340272100642], "body_yaw": -0.03230520928709708, "check_collision": false}, {"head": [[0.9961700743091269, -0.035146895415806734, 0.08006171865241703, -0.007847792006018057], [0.03883367239906049, 0.9982333956858338, -0.04496702820435973, 0.002606017937920823], [-0.07833982983738787, 0.04790389838165135, 0.9957751189806306, -0.000607486212246932], [0.0, 0.0, 0.0, 1.0]], "antennas": [-0.03120372586024042, 0.09526340272100642], "body_yaw": -0.03230520928709708, "check_collision": false}, {"head": [[0.9959628989164143, -0.03838668067749698, 0.08114411086811162, -0.00786866044430844], [0.04212423159829788, 0.9981047020472001, -0.04486148530223891, 0.002552200411145393], [-0.07926823508988624, 0.04809850827036026, 0.9956922619001821, -0.0005894272878779188], [0.0, 0.0, 0.0, 1.0]], "antennas": [-0.03120372586024042, 0.09526340272100642], "body_yaw": -0.03230520928709708, "check_collision": false}, {"head": [[0.9957024012215916, -0.04273758637026741, 0.08215976456149443, -0.007807071494443126], [0.04653609554659853, 0.9979075657412999, -0.04488743752488645, 0.0025026214345227026], [-0.08006946991727942, 0.048517923981933365, 0.9956077998085635, -0.0007092054454976842], [0.0, 0.0, 0.0, 1.0]], "antennas": [-0.03120372586024042, 0.09526340272100642], "body_yaw": -0.03230520928709708, "check_collision": false}, {"head": [[0.995333562995783, -0.04934795326292416, 0.0829209134228496, -0.007766715203335499], [0.05317432487337544, 0.9975893378003707, -0.044587041629586203, 0.00241334691475582], [-0.08052073986483355, 0.04878824259776098, 0.9955581940980857, -0.000754492286222596], [0.0, 0.0, 0.0, 1.0]], "antennas": [-0.03120372586024042, 0.09526340272100642], "body_yaw": -0.03230520928709708, "check_collision": false}, {"head": [[0.9949937742461005, -0.05458616273933383, 0.08371224551339601, -0.007808654651641998], [0.058414752281699865, 0.9973228265797156, -0.04398745615415997, 0.002259642787309295], [-0.08108702687463493, 0.04865727510292235, 0.995518640534767, -0.000822650038827643], [0.0, 0.0, 0.0, 1.0]], "antennas": [-0.03120372586024042, 0.09526340272100642], "body_yaw": -0.03230520928709708, "check_collision": false}, {"head": [[0.9945498863529801, -0.060441229869648574, 0.084955172221113, -0.007823952500829671], [0.06421349362726546, 0.9970353480311009, -0.04239271178732058, 0.0021912628634465255], [-0.0821410420645843, 0.04761693510029799, 0.9954825346032941, -0.0008837537917746322], [0.0, 0.0, 0.0, 1.0]], "antennas": [-0.03120372586024042, 0.09526340272100642], "body_yaw": -0.03230520928709708, "check_collision": false}, {"head": [[0.9943448152177009, -0.06357550070680305, 0.08506787971705766, -0.007873583307555939], [0.06730951617528606, 0.9968574741455581, -0.04176847222950546, 0.002124305038015641], [-0.08214510016991523, 0.04725814162678585, 0.9954992971208254, -0.0010612317585690916], [0.0, 0.0, 0.0, 1.0]], "antennas": [-0.03120372586024042, 0.09526340272100642], "body_yaw": -0.03230520928709708, "check_collision": false}, {"head": [[0.994132062740337, -0.06662674736141846, 0.0852192370752082, -0.007885138659752326], [0.07030525762537768, 0.9966860685815487, -0.04091517378291141, 0.0020723192373614686], [-0.08221078142112564, 0.04666644652739572, 0.9955217879015175, -0.0010765634908285187], [0.0, 0.0, 0.0, 1.0]], "antennas": [-0.03120372586024042, 0.09526340272100642], "body_yaw": -0.03230520928709708, "check_collision": false}, {"head": [[0.9938191375363821, -0.07064814167007473, 0.08562921198403665, -0.007859058593978542], [0.07431308916192493, 0.99641