{"description": "A gesture used when someone compliments you, or you want to show you really like what\u2019s being offered. Also usable when someone says goodbye or it was nice talking to you.", "time": [0.0, 0.010001897811889648, 0.0202028751373291, 0.031113386154174805, 0.040671586990356445, 0.05039477348327637, 0.06035494804382324, 0.07046079635620117, 0.08047199249267578, 0.0905609130859375, 0.10059404373168945, 0.1108391284942627, 0.12079739570617676, 0.1308431625366211, 0.14085721969604492, 0.1510612964630127, 0.1610548496246338, 0.1710200309753418, 0.18111133575439453, 0.19117236137390137, 0.20121979713439941, 0.21123743057250977, 0.2213456630706787, 0.2313692569732666, 0.2414865493774414, 0.25153541564941406, 0.2615516185760498, 0.2718338966369629, 0.28174614906311035, 0.2918131351470947, 0.301863431930542, 0.3118908405303955, 0.32201147079467773, 0.33206629753112793, 0.3420264720916748, 0.3521733283996582, 0.3624742031097412, 0.372269868850708, 0.3823585510253906, 0.39241862297058105, 0.40256476402282715, 0.4127194881439209, 0.4228475093841553, 0.432750940322876, 0.4427192211151123, 0.4528634548187256, 0.4629535675048828, 0.4730250835418701, 0.48302364349365234, 0.4931049346923828, 0.5031843185424805, 0.5132944583892822, 0.523200273513794, 0.5333144664764404, 0.5433299541473389, 0.5535833835601807, 0.5635418891906738, 0.5735175609588623, 0.5836830139160156, 0.5936567783355713, 0.6037335395812988, 0.6137809753417969, 0.6238725185394287, 0.6339130401611328, 0.6439478397369385, 0.6540541648864746, 0.6641113758087158, 0.6741023063659668, 0.6842696666717529, 0.6942610740661621, 0.7043008804321289, 0.7144291400909424, 0.7244997024536133, 0.7345337867736816, 0.7445714473724365, 0.7547104358673096, 0.764725923538208, 0.7747910022735596, 0.7848436832427979, 0.7948987483978271, 0.8049345016479492, 0.815025806427002, 0.8250815868377686, 0.8352205753326416, 0.8452119827270508, 0.8553216457366943, 0.8653597831726074, 0.8753809928894043, 0.885643482208252, 0.8955612182617188, 0.9055988788604736, 0.9156997203826904, 0.9258067607879639, 0.9357876777648926, 0.9458768367767334, 0.9559144973754883, 0.966392993927002, 0.9760360717773438, 0.986090898513794, 0.9962022304534912, 1.0062146186828613, 1.0163547992706299, 1.0264346599578857, 1.0364081859588623, 1.0465600490570068, 1.0565924644470215, 1.066702127456665, 1.0766115188598633, 1.086763858795166, 1.0967752933502197, 1.1068379878997803, 1.116990566253662, 1.1269357204437256, 1.1369960308074951, 1.1470942497253418, 1.1572730541229248, 1.1673414707183838, 1.1772243976593018, 1.1873559951782227, 1.19736647605896, 1.2074053287506104, 1.2174763679504395, 1.2275829315185547, 1.237656831741333, 1.2477092742919922, 1.2577311992645264, 1.267768144607544, 1.2778551578521729, 1.287987470626831, 1.2979204654693604, 1.3080284595489502, 1.318166732788086, 1.328165054321289, 1.3382072448730469, 1.348292350769043, 1.358349323272705, 1.3684592247009277, 1.3784711360931396, 1.3885197639465332, 1.3986198902130127, 1.408634901046753, 1.4188392162322998, 1.428924798965454, 1.438732624053955, 1.4488599300384521, 1.4589827060699463, 1.4690651893615723, 1.4790408611297607, 1.4890458583831787, 1.4991607666015625, 1.5092360973358154, 1.5193634033203125, 1.529355764389038, 1.5393619537353516, 1.5495624542236328, 1.559678077697754, 1.5695922374725342, 1.5797483921051025, 1.5896987915039062, 1.5997905731201172, 1.6097204685211182, 1.6198899745941162, 1.6299245357513428, 1.6399385929107666, 1.650038242340088, 1.6600565910339355, 1.670119047164917, 1.6802623271942139, 1.6902809143066406, 1.7003579139709473, 1.7103705406188965, 1.7205102443695068, 1.7305655479431152, 1.740523338317871, 1.7506787776947021, 1.7606630325317383, 1.7707784175872803, 1.780787706375122, 1.7907991409301758, 1.800889253616333, 1.8110005855560303, 1.821134328842163, 1.8310987949371338, 1.8411240577697754, 1.8513221740722656, 1.8612892627716064, 1.8713483810424805, 1.8814105987548828, 1.8914539813995361, 1.901562213897705, 1.911536693572998, 1.9216234683990479, 1.9316885471343994, 1.9417195320129395, 1.9519338607788086, 1.961859941482544, 1.9719171524047852, 1.9821207523345947, 1.992116928100586, 2.0021326541900635, 2.01222562789917, 2.0222840309143066, 2.03228497505188, 2.042449712753296, 2.0525341033935547, 2.0625054836273193, 2.072557210922241, 2.0826759338378906, 2.0926413536071777, 2.102738380432129, 2.112765312194824, 2.122887372970581, 2.1328909397125244, 2.142874002456665, 2.1531248092651367, 2.163137197494507, 2.1732029914855957, 2.183173894882202, 2.193354845046997, 2.20332932472229, 2.2134652137756348, 2.223454236984253, 2.233480930328369, 2.24352765083313, 2.2537729740142822, 2.2637102603912354, 2.2737176418304443, 2.283804416656494, 2.2938339710235596, 2.303915023803711, 2.313992738723755, 2.3240413665771484, 2.334141254425049, 2.3441107273101807, 2.3542978763580322, 2.364293098449707, 2.374375581741333, 2.3844406604766846, 2.3944578170776367, 2.404498815536499, 2.4145801067352295, 2.424816608428955, 2.4348299503326416, 2.444744348526001, 2.454880714416504, 2.464883804321289, 2.4755287170410156, 2.4850645065307617, 2.4950573444366455, 2.5051047801971436, 2.5152032375335693, 2.525198221206665, 2.535247325897217, 2.5453073978424072, 2.555408477783203, 2.5655415058135986, 2.5754685401916504, 2.585615396499634, 2.5956525802612305, 2.605722427368164, 2.615736961364746, 2.625781774520874, 2.6358275413513184, 2.645914077758789, 2.6560463905334473, 2.6660196781158447, 2.676053047180176, 2.6862027645111084, 2.696277379989624, 2.7062716484069824, 2.7163591384887695, 2.7264211177825928, 2.7365148067474365, 2.746569871902466, 2.756660223007202, 2.766683340072632, 2.7767019271850586, 2.786846876144409, 2.796851396560669, 2.8068528175354004, 2.8171963691711426, 2.8271470069885254, 2.837048292160034, 2.847161293029785, 2.85723614692688, 2.867321014404297, 2.877344846725464, 2.887547016143799, 2.8974857330322266, 2.9075169563293457, 2.917717933654785, 2.92765474319458, 2.93768048286438, 2.947793483734131, 2.9578776359558105, 2.9679226875305176, 2.97796630859375, 2.988068103790283, 2.998117208480835, 3.0081326961517334, 3.018237352371216, 3.0283455848693848, 3.0383260250091553, 3.048464775085449, 3.058457136154175, 3.068528175354004, 3.07861065864563, 3.088665723800659, 3.098649024963379, 3.108745574951172, 3.1188275814056396, 3.1288857460021973, 3.138896942138672, 3.148982286453247, 3.159122943878174, 3.169173002243042, 3.17948055267334, 3.1892600059509277, 3.199323892593384, 3.209341526031494, 3.2195000648498535, 3.2294838428497314, 3.239621639251709, 3.2498326301574707, 3.2599520683288574, 3.2697529792785645, 3.2798385620117188, 3.2898662090301514, 3.2999589443206787, 3.309920310974121, 3.320094108581543, 3.3301210403442383, 3.340160846710205, 3.350343704223633, 3.3602325916290283, 3.370361566543579, 3.3804399967193604, 3.390549659729004, 3.400543451309204, 3.4106757640838623, 3.4207801818847656, 3.4308879375457764, 3.4408020973205566, 3.4508838653564453, 3.4609553813934326, 3.4710278511047363, 3.4810831546783447, 3.491152763366699, 3.5011708736419678, 3.511204242706299, 3.521374464035034, 3.5313796997070312, 3.541802167892456, 3.551973581314087, 3.5619823932647705, 3.5720107555389404, 3.582165002822876, 3.592087507247925, 3.6022837162017822, 3.6122498512268066, 3.622316837310791, 3.6324331760406494, 3.6424365043640137, 3.652611017227173, 3.662588596343994, 3.6726129055023193, 3.6827173233032227, 3.692829132080078, 3.702763319015503, 3.7127926349639893, 3.722852945327759, 3.732928514480591, 3.7429513931274414, 3.7530980110168457, 3.763206720352173, 3.7732975482940674, 3.783236026763916, 3.7932755947113037, 3.803312063217163, 3.813425064086914, 3.8234612941741943, 3.8335466384887695, 3.843569755554199, 3.8539249897003174, 3.8637733459472656, 3.873781204223633, 3.8839406967163086, 3.8939154148101807, 3.903993606567383, 3.9140281677246094, 3.924081802368164, 3.9342377185821533, 3.9443135261535645, 3.954349994659424, 3.964399576187134, 3.9744532108306885, 3.9846184253692627, 3.9945645332336426, 4.004558086395264, 4.0146496295928955, 4.024724006652832, 4.034782648086548, 4.044860601425171, 4.054900169372559, 4.064992427825928, 4.074985027313232, 4.085097789764404, 4.095113277435303, 4.105192184448242, 4.115283250808716, 4.125321388244629, 4.135353326797485, 4.1454057693481445, 4.155707120895386, 4.165635108947754, 4.175626277923584, 4.185707092285156, 4.195774793624878, 4.205759763717651, 4.215813398361206, 4.225884675979614, 4.235950231552124, 4.245991230010986, 4.256084442138672, 4.2661826610565186, 4.27622652053833, 4.2863850593566895, 4.296309232711792, 4.306394577026367, 4.316535234451294, 4.326546907424927, 4.336613655090332, 4.346681833267212, 4.356775522232056, 4.36682391166687, 4.376783847808838, 4.386909246444702, 4.396931886672974, 4.406996011734009, 4.4193336963653564, 4.427382707595825, 4.437222242355347, 4.447303771972656, 4.4574363231658936, 4.467438459396362, 4.477876663208008, 4.487535238265991, 4.498055696487427, 4.507620573043823, 4.5176942348480225, 4.5277111530303955, 4.537785291671753, 4.547857999801636, 4.557875871658325, 4.567977428436279, 4.578083276748657, 4.58814549446106, 4.598176717758179, 4.608186721801758, 4.618330001831055, 4.628384351730347, 4.6383888721466064, 4.6484856605529785, 4.658512592315674, 4.668623685836792, 4.678633213043213, 4.688720226287842, 4.698755502700806, 4.7088353633880615, 4.71899676322937, 4.728927373886108, 4.738956451416016, 4.74907660484314, 4.75909948348999, 4.769224405288696, 4.779265880584717, 4.7893218994140625, 4.799366474151611, 4.809445858001709, 4.819598436355591, 4.8295910358428955, 4.839614391326904, 4.849676132202148, 4.85982871055603, 4.870093584060669, 4.880056619644165, 4.8899407386779785, 4.899924993515015, 4.909992218017578, 4.920100688934326, 4.9301557540893555, 4.940154790878296, 4.950231552124023, 4.9603095054626465, 4.970439434051514, 4.980499744415283, 4.990516424179077, 5.000584602355957, 5.010667324066162, 5.0207672119140625, 5.0307416915893555, 5.040786266326904, 5.050890207290649, 5.060853004455566, 5.070947170257568, 5.081048011779785, 5.091074466705322, 5.101208209991455, 5.111325979232788, 5.12130880355835, 5.131377696990967, 5.1414878368377686, 5.151798486709595, 5.161587476730347, 5.171581268310547, 5.18168568611145, 5.191760540008545, 5.201765775680542, 5.211829423904419, 5.221930742263794, 5.232010841369629, 5.2419984340667725, 5.252147674560547, 5.2621705532073975, 5.2722389698028564, 5.282269477844238, 5.292299509048462, 5.302372217178345, 5.312585115432739, 5.322519779205322, 5.33258318901062, 5.342602252960205, 5.35278844833374, 5.362807512283325, 5.372796058654785, 5.3828935623168945, 5.392904281616211, 5.402973651885986, 5.412991285324097, 5.423187255859375, 5.433446645736694, 5.44326639175415, 5.453535795211792, 5.463623762130737, 5.473629474639893, 5.483721733093262, 5.493771314620972, 5.503737211227417, 5.513923406600952, 5.523900985717773, 5.533998250961304, 5.544498920440674, 5.5544233322143555, 5.564457893371582, 5.574499607086182, 5.584681034088135, 5.594562768936157, 5.604573011398315, 5.614666700363159], "set_target_data": [{"head": [[0.9694543503997397, 0.23858655273466528, 0.05687459314322667, -0.0038216213963005595], [-0.2376057696957537, 0.9710767846756474, -0.023523955264685564, 0.0077031298370685486], [-0.06084209643254598, 0.009291669290029071, 0.9981041549775742, 0.010032688801632439], [0.0, 0.0, 0.0, 1.0]], "antennas": [-0.03910450774723849, 0.03910443138296858], "body_yaw": -0.18835579652137996, "check_collision": false}, {"head": [[0.9696459915753887, 0.23796221121302377, 0.056219543366961555, -0.003626476978245585], [-0.23696517780667717, 0.9712246535732999, -0.02387837512213914, 0.0075720451964733475], [-0.06028395747486463, 0.009831496632353456, 0.9981328499479099, 0.010119417678205678], [0.0, 0.0, 0.0, 1.0]], "antennas": [-0.03910450774723849, 0.03910443138296858], "body_yaw": -0.18835579652137996, "check_collision": false}, {"head": [[0.9698108513614432, 0.2374038979361675, 0.05573420696759051, -0.003427088915878044], [-0.236399343382884, 0.9713578218416901, -0.02406932477467101, 0.0075223062481781355], [-0.05985200940431113, 0.010167162420314617, 0.9981554817655338, 0.010245816443748557], [0.0, 0.0, 0.0, 1.0]], "antennas": [-0.03910450774723849, 0.03910443138296858], "body_yaw": -0.18835579652137996, "check_collision": false}, {"head": [[0.9699211264258669, 0.23712999452900904, 0.05497612397622548, -0.0032570288713663445], [-0.2361167256654563, 0.9714197916210144, -0.02434091838875713, 0.00732218788574789], [-0.05917685674147305, 0.010627988598818871, 0.9981909363866927, 0.01035373495883063], [0.0, 0.0, 0.0, 1.0]], "antennas": [-0.03910450774723849, 0.03910443138296858], "body_yaw": -0.18835579652137996, "check_collision": false}, {"head": [[0.9696742571940336, 0.23824035003728095, 0.05452862137733806, -0.003077488927482186], [-0.23722182001575182, 0.971145498562381, -0.024540349028458537, 0.00717220177272931], [-0.05880172653599129, 0.010860765909370887, 0.9982105993828397, 0.010490205327458146], [0.0, 0.0, 0.0, 1.0]], "antennas": [-0.03910450774723849, 0.03910443138296858], "body_yaw": -0.18835579652137996, "check_collision": false}, {"head": [[0.9693608420886444, 0.23955057479534042, 0.05436064698305288, -0.00295049021752895], [-0.23851893286965858, 0.9708204163775234, -0.0248281656046355, 0.007149470944030379], [-0.05872202728034329, 0.011101408009523786, 0.9982126438050625, 0.01043519113266489], [0.0, 0.0, 0.0, 1.0]], "antennas": [-0.03910450774723849, 0.03910443138296858], "body_yaw": -0.18835579652137996, "check_collision": false}, {"head": [[0.9688246311936589, 0.24179070859007254, 0.054000807697490195, -0.0027528320496686726], [-0.2407378701086839, 0.9702599628947028, -0.02531565324269343, 0.006962828094945161], [-0.05851591140882224, 0.011526388987036604, 0.9982199309114772, 0.010539755654014327], [0.0, 0.0, 0.0, 1.0]], "antennas": [-0.03910450774723849, 0.03910443138296858], "body_yaw": -0.18835579652137996, "check_collision": false}, {"head": [[0.9683583999394568, 0.24373007368666716, 0.053643829536923725, -0.002548451826974452], [-0.24264789774320866, 0.9697676158244505, -0.02593779132775459, 0.006957416391308765], [-0.058343868465298786, 0.012100515644078371, 0.998223206769734, 0.010581400595455093], [0.0, 0.0, 0.0, 1.0]], "antennas": [-0.03910450774723849, 0.03910443138296858], "body_yaw": -0.18835579652137996, "check_collision": false}, {"head": [[0.9680476873215302, 0.2449819539074256, 0.053549204766612055, -0.0023410709214665803], [-0.24384918785248438, 0.9694413142064737, -0.026853526645649536, 0.006734043846034974], [-0.05849144087061231, 0.01293756427326339, 0.9982040727103625, 0.010682120999362388], [0.0, 0.0, 0.0, 1.0]], "antennas": [-0.03910450774723849, 0.03910443138296858], "body_yaw": -0.18835579652137996, "check_collision": false}, {"head": [[0.9678747988304565, 0.245699164765297, 0.05338814683559403, -0.0021657829751464395], [-0.24452469333244645, 0.9692496348707653, -0.02761918995121206, 0.006579256306045725], [-0.05853245372933321, 0.013677197685328286, 0.9981918082833078, 0.010819164745038745], [0.0, 0.0, 0.0, 1.0]], "antennas": [-0.03910450774723849, 0.03910443138296858], "body_yaw": -0.18835579652137996, "check_collision": false}, {"head": [[0.9676589625024317, 0.2466150225835081, 0.05307695285953287, -0.0019495396118003913], [-0.24542618691175083, 0.9690119690065175, -0.02796052038267552, 0.0063460315993507715], [-0.05832768696490223, 0.014029773991317983, 0.998198901209111, 0.01089958184860107], [0.0, 0.0, 0.0, 1.0]], "antennas": [-0.03910450774723849, 0.03910443138296858], "body_yaw": -0.18835579652137996, "check_collision": false}, {"head": [[0.9674193039088693, 0.2475533014845606, 0.053077804669881226, -0.0018127447135516182], [-0.2463899957941291, 0.968779236775289, -0.027545605196811283, 0.0063025954730718875], [-0.05823968060565628, 0.013570310135874055, 0.9982103917941189, 0.01091293445488839], [0.0, 0.0, 0.0, 1.0]], "antennas": [-0.03910450774723849, 0.03910443138296858], "body_yaw": -0.18835579652137996, "check_collision": false}, {"head": [[0.9671855588610858, 0.24829541039930145, 0.05386542402331612, -0.0016682852130189174], [-0.24714897504031855, 0.9685985142129339, -0.027098014706190297, 0.006148223210100935], [-0.058902282358913496, 0.012896024160157851, 0.9981804514684565, 0.01099331111057067], [0.0, 0.0, 0.0, 1.0]], "antennas": [-0.03910450774723849, 0.03910443138296858], "body_yaw": -0.18835579652137996, "check_collision": false}, {"head": [[0.9669709657497009, 0.24881410375715104, 0.05530545333524122, -0.0015289755725340893], [-0.24769317097570223, 0.9684792075662297, -0.026384039946327296, 0.005940547794585628], [-0.060126902872943803, 0.011813817478424169, 0.9981208289919082, 0.010990696987308368], [0.0, 0.0, 0.0, 1.0]], "antennas": [-0.03910450774723849, 0.03910443138296858], "body_yaw": -0.18835579652137996, "check_collision": false}, {"head": [[0.9668018383525218, 0.2491798341051944, 0.05660049145981306, -0.001444721482492722], [-0.24806986245390883, 0.9683940073984993, -0.025969015706688796, 0.0057128333431287], [-0.061282531771160796, 0.011066015994172772, 0.998059113775198, 0.0110200203292935], [0.0, 0.0, 0.0, 1.0]], "antennas": [-0.03910450774723849, 0.03910443138296858], "body_yaw": -0.18835579652137996, "check_collision": false}, {"head": [[0.9667133418474018, 0.24917972678371697, 0.05809284339934024, -0.001406641743861284], [-0.2480443446769609, 0.968396646038553, -0.0261139620712398, 0.005623059204943165], [-0.06276398464091587, 0.01083511427135386, 0.9979695799625965, 0.010968436350868749], [0.0, 0.0, 0.0, 1.0]], "antennas": [-0.03910450774723849, 0.03910443138296858], "body_yaw": -0.18835579652137996, "check_collision": false}, {"head": [[0.9667037483255795, 0.24899390941273344, 0.05904147735819438, -0.0014457037464519315], [-0.24781513521919188, 0.9684413226364301, -0.026628243774149102, 0.005627913706170812], [-0.06380847694129926, 0.011110251372735414, 0.9979003159558907, 0.010896323746798497], [0.0, 0.0, 0.0, 1.0]], "antennas": [-0.03910450774723849, 0.03910443138296858], "body_yaw": -0.18835579652137996, "check_collision": false}, {"head": [[0.9669263061571961, 0.24828644999260133, 0.05837257242294107, -0.0015388971256939392], [-0.24706203227309778, 0.9686108581464129, -0.027447362167542608, 0.005706527602973475], [-0.06335511558103897, 0.012117930142600345, 0.9979174740923079, 0.01085484541014814], [0.0, 0.0, 0.0, 1.0]], "antennas": [-0.03910450774723849, 0.03910443138296858], "body_yaw": -0.18835579652137996, "check_collision": false}, {"head": [[0.967110465532121, 0.2477725059424387, 0.0574989804887779, -0.0015686472359198304], [-0.24653089758041932, 0.9687338578101652, -0.027878831941596554, 0.0057358977088780684], [-0.0626088172419627, 0.01278663486767177, 0.9979562304892553, 0.010781167647809453], [0.0, 0.0, 0.0, 1.0]], "antennas": [-0.03910450774723849, 0.03910443138296858], "body_yaw": -0.18835579652137996, "check_collision": false}, {"head": [[0.9673369071979395, 0.24726187083383583, 0.05586479396253662, -0.0016721809751607934], [-0.2460393339953304, 0.9688581494732093, -0.027902192144759627, 0.0058745787750548615], [-0.06102420912932376, 0.01324588355302555, 0.9980483918473294, 0.010731895400064473], [0.0, 0.0, 0.0, 1.0]], "antennas": [-0.03910450774723849, 0.03910443138296858], "body_yaw": -0.18835579652137996, "check_collision": false}, {"head": [[0.9675031583046263, 0.24673216253273894, 0.05532520802031815, -0.0016938033787040467], [-0.24550716839496278, 0.9689889215032592, -0.028048177670537404, 0.005812470468478616], [-0.060529901183305715, 0.013553965319003639, 0.9980743564919753, 0.010705723976884296], [0.0, 0.0, 0.0, 1.0]], "antennas": [-0.03910450774723849, 0.03910443138296858], "body_yaw": -0.18835579652137996, "check_collision": false}, {"head": [[0.9676096852401386, 0.24636901068073316, 0.05508001094477569, -0.0017305141810164209], [-0.24517548339851528, 0.9690865360370208, -0.027572957985538646, 0.005893669236469798], [-0.06017041939179245, 0.013175592888545723, 0.9981011593933007, 0.010629303387630351], [0.0, 0.0, 0.0, 1.0]], "antennas": [-0.03910450774723849, 0.03910443138296858], "body_yaw": -0.18835579652137996, "check_collision": false}, {"head": [[0.9676363383153797, 0.24627372766532768, 0.055037876352824304, -0.0017994953004565133], [-0.2451228474295647, 0.9691195728082125, -0.026870862808082974, 0.005976265407772202], [-0.05995587076865049, 0.012510182326907728, 0.9981226321943216, 0.010360650125469162], [0.0, 0.0, 0.0, 1.0]], "antennas": [-0.03910450774723849, 0.03910443138296858], "body_yaw": -0.18835579652137996, "check_collision": false}, {"head": [[0.9675067232932254, 0.246645643057601, 0.055647705641017155, -0.0018063063649519742], [-0.24556758140656576, 0.9690426709808687, -0.02555121876533916, 0.006036129367440179], [-0.06022709809161091, 0.011055703458712575, 0.9981234733621372, 0.010265358205850839], [0.0, 0.0, 0.0, 1.0]], "antennas": [-0.03910450774723849, 0.03910443138296858], "body_yaw": -0.18835579652137996, "check_collision": false}, {"head": [[0.9674292113025763, 0.24690309929966264, 0.05585320648535977, -0.0019001188886045611], [-0.2458957258277275, 0.9689903883251305, -0.02434993538324165, 0.00600997380350926], [-0.06013329475532134, 0.009822774034554687, 0.9981420239485641, 0.010122639105584974], [0.0, 0.0, 0.0, 1.0]], "antennas": [-0.03910450774723849, 0.03910443138296858], "body_yaw": -0.18835579652137996, "check_collision": false}, {"head": [[0.9673511660808892, 0.24713764519321754, 0.056166767846251305, -0.0019476019058412568], [-0.24622470887235678, 0.9689459536264444, -0.022740529713772155, 0.006077553156090256], [-0.06004260339680915, 0.00816843187467013, 0.9981623928490003, 0.010046610990742777], [0.0, 0.0, 0.0, 1.0]], "antennas": [-0.03910450774723849, 0.03910443138296858], "body_yaw": -0.18835579652137996, "check_collision": false}, {"head": [[0.9673459935229282, 0.24708302951899927, 0.05649517978422484, -0.0020126743187350873], [-0.24625197100414373, 0.968970954883048, -0.021336714123971028, 0.006171359400275782], [-0.06001412826754141, 0.006727935548668628, 0.9981748540669313, 0.009882314474552456], [0.0, 0.0, 0.0, 1.0]], "antennas": [-0.03910450774723849, 0.03910443138296858], "body_yaw": -0.18835579652137996, "check_collision": false}, {"head": [[0.9673971271415542, 0.24676209759606166, 0.05701987011787582, -0.0020492627677669334], [-0.24599021388728154, 0.9690598875646955, -0.020291598872172984, 0.006243066927889964], [-0.06026286642665757, 0.005603704407927659, 0.9981668124251334, 0.00980906289421768], [0.0, 0.0, 0.0, 1.0]], "antennas": [-0.03910450774723849, 0.03910443138296858], "body_yaw": -0.18835579652137996, "check_collision": false}, {"head": [[0.9674253783590843, 0.24655006881547448, 0.0574560777800524, -0.002041253021630184], [-0.24583944805254343, 0.9691196813775916, -0.019235616647667597, 0.00627060226688073], [-0.06042435839960104, 0.004484053264628042, 0.9981627072668646, 0.009965328715542454], [0.0, 0.0, 0.0, 1.0]], "antennas": [-0.03910450774723849, 0.03910443138296858], "body_yaw": -0.18835579652137996, "check_collision": false}, {"head": [[0.967562203795093, 0.24592115549080712, 0.057846063558810924, -0.0020621748082402026], [-0.24523986453014424, 0.9692819341623937, -0.01870670873366711, 0.006379431490923363], [-0.06066951979717838, 0.003913743537334957, 0.9981502351745976, 0.009914129954421202], [0.0, 0.0, 0.0, 1.0]], "antennas": [-0.03910450774723849, 0.03910443138296858], "body_yaw": -0.18835579652137996, "check_collision": false}, {"head": [[0.9676482513079671, 0.245530640217382, 0.058065191423739664, -0.0020891226706631198], [-0.24485933825818532, 0.9693817673842162, -0.018517384556581522, 0.00649162674244268], [-0.060833923171176536, 0.0037005104371215115, 0.9981410421449003, 0.009869198911512944], [0.0, 0.0, 0.0, 1.0]], "antennas": [-0.03910450774723849, 0.03910443138296858], "body_yaw": -0.18835579652137996, "check_collision": false}, {"head": [[0.9676768802659345, 0.24538013277999463, 0.0582241001275282, -0.0021994084741660974], [-0.24475205217407156, 0.9694223919057602, -0.017794915799046303, 0.006747646775478472], [-0.06081026521376767, 0.0029692606128149668, 0.998144926919956, 0.01000240162345023], [0.0, 0.0, 0.0, 1.0]], "antennas": [-0.03910450774723849, 0.03910443138296858], "body_yaw": -0.18835579652137996, "check_collision": false}, {"head": [[0.9677147470860389, 0.2453029756979092, 0.05791906755080286, -0.0022428043626517807], [-0.24469872320904512, 0.9694427627046078, -0.017414496820757033, 0.006843301524388321], [-0.060421048750138616, 0.002679543507389628, 0.9981693828777384, 0.00998945611173152], [0.0, 0.0, 0.0, 1.0]], "antennas": [-0.03910450774723849, 0.03910443138296858], "body_yaw": -0.18835579652137996, "check_collision": false}, {"head": [[0.9677982251264472, 0.24510312938196097, 0.05736768610697821, -0.0022843620065656554], [-0.24450193458876487, 0.9694929778517749, -0.017383034212976413, 0.006886519883873665], [-0.0598782049200744, 0.0027967594225936964, 0.9982017725451513, 0.009977982225013338], [0.0, 0.0, 0.0, 1.0]], "antennas": [-0.03910450774723849, 0.03910443138296858], "body_yaw": -0.18835579652137996, "check_collision": false}, {"head": [[0.9679075208196429, 0.24467211451793405, 0.05736364282448487, -0.002300043201324029], [-0.24406748923670116, 0.9696016353927261, -0.017427832379365495, 0.0067708147252411805], [-0.05988398649442824, 0.002867929753929025, 0.9982012237722719, 0.010236341185632325], [0.0, 0.0, 0.0, 1.0]], "antennas": [-0.03910450774723849, 0.03910443138296858], "body_yaw": -0.18835579652137996, "check_collision": false}, {"head": [[0.9680449164440892, 0.24407966839363118, 0.05756870003405875, -0.002321367178802667], [-0.24347066174118379, 0.9697508504249643, -0.017473550622832335, 0.006739502241722885], [-0.060092234257568385, 0.002898892359789299, 0.9981886193525851, 0.010246678249608787], [0.0, 0.0, 0.0, 1.0]], "antennas": [-0.03910450774723849, 0.03910443138296858], "body_yaw": -0.18835579652137996, "check_collision": false}, {"head": [[0.9682701132035643, 0.24316303708695153, 0.057660430725122336, -0.002326539153289757], [-0.24253506948945713, 0.9699801249469702, -0.01775661216573092, 0.00660124329404809], [-0.06024722354184453, 0.0032085202991144887, 0.9981783294847615, 0.010342911681522904], [0.0, 0.0, 0.0, 1.0]], "antennas": [-0.03910450774723849, 0.03910443138296858], "body_yaw": -0.18835579652137996, "check_collision": false}, {"head": [[0.9686043425958928, 0.24179401333506523, 0.05780382876333046, -0.0023437548597590716], [-0.2411012644283428, 0.9703182876652547, -0.01877767060692262, 0.006568804086907027], [-0.060628440483262123, 0.004251557090062119, 0.9981513494790644, 0.010374188755544411], [0.0, 0.0, 0.0, 1.0]], "antennas": [-0.03910450774723849, 0.03910443138296858], "body_yaw": -0.18835579652137996, "check_collision": false}, {"head": [[0.9689544196485848, 0.24038607488446012, 0.057808888980126504, -0.0023272126974399243], [-0.23963526619799835, 0.9706632897234383, -0.019690535226002167, 0.006520303843559275], [-0.06084629682805948, 0.005226182633117796, 0.99813346561339, 0.010274442740430434], [0.0, 0.0, 0.0, 1.0]], "antennas": [-0.03910450774723849, 0.03910443138296858], "body_yaw": -0.18835579652137996, "check_collision": false}, {"head": [[0.9691981878607538, 0.23934885864751437, 0.0580258262462766, -0.0023285348561536043], [-0.23854576790090792, 0.9709149582611513, -0.02049537609591496, 0.006495087516446765], [-0.06124368754408126, 0.006022266091682682, 0.9981046753958844, 0.010262998966189651], [0.0, 0.0, 0.0, 1.0]], "antennas": [-0.03910450774723849, 0.03910443138296858], "body_yaw": -0.18835579652137996, "check_collision": false}, {"head": [[0.9693131163493616, 0.23869021720750078, 0.058813796702181655, -0.0022341396115066613], [-0.23784482432002224, 0.9710743726121114, -0.021080853876744132, 0.006317689721941923], [-0.06214436432426693, 0.006445391022348474, 0.9980463591022726, 0.010149951861919582], [0.0, 0.0, 0.0, 1.0]], "antennas": [-0.03910450774723849, 0.03910443138296858], "body_yaw": -0.18835579652137996, "check_collision": false}, {"head": [[0.9693697823846362, 0.23822216776226213, 0.05976975645100095, -0.002189605005758159], [-0.23734049984098637, 0.9711875854771467, -0.021544394869686897, 0.006295683403834855], [-0.06317999790118768, 0.006698701494982476, 0.9979796667585404, 0.010093612918228967], [0.0, 0.0, 0.0, 1.0]], "antennas": [-0.03910450774723849, 0.03910443138296858], "body_yaw": -0.18835579652137996, "check_collision": false}, {"head": [[0.9693705982834021, 0.2379011085638635, 0.06102217406618178, -0.0021863109529166925], [-0.2369877013939161, 0.9712658123618398, -0.021898655783471943, 0.0062375143579972295], [-0.06447846595342209, 0.006766408292422623, 0.9978961584990259, 0.01003260146611018], [0.0, 0.0, 0.0, 1.0]], "antennas": [-0.03910450774723849, 0.03910443138296858], "body_yaw": -0.18835579652137996, "check_collision": false}, {"head": [[0.969284734392043, 0.23781418036651147, 0.06270182845141985, -0.0021655640298154613], [-0.2368790881389709, 0.9712887466281239, -0.022056025843700554, 0.0062297980495301325], [-0.06614681607603347, 0.006525817203436811, 0.9977885609851573, 0.009974634332621801], [0.0, 0.0, 0.0, 1.0]], "antennas": [-0.03910450774723849, 0.03910443138296858], "body_yaw": -0.18835579652137996, "check_collision": false}, {"head": [[0.9693949848280797, 0.2370455064141984, 0.06389672353887507, -0.0022391756959862764], [-0.2360491045865051, 0.9714730072461087, -0.02282578401964178, 0.00621025691022322], [-0.06748469170172128, 0.007044436176046744, 0.9976954406555567, 0.010134706768807789], [0.0, 0.0, 0.0, 1.0]], "antennas": [-0.03910450774723849, 0.03910443138296858], "body_yaw": -0.18835579652137996, "check_collision": false}, {"head": [[0.9695660398854281, 0.23596664784398216, 0.06527967069587924, -0.002242043699116025], [-0.23484906136602499, 0.9717254428700148, -0.02440454987436439, 0.006232102334955292], [-0.06919257674335703, 0.008330953387663454, 0.9975685352592407, 0.010108543937857761], [0.0, 0.0, 0.0, 1.0]], "antennas": [-0.03910450774723849, 0.03910443138296858], "body_yaw": -0.18835579652137996, "check_collision": false}, {"head": [[0.9697054917386667, 0.23500116840381127, 0.06667615871294358, -0.0022532477585876045], [-0.23377110256727426, 0.9719493482709436, -0.025797984420655132, 0.0063787548222024515], [-0.07086840548757281, 0.00942948803122246, 0.997441102952509, 0.01027730080744338], [0.0, 0.0, 0.0, 1.0]], "antennas": [-0.03910450774723849, 0.03910443138296858], "body_yaw": -0.18835579652137996, "check_collision": false}, {"head": [[0.969937926809426, 0.2336599649921188, 0.06799587411390291, -0.002258997259805926], [-0.23229104215732585, 0.9722575358610459, -0.027498285307810844, 0.0064477545931431604], [-0.07253474939706754, 0.010876797381955306, 0.9973065754363679, 0.01027331969631029], [0.0, 0.0, 0.0, 1.0]], "antennas": [-0.03910450774723849, 0.03910443138296858], "body_yaw": -0.18835579652137996, "check_collision": false}, {"head": [[0.9701670358008724, 0.2322368126861753, 0.06958437668554461, -0.0022791026156974386], [-0.23071420257346087, 0.9725807794747848, -0.029284537338203208, 0.006532370856156819], [-0.0744773749285076, 0.012356788805627824, 0.9971461429470468, 0.01040621476332726], [0.0, 0.0, 0.0, 1.0]], "antennas": [-0.03910450774723849, 0.03910443138296858], "body_yaw": -0.18835579652137996, "check_collision": false}, {"head": [[0.9703682517687048, 0.23090267373944495, 0.07119979788821569, -0.0022889645377785297], [-0.2292397132710562, 0.9728820572378793, -0.030816498243561072, 0.0066419806104864665], [-0.07638461768413367, 0.013581530273386004, 0.9969859237806127, 0.010394951777337957], [0.0, 0.0, 0.0, 1.0]], "antennas": [-0.03910450774723849, 0.03910443138296858], "body_yaw": -0.18835579652137996, "check_collision": false}, {"head": [[0.9704492075334301, 0.23002720900763074, 0.07290966132068827, -0.002322439733055561], [-0.22823924505489163, 0.9730762090676905, -0.03208642023076948, 0.006888104894010374], [-0.07832740653507445, 0.01449739502849313, 0.9968222724853599, 0.010213827618786753], [0.0, 0.0, 0.0, 1.0]], "antennas": [-0.03910450774723849, 0.03910443138296858], "body_yaw": -0.18835579652137996, "check_collision": false}, {"head": [[0.9705102923912433, 0.22920882726082803, 0.07465310354151233, -0.0023386040160473906], [-0.22729616331684827, 0.9732562942578332, -0.03329624346605903, 0.007022341217446207], [-0.08028839582470501, 0.015345982967093795, 0.9966535377465279, 0.010174252952991014], [0.0, 0.0, 0.0, 1.0]], "antennas": [-0.03910450774723849, 0.03910443138296858], "body_yaw": -0.18835579652137996, "check_collision": false}, {"head": [[0.97049548590299, 0.22871660842002953, 0.07633626185999785, -0.0023807189709817776], [-0.22671754409715325, 0.9733663394824471, -0.034016530703422115, 0.006998521337978301], [-0.08208329330914217, 0.015706119679295725, 0.9965017063528516, 0.010119536656155503], [0.0, 0.0, 0.0, 1.0]], "antennas": [-0.03910450774723849, 0.03910443138296858], "body_yaw": -0.18835579652137996, "check_collision": false}, {"head": [[0.9705817201676062, 0.22781853617992526, 0.07790917179207117, -0.002431860716376174], [-0.22574518574557517, 0.9735726239444666, -0.03457538168381958, 0.0071304438028755015], [-0.08372714965401694, 0.015970612972648124, 0.9963607298223328, 0.010082450533403842], [0.0, 0.0, 0.0, 1.0]], "antennas": [-0.03910450774723849, 0.03910443138296858], "body_yaw": -0.18835579652137996, "check_collision": false}, {"head": [[0.9708076482181425, 0.22635722644320566, 0.0793405079269046, -0.002429404651466944], [-0.22415612317697642, 0.9738973968851122, -0.035747626252255936, 0.007309314088289334], [-0.08536124766794397, 0.01691940830354661, 0.9962063998084084, 0.009845168495591805], [0.0, 0.0, 0.0, 1.0]], "antennas": [-0.03910450774723849, 0.03910443138296858], "body_yaw": -0.18835579652137996, "check_collision": false}, {"head": [[0.9710319421370933, 0.2250020378175822, 0.08044283888202805, -0.0024703730258667255], [-0.2227023999740521, 0.9741985855412382, -0.036616348469611856, 0.007433670357153002], [-0.08660605287889483, 0.017640830688662137, 0.9960864383663458, 0.009787636601074068], [0.0, 0.0, 0.0, 1.0]], "antennas": [-0.03910450774723849, 0.03910443138296858], "body_yaw": -0.18835579652137996, "check_collision": false}, {"head": [[0.9711510855964881, 0.22411060649581963, 0.08148622583503683, -0.0024886166622224534], [-0.22173968449056006, 0.9743967046020198, -0.037182985124263074, 0.0075379145712828706], [-0.08773301127163947, 0.018041566362158562, 0.9959806326512631, 0.009651756130701239], [0.0, 0.0, 0.0, 1.0]], "antennas": [-0.03910450774723849, 0.03910443138296858], "body_yaw": -0.18835579652137996, "check_collision": false}, {"head": [[0.9712685925758018, 0.22327442757527946, 0.08237627733002063, -0.002524927752414577], [-0.2208509580800538, 0.9745840455225124, -0.0375605182085624, 0.007630753284738949], [-0.08866890881782356, 0.0182884718854449, 0.9958932454862579, 0.009593605947122441], [0.0, 0.0, 0.0, 1.0]], "antennas": [-0.03910450774723849, 0.03910443138296858], "body_yaw": -0.18835579652137996, "check_collision": false}, {"head": [[0.9713229814034435, 0.22266330520528996, 0.0833829617642706, -0.002564387795945869], [-0.22018816415294276, 0.9747206395392446, -0.03790576767674128, 0.007638778953339707], [-0.08971531733479327, 0.01845880199964886, 0.9957963820301093, 0.00961806307688673], [0.0, 0.0, 0.0, 1.0]], "antennas": [-0.03910450774723849, 0.03910443138296858], "body_yaw": -0.18835579652137996, "check_collision": false}, {"head": [[0.9713839570150747, 0.22210129594342695, 0.0841678227946158, -0.0026121027557201274], [-0.2195852377314643, 0.9748461772748185, -0.03817399668739866, 0.007716466230579102], [-0.09052917443648686, 0.018599596579590198, 0.9957201030324359, 0.009564126165504283], [0.0, 0.0, 0.0, 1.0]], "antennas": [-0.03910450774723849, 0.03910443138296858], "body_yaw": -0.18835579652137996, "check_collision": false}, {"head": [[0.9714448615055389, 0.22153037211326398, 0.08496573006714618, -0.0027361566877960723], [-0.21894731734847472, 0.9749681486823134, -0.0387192624011448, 0.007834237175409257], [-0.0914163731526834, 0.019010609836120438, 0.99563127885441, 0.009572735961898005], [0.0, 0.0, 0.0, 1.0]], "antennas": [-0.03910450774723849, 0.03910443138296858], "body_yaw": -0.18835579652137996, "check_collision": false}, {"head": [[0.9714863576542382, 0.22107982606365126, 0.08566193670100461, -0.0027964684067122406], [-0.2184439157692228, 0.9750647103172386, -0.03912884303640606, 0.007915233033145617], [-0.09217652930713927, 0.019300808315319787, 0.9955556068062019, 0.009513889673170683], [0.0, 0.0, 0.0, 1.0]], "antennas": [-0.03910450774723849, 0.03910443138296858], "body_yaw": -0.18835579652137996, "check_collision": false}, {"head": [[0.9715017021144521, 0.22070278904437943, 0.08645647284474758, -0.0028604331181332535], [-0.2180230279573069, 0.975147245610523, -0.03941837970462072, 0.007926662338342355], [-0.09300753770017675, 0.019445520981512254, 0.9954754992689211, 0.009519570275042244], [0.0, 0.0, 0.0, 1.0]], "antennas": [-0.03910450774723849, 0.03910443138296858], "body_yaw": -0.18835579652137996, "check_collision": false}, {"head": [[0.9714790843424608, 0.22044322420096713, 0.08736803528187995, -0.0029295923722409303], [-0.21772336733761538, 0.9752050370813762, -0.03964430559716186, 0.00799784779118191], [-0.09394106663383953, 0.019491550861681015, 0.9953869375497665, 0.009440835458945696], [0.0, 0.0, 0.0, 1.0]], "antennas": [-0.03910450774723849, 0.039095518115738276], "body_yaw": -0.18835579652137996, "check_collision": false}, {"head": [[0.9714188321474012, 0.22019547851523166, 0.0886532785114416, -0.0029936546735197284], [-0.21741424869833434, 0.9752589294698039, -0.04001330969003761, 0.008071598708631281], [-0.09527065136923289, 0.019595196627239367, 0.995258524835041, 0.009362303527255977], [0.0, 0.0, 0.0, 1.0]], "antennas": [-0.039090076743264326, 0.0215535006421439], "body_yaw": -0.18835579652137996, "check_collision": false}, {"head": [[0.9713144197723339, 0.21999656700797945, 0.09027628950636808, -0.0030819364377641617], [-0.21718195557930284, 0.9753103614343868, -0.04002120749646614, 0.008124323318846358], [-0.09685192880414777, 0.01926679484058188, 0.995112302458113, 0.00925472871144506], [0.0, 0.0, 0.0, 1.0]], "antennas": [-0.02154997807567692, 0.00597015420126875], "body_yaw": -0.18835579652137996, "check_collision": false}, {"head": [[0.9711767624539648, 0.21986456593389347, 0.09206122265175591, -0.003213842571237011], [-0.2170397327427907, 0.975352219648151, -0.03977187496665501, 0.008174836227839134], [-0.09853654388283344, 0.018644577606528247, 0.9949587575600813, 0.009146042046648706], [0.0, 0.0, 0.0, 1.0]], "antennas": [-0.005967272847699771, -0.0057033042425346575], "body_yaw": -0.18835579652137996, "check_collision": false}, {"head": [[0.9709998100435585, 0.2197048278572189, 0.09428232873451382, -0.0033177546296892543], [-0.21687856016151003, 0.9754043295587834, -0.03937110641384628, 0.008219363559060867], [-0.10061341380573162, 0.017781521144433945, 0.9947666854434494, 0.009017604636124221], [0.0, 0.0, 0.0, 1.0]], "antennas": [0.0057054236426378165, -0.012171557130179504], "body_yaw": -0.18835579652137996, "check_collision": false}, {"head": [[0.9708364827868352, 0.21938653808351727, 0.09667507743889331, -0.0033922063463893114], [-0.21653671116041107, 0.9754881758924064, -0.039174882436807536, 0.00835190921656154], [-0.10289983678276318, 0.01709870175874198, 0.9945447491130028, 0.008943454943491358], [0.0, 0.0, 0.0, 1.0]], "antennas": [0.012172425621559416, -0.012734715529032955], "body_yaw": -0.18835579652137996, "check_collision": false}, {"head": [[0.9706277756122841, 0.21931613415285275, 0.09890477496156605, -0.0034923429508533226], [-0.21638577645572152, 0.9755055562473909, -0.03957405056503152, 0.008434542063699996], [-0.1051613852970977, 0.01701008614666772, 0.9943096801357607, 0.008808845297645251], [0.0, 0.0, 0.0, 1.0]], "an