{"description": "A firm, categorical no. Like that\u2019s final.", "time": [0.0, 0.01005244255065918, 0.020144939422607422, 0.030173778533935547, 0.0402827262878418, 0.05022788047790527, 0.06030392646789551, 0.07037925720214844, 0.08045005798339844, 0.09047746658325195, 0.10058856010437012, 0.11072516441345215, 0.12070083618164062, 0.13072943687438965, 0.1408216953277588, 0.1508035659790039, 0.16092562675476074, 0.17100167274475098, 0.18097686767578125, 0.19115972518920898, 0.20119929313659668, 0.21123242378234863, 0.22124576568603516, 0.23131489753723145, 0.2415633201599121, 0.25150513648986816, 0.2615790367126465, 0.27166128158569336, 0.28166699409484863, 0.2917776107788086, 0.30190229415893555, 0.31183385848999023, 0.3220674991607666, 0.33229923248291016, 0.34244251251220703, 0.3523859977722168, 0.36229395866394043, 0.3724656105041504, 0.38248276710510254, 0.392850399017334, 0.40290236473083496, 0.41295528411865234, 0.4230659008026123, 0.43308115005493164, 0.4430663585662842, 0.4530963897705078, 0.46317458152770996, 0.4732668399810791, 0.48333024978637695, 0.4933445453643799, 0.503556489944458, 0.5134637355804443, 0.5235433578491211, 0.5336329936981201, 0.5436947345733643, 0.553704023361206, 0.5637474060058594, 0.5738866329193115, 0.5839104652404785, 0.5939662456512451, 0.6040940284729004, 0.6141066551208496, 0.6241917610168457, 0.6343209743499756, 0.6443405151367188, 0.6543624401092529, 0.6644518375396729, 0.6745443344116211, 0.6846065521240234, 0.6946067810058594, 0.704761266708374, 0.7147319316864014, 0.7247631549835205, 0.7348990440368652, 0.7449226379394531, 0.7549998760223389, 0.7650868892669678, 0.7751262187957764, 0.7851865291595459, 0.7952084541320801, 0.8053350448608398, 0.8153607845306396, 0.8254315853118896, 0.8355591297149658, 0.845527172088623, 0.8555543422698975, 0.86568284034729, 0.8758144378662109, 0.8857426643371582, 0.8958513736724854, 0.9059491157531738, 0.9159417152404785, 0.9259717464447021, 0.936086893081665, 0.946108341217041, 0.956296443939209, 0.9663369655609131, 0.9762895107269287, 0.9863486289978027, 0.9964098930358887, 1.0065975189208984, 1.016507863998413, 1.0266320705413818, 1.0367567539215088, 1.0468177795410156, 1.0573358535766602, 1.067216396331787, 1.076977252960205, 1.0870263576507568, 1.0970940589904785, 1.1072273254394531, 1.1171050071716309, 1.1272032260894775, 1.137375831604004, 1.147326946258545, 1.1574113368988037, 1.167487382888794, 1.1775572299957275, 1.1876871585845947, 1.1976394653320312, 1.207770586013794, 1.2177557945251465, 1.2277584075927734, 1.237928867340088, 1.2479267120361328, 1.2594146728515625, 1.268068790435791, 1.278172254562378, 1.2881786823272705, 1.2983365058898926, 1.3083233833312988, 1.3183748722076416, 1.3284602165222168, 1.3386614322662354, 1.348588228225708, 1.3586087226867676, 1.3687360286712646, 1.3788259029388428, 1.3889024257659912, 1.3989312648773193, 1.4089605808258057, 1.419029712677002, 1.4291141033172607, 1.4392051696777344, 1.4491901397705078, 1.459322452545166, 1.4701859951019287, 1.4800007343292236, 1.4894323348999023, 1.4995250701904297, 1.5097293853759766, 1.5196254253387451, 1.5296261310577393, 1.5397624969482422, 1.54976487159729, 1.5598289966583252, 1.5698883533477783, 1.5798845291137695, 1.5900254249572754, 1.6000370979309082, 1.6100900173187256, 1.620164394378662, 1.6302146911621094, 1.640383243560791, 1.6502976417541504, 1.6603977680206299, 1.670506238937378, 1.6805343627929688, 1.6905791759490967, 1.700711965560913, 1.7107048034667969, 1.7207353115081787, 1.730741262435913, 1.7408721446990967, 1.7508814334869385, 1.761018991470337, 1.7710857391357422, 1.7811224460601807, 1.7911732196807861, 1.8012986183166504, 1.8113090991973877, 1.8212952613830566, 1.8313696384429932, 1.8414506912231445, 1.8515100479125977, 1.8616535663604736, 1.8716719150543213, 1.8817112445831299, 1.8918955326080322, 1.9019310474395752, 1.9118332862854004, 1.9219260215759277, 1.9319913387298584, 1.9421107769012451, 1.952122688293457, 1.962160348892212, 1.972278118133545, 1.9822847843170166, 1.9923374652862549, 2.002474784851074, 2.0124387741088867, 2.022540807723999, 2.032642364501953, 2.0426955223083496, 2.052757978439331, 2.062831401824951, 2.0730979442596436, 2.0828874111175537, 2.092984676361084, 2.1031494140625, 2.113114356994629, 2.123171806335449, 2.1332952976226807, 2.143385410308838, 2.1534171104431152, 2.163419723510742, 2.173506498336792, 2.183537721633911, 2.1936209201812744, 2.203735828399658, 2.2136738300323486, 2.223794937133789, 2.233832359313965, 2.243993043899536, 2.253965139389038, 2.264014959335327, 2.274170398712158, 2.2841579914093018, 2.294189214706421, 2.3043136596679688, 2.314326524734497, 2.324439525604248, 2.334606170654297, 2.344625473022461, 2.3546669483184814, 2.3647289276123047, 2.3747825622558594, 2.384904146194458, 2.3953022956848145, 2.4054579734802246, 2.4158012866973877, 2.4254865646362305, 2.435647487640381, 2.445615768432617, 2.455631971359253, 2.465766668319702, 2.475843906402588, 2.4858455657958984, 2.495912790298462, 2.5059828758239746, 2.5159761905670166, 2.5260980129241943, 2.5362179279327393, 2.5461645126342773, 2.556262493133545, 2.566309690475464, 2.576428174972534, 2.586437940597534, 2.5964677333831787, 2.6065659523010254, 2.616640329360962, 2.6266496181488037, 2.6367619037628174, 2.6467342376708984, 2.6568500995635986, 2.666895627975464, 2.676940679550171, 2.686964750289917, 2.6970388889312744], "set_target_data": [{"head": [[0.9604251456508399, -0.24090926913279073, 0.13980795273326763, -0.007056458393438589], [0.24341380843047114, 0.9699221677567268, -0.0008404519413851841, -0.0034248745186376602], [-0.1354003599217406, 0.034838377401889366, 0.9901782819235466, 0.005526851023307633], [0.0, 0.0, 0.0, 1.0]], "antennas": [0.0041675807898649995, 0.2100126225059046], "body_yaw": 0.3140723397810006, "check_collision": false}, {"head": [[0.9604742502647243, -0.2407333360358913, 0.13977365810282863, -0.007073283056071529], [0.24324609009242837, 0.9699641690537815, -0.0009221749040713781, -0.003396680169468652], [-0.13535344189625184, 0.034885121081029834, 0.9901830508012143, 0.005608497176659011], [0.0, 0.0, 0.0, 1.0]], "antennas": [0.0041675807898649995, 0.2100126225059046], "body_yaw": 0.3140723397810006, "check_collision": false}, {"head": [[0.9604965931568878, -0.24062535829874093, 0.13980604950292594, -0.007067042007920365], [0.24316142221092185, 0.9699852216197249, -0.0010920566355099096, -0.003387684436400038], [-0.13534702539167173, 0.03504435450876365, 0.990178305122209, 0.0056152955728189236], [0.0, 0.0, 0.0, 1.0]], "antennas": [0.0041675807898649995, 0.2100126225059046], "body_yaw": 0.3140723397810006, "check_collision": false}, {"head": [[0.9604770581645736, -0.24067377107902277, 0.13985691493139624, -0.0070332612204232065], [0.24323304877864999, 0.9699670787398015, -0.0012450473156221699, -0.003293960270421699], [-0.13535695298494477, 0.03521366319452429, 0.9901709414050958, 0.0055868614323341115], [0.0, 0.0, 0.0, 1.0]], "antennas": [0.0041675807898649995, 0.2100126225059046], "body_yaw": 0.3140723397810006, "check_collision": false}, {"head": [[0.9604861304737976, -0.24064816693680188, 0.1398386674615717, -0.0070343314218182795], [0.24321866497742697, 0.9699705676013647, -0.0013337892203910302, -0.0032950678742036197], [-0.13531841771935205, 0.03529246005938687, 0.9901734030405419, 0.005595185877727005], [0.0, 0.0, 0.0, 1.0]], "antennas": [0.0041675807898649995, 0.2100126225059046], "body_yaw": 0.3140723397810006, "check_collision": false}, {"head": [[0.9605292849723257, -0.2405593272184892, 0.1396950349824237, -0.0070225691199959535], [0.24312637691546243, 0.9699936777109228, -0.0013527929623082628, -0.0032485417365584485], [-0.13517787377567841, 0.035262944985157, 0.9901936513392017, 0.005507917631606296], [0.0, 0.0, 0.0, 1.0]], "antennas": [0.0041675807898649995, 0.2100126225059046], "body_yaw": 0.3140723397810006, "check_collision": false}, {"head": [[0.9605287247600718, -0.2405196654352988, 0.13976716155693344, -0.007005104337472659], [0.24309712372031161, 0.9700009238359432, -0.0014128681212438807, -0.003252974350690328], [-0.13523445326432718, 0.03533409537979518, 0.990183389253723, 0.005509429889642203], [0.0, 0.0, 0.0, 1.0]], "antennas": [0.0041675807898649995, 0.2100126225059046], "body_yaw": 0.3140723397810006, "check_collision": false}, {"head": [[0.9605068315954409, -0.240451223903126, 0.14003512195865622, -0.006962060855866568], [0.24304960469779752, 0.9700127006383353, -0.0015000855199996353, -0.003304884510874238], [-0.13547514943609154, 0.03547632342579632, 0.9901454006162209, 0.005431307647805861], [0.0, 0.0, 0.0, 1.0]], "antennas": [0.0041675807898649995, 0.2100126225059046], "body_yaw": 0.3140723397810006, "check_collision": false}, {"head": [[0.9604784697494588, -0.2404358750767099, 0.14025583454471516, -0.006934524388004983], [0.24304468466568294, 0.9700139040105833, -0.0015189739647281236, -0.003315920755665334], [-0.13568489379255347, 0.03554737686867384, 0.99011413160012, 0.005414153987509662], [0.0, 0.0, 0.0, 1.0]], "antennas": [0.0041675807898649995, 0.2100126225059046], "body_yaw": 0.3140723397810006, "check_collision": false}, {"head": [[0.9604830834706312, -0.24038691968600856, 0.14030814377868772, -0.006887074965082073], [0.2429905606344886, 0.970027537570903, -0.0014709849310187949, -0.0031540376626578766], [-0.1357491576743125, 0.035506410660651536, 0.9901067927212255, 0.005414433153380305], [0.0, 0.0, 0.0, 1.0]], "antennas": [0.0041675807898649995, 0.2100126225059046], "body_yaw": 0.3140723397810006, "check_collision": false}, {"head": [[0.9604156188415597, -0.24046347039936836, 0.14063839621055246, -0.006854882186670765], [0.24308339079843552, 0.9700042396197517, -0.0014967423434140842, -0.0031402469230571387], [-0.13605992871936728, 0.03562435295131134, 0.9900598978211779, 0.00540698645965676], [0.0, 0.0, 0.0, 1.0]], "antennas": [0.0041675807898649995, 0.2100126225059046], "body_yaw": 0.3140723397810006, "check_collision": false}, {"head": [[0.9604142131404947, -0.24042900654170982, 0.14070690107841288, -0.006836054100629457], [0.24306175469937405, 0.9700095383802727, -0.0015744375982831432, -0.0033713211687634147], [-0.1361084956943729, 0.03571257852152421, 0.9900500437529197, 0.005493756970450292], [0.0, 0.0, 0.0, 1.0]], "antennas": [0.0041675807898649995, 0.2100126225059046], "body_yaw": 0.3140723397810006, "check_collision": false}, {"head": [[0.9604572434648054, -0.24035713939812453, 0.14053586380827368, -0.0068473733177655295], [0.24298942744454244, 0.970027581244715, -0.001621658009844023, -0.003347576552464553], [-0.13593388696774825, 0.03570626226417403, 0.9900742604516901, 0.005500977651520245], [0.0, 0.0, 0.0, 1.0]], "antennas": [0.0041675807898649995, 0.2100126225059046], "body_yaw": 0.3140723397810006, "check_collision": false}, {"head": [[0.9604994744713671, -0.24027462564394894, 0.14038826094758847, -0.006817002566632462], [0.24293134496247945, 0.9700417298380956, -0.0018449952401898284, -0.0035556399277715586], [-0.13573916595790916, 0.035876826007545694, 0.9900948096928273, 0.005595643748799284], [0.0, 0.0, 0.0, 1.0]], "antennas": [0.0041675807898649995, 0.2100126225059046], "body_yaw": 0.3140723397810006, "check_collision": false}, {"head": [[0.960526836693524, -0.24009035467478182, 0.14051625380599087, -0.0068013582025672585], [0.24277191893194563, 0.9700813235156793, -0.0020052790750189273, -0.0035476705389585524], [-0.13583074530323752, 0.03603952494422436, 0.9900763411334308, 0.005601086764981722], [0.0, 0.0, 0.0, 1.0]], "antennas": [0.0041675807898649995, 0.2100126225059046], "body_yaw": 0.3140723397810006, "check_collision": false}, {"head": [[0.9605456392835219, -0.23997285160055234, 0.14058842537033048, -0.006762884014163039], [0.24263957738562195, 0.9701146721095616, -0.0018863838114048688, -0.0035695847105687625], [-0.13593421327810182, 0.03592427386122703, 0.990066329196184, 0.005648797574941855], [0.0, 0.0, 0.0, 1.0]], "antennas": [0.0041675807898649995, 0.2100126225059046], "body_yaw": 0.3140723397810006, "check_collision": false}, {"head": [[0.9605459030617901, -0.23985849548516844, 0.14078164033282795, -0.006729650920018974], [0.2425356428179801, 0.9701405978355245, -0.001918956539496374, -0.00359377581493194], [-0.13611770668829046, 0.03598781147725896, 0.9900388110326777, 0.00565851731087863], [0.0, 0.0, 0.0, 1.0]], "antennas": [0.0041675807898649995, 0.2100126225059046], "body_yaw": 0.3140723397810006, "check_collision": false}, {"head": [[0.9605743104137452, -0.2396855779949444, 0.14088228374918882, -0.006723748291365534], [0.24237653797952124, 0.9701801861403446, -0.0020050580409470588, -0.003523805492932545], [-0.1362006167762071, 0.036072567442799214, 0.9900243238768758, 0.005689399646316096], [0.0, 0.0, 0.0, 1.0]], "antennas": [0.0041675807898649995, 0.2100126225059046], "body_yaw": 0.3140723397810006, "check_collision": false}, {"head": [[0.9605825420679734, -0.23961188144609663, 0.1409515028089149, -0.006699350399173281], [0.2423137727558774, 0.970195725168341, -0.002071327566982431, -0.0035312962523656854], [-0.13625423078584684, 0.036144171520986285, 0.9900143349760236, 0.00570956316140081], [0.0, 0.0, 0.0, 1.0]], "antennas": [0.0041675807898649995, 0.2100126225059046], "body_yaw": 0.3140723397810006, "check_collision": false}, {"head": [[0.9605710778682467, -0.2395993569748593, 0.1410508862087324, -0.006572179285631717], [0.24230963487132579, 0.9701966828656604, -0.0021065148929110197, -0.0034133147028086192], [-0.13634238230117446, 0.036201446016743924, 0.9900001061084475, 0.005565536544594907], [0.0, 0.0, 0.0, 1.0]], "antennas": [0.0041675807898649995, 0.2100126225059046], "body_yaw": 0.3140723397810006, "check_collision": false}, {"head": [[0.9605457153732555, -0.23965202429343682, 0.14113410619031064, -0.006536113023682871], [0.24236704299317288, 0.970182325240105, -0.0021147724340332026, -0.0034056788557328323], [-0.13641900581966354, 0.036237591583330134, 0.9899882281155739, 0.005575284708489225], [0.0, 0.0, 0.0, 1.0]], "antennas": [0.0041675807898649995, 0.2100126225059046], "body_yaw": 0.3140723397810006, "check_collision": false}, {"head": [[0.9605238237092236, -0.23969012505610213, 0.14121837004300317, -0.006543189877982726], [0.2424034458138358, 0.9701733119326186, -0.0020770823943494256, -0.003421108485903738], [-0.13650843763149303, 0.036226906634216946, 0.9899762914793084, 0.005600723464512347], [0.0, 0.0, 0.0, 1.0]], "antennas": [0.0041675807898649995, 0.2100126225059046], "body_yaw": 0.3140723397810006, "check_collision": false}, {"head": [[0.9605397667762199, -0.23961021369391314, 0.14124553775267518, -0.00652364427975086], [0.2423168666942873, 0.9701950454653857, -0.0020272814015522833, -0.003402649091164592], [-0.13654996359189592, 0.036173460547414715, 0.9899725189090233, 0.005611534664851758], [0.0, 0.0, 0.0, 1.0]], "antennas": [0.0041675807898649995, 0.2100126225059046], "body_yaw": 0.3140723397810006, "check_collision": false}, {"head": [[0.9605527234903638, -0.23951670427876065, 0.1413160067603269, -0.006577349841492306], [0.2422296651800288, 0.9702167498876412, -0.0020609571157152937, -0.003501470964311972], [-0.13661352313008834, 0.036210586972629855, 0.9899623925630114, 0.005542878035719845], [0.0, 0.0, 0.0, 1.0]], "antennas": [0.0041675807898649995, 0.2100126225059046], "body_yaw": 0.3140723397810006, "check_collision": false}, {"head": [[0.9605269486334377, -0.23954462391665113, 0.14144381959480368, -0.006560760068375894], [0.24226584389736264, 0.970207666271915, -0.002084511430230262, -0.00351417065406656], [-0.13673054461105577, 0.036269235721672025, 0.9899440896891751, 0.005532901781556188], [0.0, 0.0, 0.0, 1.0]], "antennas": [0.0041675807898649995, 0.2100126225059046], "body_yaw": 0.3140723397810006, "check_collision": false}, {"head": [[0.9605012070966881, -0.2395340520358081, 0.14163639744469736, -0.006479230863607303], [0.24227109248173614, 0.9702062169345472, -0.0021481082981890283, -0.0033982838650929523], [-0.1369019682601808, 0.03637766535748917, 0.989916418971636, 0.005545063596576805], [0.0, 0.0, 0.0, 1.0]], "antennas": [0.0041675807898649995, 0.2100126225059046], "body_yaw": 0.3140723397810006, "check_collision": false}, {"head": [[0.9604900488737043, -0.2394486068012695, 0.14185637354564268, -0.006449263013906161], [0.24219782853588528, 0.9702244302332832, -0.002183307354341066, -0.0034130421451095804], [-0.13710972929406495, 0.03645435062420741, 0.9898848430264382, 0.005531367772141471], [0.0, 0.0, 0.0, 1.0]], "antennas": [0.0041675807898649995, 0.2100126225059046], "body_yaw": 0.3140723397810006, "check_collision": false}, {"head": [[0.9605259639317645, -0.23931522558268323, 0.1418382720469476, -0.0064784404975120335], [0.242040339120092, 0.970264076500148, -0.0020238804178026176, -0.003413816160540385], [-0.13713623464126956, 0.036274573155643544, 0.989887775705302, 0.0055981753493826725], [0.0, 0.0, 0.0, 1.0]], "antennas": [0.0041675807898649995, 0.2100126225059046], "body_yaw": 0.3140723397810006, "check_collision": false}, {"head": [[0.9605696824137162, -0.23910926219456033, 0.1418895555014006, -0.006469373156243366], [0.2418472719488808, 0.9703120167203427, -0.00211831512884059, -0.0034253863348905813], [-0.1371706319825644, 0.03635039120661564, 0.9898802285027364, 0.005593429173079145], [0.0, 0.0, 0.0, 1.0]], "antennas": [0.0041675807898649995, 0.2100126225059046], "body_yaw": 0.3140723397810006, "check_collision": false}, {"head": [[0.9605961086529703, -0.23899011974913345, 0.1419113762284957, -0.0064646146402821646], [0.24171773986141917, 0.9703444476799696, -0.0020462387304309333, -0.003268396440134656], [-0.13721388514672306, 0.03626810608440245, 0.9898772520893651, 0.0055097183307837305], [0.0, 0.0, 0.0, 1.0]], "antennas": [0.0041675807898649995, 0.2100126225059046], "body_yaw": 0.3140723397810006, "check_collision": false}, {"head": [[0.9606196600051854, -0.23890526744452462, 0.14189482724462527, -0.006466249817217436], [0.24162888786007147, 0.9703666151095376, -0.00202801192389258, -0.0032742548315788152], [-0.13720550048386138, 0.03623403742503192, 0.9898796619634401, 0.005502863936658331], [0.0, 0.0, 0.0, 1.0]], "antennas": [0.0041675807898649995, 0.2100126225059046], "body_yaw": 0.3140723397810006, "check_collision": false}, {"head": [[0.9606573411488833, -0.23886438059588988, 0.14170843510285608, -0.006471971051128476], [0.24156641782101718, 0.9703823786275939, -0.0019248454938767534, -0.0031236667600049155], [-0.13705159130006583, 0.036081115997089075, 0.9899065685156982, 0.005420823695560517], [0.0, 0.0, 0.0, 1.0]], "antennas": [0.0041675807898649995, 0.2100126225059046], "body_yaw": 0.3140723397810006, "check_collision": false}, {"head": [[0.9606369694994216, -0.2389370958928734, 0.14172394659071086, -0.006473915252778725], [0.2416466511833155, 0.9703623118435301, -0.0019697018983129387, -0.003124491719486049], [-0.13705294160599363, 0.03613928554854094, 0.9899042596318013, 0.005429337229332143], [0.0, 0.0, 0.0, 1.0]], "antennas": [0.0041675807898649995, 0.2100126225059046], "body_yaw": 0.3140723397810006, "check_collision": false}, {"head": [[0.9605548266977603, -0.23916791053543618, 0.14189128048526803, -0.006378027759021448], [0.24186898311222643, 0.9703071592729196, -0.0018470711882577588, -0.0031619467492311638], [-0.13723636513655166, 0.03609331286859885, 0.9898805245332774, 0.005439411391353288], [0.0, 0.0, 0.0, 1.0]], "antennas": [0.0041675807898649995, 0.2100126225059046], "body_yaw": 0.3140723397810006, "check_collision": false}, {"head": [[0.9605423049948352, -0.23919627392999832, 0.14192823134674057, -0.006363042200973643], [0.241908211112976, 0.970297251262779, -0.0019135276363414985, -0.0031628530302638697], [-0.13725486407165524, 0.036171628798001405, 0.9898751009893979, 0.005455441021568919], [0.0, 0.0, 0.0, 1.0]], "antennas": [0.0041675807898649995, 0.20220956051197242], "body_yaw": 0.3140723397810006, "check_collision": false}, {"head": [[0.9605468351093998, -0.23915577364058857, 0.141965818053808, -0.006316900116749145], [0.24188349745747537, 0.9703031958941373, -0.00202032060889348, -0.0031649797269130645], [-0.1372667156271136, 0.03627980115704561, 0.9898694988779835, 0.005447592830249093], [0.0, 0.0, 0.0, 1.0]], "antennas": [0.0041675807898649995, 0.18838349339671706], "body_yaw": 0.3140723397810006, "check_collision": false}, {"head": [[0.9605226754048359, -0.23908324085114735, 0.1422511651173674, -0.006283462760249062], [0.24182022361926953, 0.970318975646475, -0.0020161718929687586, -0.003163559302232855], [-0.13754697191091753, 0.036335787379493806, 0.9898285412502761, 0.00545037152990091], [0.0, 0.0, 0.0, 1.0]], "antennas": [0.0041675807898649995, 0.163880280839116], "body_yaw": 0.3140723397810006, "check_collision": false}, {"head": [[0.9604888158193592, -0.2390965588378467, 0.14245725758214345, -0.006203870888110891], [0.24181071815027821, 0.9703217765148981, -0.001796276320311263, -0.002954277748447932], [-0.13779989576763751, 0.03617299507743739, 0.9897993246883714, 0.005289597534756552], [0.0, 0.0, 0.0, 1.0]], "antennas": [0.00977939383887997, 0.13089010651965044], "body_yaw": 0.3140723397810006, "check_collision": false}, {"head": [[0.9605126068867581, -0.23897777890523766, 0.14249615153092013, -0.0061820814847358095], [0.24168443544766802, 0.9703533393454499, -0.0017408283878052912, -0.0029389593126159814], [-0.13785559718033072, 0.03611118954912912, 0.9897938251552193, 0.0052893858221247925], [0.0, 0.0, 0.0, 1.0]], "antennas": [0.016486298728135524, 0.09598352147976384], "body_yaw": 0.3140723397810006, "check_collision": false}, {"head": [[0.9604713247884157, -0.23914069119090695, 0.14250110201651445, -0.006205122571923096], [0.24182242883059243, 0.9703192848759736, -0.0015486485244095537, -0.0031038928222171646], [-0.13790122252416337, 0.03594739510054082, 0.9897934317885863, 0.005313468165727753], [0.0, 0.0, 0.0, 1.0]], "antennas": [0.025930933217992534, 0.06107693643987725], "body_yaw": 0.3140723397810006, "check_collision": false}, {"head": [[0.9604365292995665, -0.23926467912574736, 0.14252749387348654, -0.006203571278133323], [0.24192016333047742, 0.9702952270792051, -0.0013442029123717017, -0.0030991620248068275], [-0.13797212675449608, 0.03577129617679011, 0.9897899305452013, 0.00531120496807691], [0.0, 0.0, 0.0, 1.0]], "antennas": [0.04139857282917275, 0.026170351399990657], "body_yaw": 0.3140723397810006, "check_collision": false}, {"head": [[0.9604931967427358, -0.2391476363604609, 0.1423419370183113, -0.00628056957473741], [0.24176651594998314, 0.9703337856039558, -0.0011385433250625694, -0.002938957267177319], [-0.13784691065209517, 0.035507077304408496, 0.9898168904827661, 0.005198249469067773], [0.0, 0.0, 0.0, 1.0]], "antennas": [0.06097280684125515, -0.008736233639895933], "body_yaw": 0.3140723397810006, "check_collision": false}, {"head": [[0.9604687681727974, -0.23929111257328872, 0.14226562764092793, -0.006283827581907285], [0.24189056893424465, 0.9703030124398019, -0.001008320838532896, -0.002932746814270965], [-0.13779948485134813, 0.03538117428356011, 0.9898280024736721, 0.005188889336761648], [0.0, 0.0, 0.0, 1.0]], "antennas": [0.0868438189347209, -0.04364281867978252], "body_yaw": 0.3140723397810006, "check_collision": false}, {"head": [[0.9604297273348558, -0.23940191901409583, 0.14234275543161046, -0.006349693798325447], [0.24199877823952, 0.9702760776225815, -0.0009615216680303532, -0.002884045258652714], [-0.13788158028567327, 0.03537024689914947, 0.9898169605801969, 0.005245627330718872], [0.0, 0.0, 0.0, 1.0]], "antennas": [0.11791651726932942, -0.07854940371966912], "body_yaw": 0.3140723397810006, "check_collision": false}, {"head": [[0.9603913386907994, -0.2394487358425958, 0.14252290858341662, -0.006348378230693091], [0.24205974585611317, 0.9702608172701098, -0.0010128703828066674, -0.002859930434382039], [-0.1380418632291235, 0.03547181097323984, 0.9897909853208963, 0.005240229243360539], [0.0, 0.0, 0.0, 1.0]], "antennas": [0.15282203704477998, -0.1134559887595557], "body_yaw": 0.3140723397810006, "check_collision": false}, {"head": [[0.9603755276444508, -0.23940450676931527, 0.14270363709514527, -0.006288224772777618], [0.24202749432489754, 0.9702688178693196, -0.0010550171961375664, -0.002823335376643912], [-0.13820831339848455, 0.0355514164136021, 0.989764900821671, 0.005326975132204481], [0.0, 0.0, 0.0, 1.0]], "antennas": [0.18772755682023054, -0.1483625737994423], "body_yaw": 0.3140723397810006, "check_collision": false}, {"head": [[0.9603812543853072, -0.23931932103048562, 0.1428079437804895, -0.006293244354214543], [0.2419506764375021, 0.970287933109515, -0.0010940902616708888, -0.0027798477110837928], [-0.13830298766382182, 0.035603222376252436, 0.9897498139225327, 0.0053399539893687065], [0.0, 0.0, 0.0, 1.0]], "antennas": [0.2226330765956811, -0.1832691588393289], "body_yaw": 0.3140723397810006, "check_collision": false}, {"head": [[0.9604176363257472, -0.23927341186771828, 0.1426401002791494, -0.006239989146691202], [0.2419095206468833, 0.9702980999076569, -0.0011752174204650197, -0.0025980792365553115], [-0.1381222199896153, 0.035634697820684264, 0.9897739240131397, 0.005102227426754036], [0.0, 0.0, 0.0, 1.0]], "antennas": [0.25753859637113163, -0.21817574387921548], "body_yaw": 0.3140723397810006, "check_collision": false}, {"head": [[0.9603847859679691, -0.23936705783254517, 0.14270415027548725, -0.006235748829013531], [0.2420040353019874, 0.9702745520211096, -0.0011578418671166109, -0.002549198609927852], [-0.1381850562789345, 0.03564695393474468, 0.9897647118868007, 0.0050863246613314095], [0.0, 0.0, 0.0, 1.0]], "antennas": [0.2924441161465822, -0.2530823289191021], "body_yaw": 0.3140723397810006, "check_collision": false}, {"head": [[0.9603420068082884, -0.23940611223476038, 0.14292635650595126, -0.006092540800593394], [0.24203969140675807, 0.9702657558095725, -0.0010727940156185778, -0.002764428454185829], [-0.13841971587584728, 0.03562410038044381, 0.9897327445977189, 0.005051523470813057], [0.0, 0.0, 0.0, 1.0]], "antennas": [0.32734963592203276, -0.2879889139589887], "body_yaw": 0.3140723397810006, "check_collision": false}, {"head": [[0.9603630394459293, -0.2392980072697592, 0.14296606654342334, -0.006067571226561236], [0.24191924695198613, 0.9702958894639443, -0.0009822645045402742, -0.002743032715979499], [-0.1384843327613641, 0.035529573682992664, 0.9897271032832962, 0.005028398680707369], [0.0, 0.0, 0.0, 1.0]], "antennas": [0.36225515569748334, -0.32289549899887526], "body_yaw": 0.3140723397810006, "check_collision": false}, {"head": [[0.9603646482358491, -0.23932863785301267, 0.14290397308072078, -0.006069195638781957], [0.2419219142412941, 0.9702953949645837, -0.0007961911520449963, -0.002836362615850808], [-0.13846851565847662, 0.03533623655603652, 0.9897362378721889, 0.005263185973779838], [0.0, 0.0, 0.0, 1.0]], "antennas": [0.3971606754729339, -0.35780208403876185], "body_yaw": 0.3140723397810006, "check_collision": false}, {"head": [[0.9603356092262749, -0.23938520050040676, 0.14300434760306716, -0.006056362902289166], [0.24198258439013434, 0.9702802667637804, -0.0007954751272889193, -0.0028258565335017843], [-0.13856387156784525, 0.03536848470300466, 0.9897217405846668, 0.0052644285775921285], [0.0, 0.0, 0.0, 1.0]], "antennas": [0.43206619524838447, -0.39270866907864843], "body_yaw": 0.3140723397810006, "check_collision": false}, {"head": [[0.9603289910608652, -0.23941042772040777, 0.14300655938365892, -0.006152985943982964], [0.24200678562991357, 0.9702742387428008, -0.0007857106054106021, -0.003090997694402022], [-0.13856747322910096, 0.03536309843339243, 0.9897214288031216, 0.005532924239815773], [0.0, 0.0, 0.0, 1.0]], "antennas": [0.466971715023835, -0.427615254118535], "body_yaw": 0.3140723397810006, "check_collision": false}, {"head": [[0.9603423742071412, -0.23945403207636975, 0.1428435886715283, -0.006128091895321597], [0.24203711767813954, 0.970266716582725, -0.0007296285609540779, -0.002997418503095253], [-0.13842166726437855, 0.035274143705374426, 0.9897450059573945, 0.005527998832951853], [0.0, 0.0, 0.0, 1.0]], "antennas": [0.5018772347992856, -0.4625218391584216], "body_yaw": 0.3140723397810006, "check_collision": false}, {"head": [[0.9603428782469133, -0.23947005621778922, 0.14281333402551646, -0.006130319149724825], [0.2420543050538725, 0.9702624176187823, -0.0007445545266480252, -0.002999544774327666], [-0.13838811222544264, 0.03528360995710587, 0.9897493608298384, 0.005553069064251903], [0.0, 0.0, 0.0, 1.0]], "antennas": [0.5367827545747361, -0.4974284241983082], "body_yaw": 0.3140723397810006, "check_collision": false}, {"head": [[0.9603363056154345, -0.23943500606597307, 0.1429162621505559, -0.0061231865604349026], [0.2420066358551476, 0.9702743893923303, -0.0006304692019326354, -0.0029985089642391594], [-0.1385170325951757, 0.035192146276236694, 0.9897345828662849, 0.005576572390870171], [0.0, 0.0, 0.0, 1.0]], "antennas": [0.5716882743501867, -0.5323350092381948], "body_yaw": 0.3140723397810006, "check_collision": false}, {"head": [[0.9603400547007371, -0.23931010606847675, 0.14310014839572838, -0.0059877452302151205], [0.2418487297002157, 0.9703138999454337, -0.0003570925294117469, -0.00328494465861196], [-0.13876660722153972, 0.03495151936864777, 0.9897081489075685, 0.005617871362616267], [0.0, 0.0, 0.0, 1.0]], "antennas": [0.6065937941256373, -0.555195584035435], "body_yaw": 0.3140723397810006, "check_collision": false}, {"head": [[0.960390048944193, -0.23915122398521244, 0.14303022741834964, -0.005980241185945825], [0.2416817918696288, 0.9703555034750865, -0.0003291721378682645, -0.003284471642178417], [-0.13871144641901578, 0.034883935299585625, 0.9897182658162667, 0.005652942023842367], [0.0, 0.0, 0.0, 1.0]], "antennas": [0.6335598980593435, -0.54958377098642], "body_yaw": 0.3140723397810006, "check_collision": false}, {"head": [[0.9603793507472915, -0.23920626380523277, 0.1430100206788049, -0.005971689999850094], [0.24176440721288492, 0.9703348358279288, -0.0005270519792509171, -0.0033783968314759546], [-0.13864153080232908, 0.035080902712556754, 0.989721100210387, 0.00555251457890793], [0.0, 0.0, 0.0, 1.0]], "antennas": [0.6335598980593435, -0.54958377098642], "body_yaw": 0.3140723397810006, "check_collision": false}, {"head": [[0.9603806603769376, -0.23920357859975583, 0.1430057172249688, -0.005957053343614405], [0.24178648596273944, 0.9703292214221226, -0.0007051667372823291, -0.0033921874862802934], [-0.13859394784674878, 0.03525407833723346, 0.9897216111517647, 0.005567406797937324], [0.0, 0.0, 0.0, 1.0]], "antennas": [0.6335598980593435, -0.54958377098642], "body_yaw": 0.3140723397810006, "check_collision": false}, {"head": [[0.9603708942258432, -0.2391317765970889, 0.1431912670010777, -0.005882227946136319], [0.24176287291023774, 0.9703348391627331, -0.0010065730082404085, -0.0035161526121457853], [-0.13870277144326354, 0.03558501550586492, 0.9896945224994452, 0.005511227661373352], [0.0, 0.0, 0.0, 1.0]], "antennas": [0.6335598980593435, -0.54958377098642], "body_yaw": 0.3140723397810006, "check_collision": false}, {"head": [[0.9603567823191269, -0.23905326180761527, 0.1434168353882949, -0.005841049624016648], [0.24169722735367882, 0.9703511513399891, -0.001045649416458877, -0.0035638933433336465], [-0.13891472543685787, 0.03566764797821415, 0.9896618199892856, 0.005504514147033901], [0.0, 0.0, 0.0, 1.0]], "antennas": [0.6335598980593435, -0.54958377098642], "body_yaw": 0.3140723397810006, "check_collision": false}, {"head": [[0.9604055904893852, -0.23879910637506607, 0.14351337411964568, -0.005884401713044104], [0.24143408410593115, 0.9704167308170154, -0.0009754908235079449, -0.003183110355770369], [-0.139034833004775, 0.035585886877896614, 0.9896478969140733, 0.005415325368577917], [0.0, 0.0, 0.0, 1.0]], "antennas": [0.6335598980593435, -0.54958377098642], "body_yaw": 0.3140723397810006, "check_collision": false}, {"head": [[0.960455627414035, -0.2386431271888833, 0.14343795039745585, -0.0058835277699378005], [0.24128631136265888, 0.9704533897555129, -0.0010650169185326581, -0.0032201546958631495], [-0.13894568621484646, 0.035632515453518004, 0.9896587392251636, 0.005427339915473395], [0.0, 0.0, 0.0, 1.0]], "antennas": [0.6335598980593435, -0.54958377098642], "body_yaw": 0.3140723397810006, "check_collision": false}, {"head": [[0.9604481226463697, -0.23880366893422322, 0.1432208483727753, -0.005974491598858683], [0.24146894007734998, 0.9704077213202004, -0.0012670359336522038, -0.0031729762147615307], [-0.13868004428534317, 0.03580030873735466, 0.9896899429676574, 0.00551415188640203], [0.0, 0.0, 0.0, 1.0]], "antennas": [0.6335598980593435, -0.54958377098642], "body_yaw": 0.3140723397810006, "check_collision": false}, {"head": [[0.960334303523126, -0.23909949655905519, 0.1434902652515441, -0.005959215550566336], [0.24178132692488422, 0.9703299018856676, -0.001292848402783025, -0.0032043757129890434], [-0.13892377560084665, 0.03593483340376957, 0.9896508840601561, 0.005512482306721966], [0.0, 0.0, 0.0, 1.0]], "antennas": [0.6335598980593435, -0.54958377098642], "body_yaw": 0.3140723397810006, "check_collision": false}, {"head": [[0.9602840139707037, -0.2390571897223989, 0.1438967426814873, -0.0059742250812675445], [0.2416999873419143, 0.9703505979486958, -0.000912786681960355, -0.00319900563629273], [-0.13941208208484537, 0.03565637534351008, 0.9895922868869437, 0.005528484493932617], [0.0, 0.0, 0.0, 1.0]], "antennas": [0.6335598980593435, -0.54958377098642], "body_yaw": 0.3140723397810006, "check_collision": false}, {"head": [[0.9603001828541609, -0.2390312126504743, 0.14383197902103984, -0.006009398702273964], [0.2416569740911191, 0.9703614017391504, -0.0008104862462099335, -0.0031981283327264885], [-0.1393752692675042, 0.03553631091819799, 0.9896017910871705, 0.0055505361484681215], [0.0, 0.0, 0.0, 1.0]], "antennas": [0.6335598980593435, -0.54958377098642], "body_yaw": 0.3140723397810006, "check_collision": false}, {"head": [[0.9602123456403393, -0.23957336645641222, 0.14351603870167007, -0.005999516192564003], [0.2422274565881908, 0.9702189183859219, -0.0010534139110404545, -0.0031741692701467168], [-0.13898960592322646, 0.03577502607676821, 0.9896474306309863, 0.005539416353570248], [0.0, 0.0, 0.0, 1.0]], "antennas": [0.6335598980593435, -0.54958377098642], "body_yaw": 0.3140723397810006, "check_collision": false}, {"head": [[0.9600778792774071, -0.2401386295612852, 0.14347091800997444, -0.006027601874269702], [0.242783115506065, 0.9700801240969732, -0.0009548073995489688, -0.003168928824971261], [-0.13894899980699996, 0.03574900592225415, 0.9896540729104313, 0.005558473870984182], [0.0, 0.0, 0.0, 1.0]], "antennas": [0.6335598980593435, -0.54958377098642], "body_yaw": 0.3140723397810006, "check_collision": false}, {"head": [[0.9600359051420033, -0.24013287084907242, 0.14376113931086096, -0.005955772269191906], [0.2427730765295778, 0.9700827344832998, -0.0008494526279785898, -0.0031601972070122667], [-0.13925621763690785, 0.03571683909847162, 0.9896120518942136, 0.005549606557439968], [0.0, 0.0, 0.0, 1.0]], "antennas": [0.6335598980593435, -0.54958377098642], "body_yaw": 0.3140723397810006, "check_collision": false}, {"head": [[0.9600510556092673, -0.24004900095279907, 0.14380002699963113, -0.00595332416211606], [0.24267914509576288, 0.9701062999710118, -0.0007741396146204518, -0.003140047590896035], [-0.13931548068725613, 0.03564048117122342, 0.9896064636726877, 0.0055645174916295614], [0.0, 0.0, 0.0, 1.0]], "antennas": [0.6335598980593435, -0.54958377098642], "body_yaw": 0.3140723397810006, "check_collision": false}, {"head": [[0.9600748378572004, -0.23991213982752901, 0.14386963153093238, -0.005914919070498004], [0.24254446319571815, 0.9701399755428517, -0.0007818099614332295, -0.003059366338915641], [-0.13938611511399193, 0.03564537862179391, 0.9895963408866959, 0.0053709705045209555], [0.0, 0.0, 0.0, 1.0]], "antennas": [0.6335598980593435, -0.54958377098642], "body_yaw": 0.3140723397810006, "check_collision": false}, {"head": [[0.9600172813045041, -0.2401195560677538, 0.14390767314682523, -0.005945938068523039], [0.24275314126011358, 0.9700877931544492, -0.0007654940091818899, -0.0027739421415904856], [-0.1394192669793382, 0.03566892718537521, 0.9895908223242516, 0.005155589168493235], [0.0, 0.0, 0.0, 1.0]], "antennas": [0.6335598980593435, -0.54958377098642], "body_yaw": 0.3140723397810006, "check_collision": false}, {"head": [[0.959917222662905, -0.24049427650697958, 0.1439493959783053, -0.005960018792030036], [0.2431230612775192, 0.9699952047270144, -0.000692734902282572, -0.0030576875372762945], [-0.13946362504317078, 0.03566238598273615, 0.9895848076419909, 0.005338781890757316], [0.0, 0.0, 0.0, 1.0]], "antennas": [0.6335598980593435, -0.54958377098642], "body_yaw": 0.3140723397810006, "check_collision": false}, {"head": [[0.9597454996586122, -0.24109347779416365, 0.14409202215999226, -0.0059560803275796395], [0.24368718840651868, 0.9698538151188713, -0.00036263741660951324, -0.0030544405731050914], [-0.13966076790411278, 0.035461419380577106, 0.9895642261338817, 0.005329326813590662], [0.0, 0.0, 0.0, 1.0]], "antennas": [0.6335598980593435, -0.54958377098642], "body_yaw": 0.3140723397810006, "check_collision": false}, {"head": [[0.9594380451497315, -0.24237239886794767, 0.14399395051965938, -0.006067989522514493], [0.24485378246594722, 0.9695598854946417, 0.0005036384970428867, -0.003154005082336318], [-0.1397328262484526, 0.03477425350188807, 0.9895784398227389, 0.005555794239500034], [0.0, 0.0, 0.0, 1.0]], "antennas": [0.6335598980593435, -0.54958377098642], "body_yaw": 0.3140723397810006, "check_collision": false}, {"head": [[0.9589927374618955, -0.24393101424839497, 0.14432806304766002, -0.00609032005416648], [0.2463305705255298, 0.9691850215479461, 0.0012821979856653364, -0.0031559440559049915], [-0.1401933647499303, 0.0343227955571334, 0.9895290628300092, 0.005562805208035648], [0.0, 0.0, 0.0, 1.0]], "antennas": [0.6335598980593435, -0.54958377098642], "body_yaw": 0.3140723397810006, "check_collision": false}, {"head": [[0.9583804608281429, -0.2460719586606786, 0.14476008933312054, -0.006083869251747618], [0.24833466386634623, 0.9686710394851975, 0.002512366425322432, -0.003083734292440311], [-0.14084312913743638, 0.033541145233333076, 0.9894635943536332, 0.005601106791283672], [0.0, 0.0, 0.0, 1.0]], "antennas": [0.6335598980593435, -0.54958377098642], "body_yaw": 0.3140723397810006, "check_collision": false}, {"head": [[0.9577118795700684, -0.24854545397036296, 0.1449590046910936, -0.006109735592363823], [0.25066411021092094, 0.9680668306777134, 0.0037570192672297734, -0.0030779944706037423], [-0.1412637943088518, 0.03273787794395411, 0.9894305290242427, 0.005621854098957546], [0.0, 0.0, 0.0, 1.0]], "antennas": [0.6335598980593435, -0.54958377098642], "body_yaw": 0.3140723397810006, "check_collision": false}, {"head": [[0.9568984966562974, -0.2513983467299331, 0.14541024158694868, -0.006077811958462496], [0.25331569455549496, 0.9673681260953099, 0.005483384604093543, -0.003362704742028969], [-0.14204374674298628, 0.031587653858834816, 0.9893562523858175, 0.005661517018129669], [0.0, 0.0, 0.0, 1.0]], "antennas": [0.6335598980593435, -0.54958377098642], "body_yaw": 0.3140723397810006, "check_collision": false}, {"head": [[0.9560535374132775, -0.2542399695534224, 0.14602626983194958, -0.006091037457716449], [0.2559293395319258, 0.966667028578509, 0.0074181551579906874, -0.0034128506723077167], [-0.1430447718943644, 0.03028025331252409, 0.9892528996636898, 0.005649932736218277], [0.0, 0.0, 0.0, 1.0]], "antennas": [0.6335598980593435, -0.54958377098642], "body_yaw": 0.3140723397810006, "check_collision": false}, {"head": [[0.9547491065531996, -0.2588858665698307, 0.14639758067077363, -0.005910887486365261], [0.26016920668148835, 0.9655043066508401, 0.01064977621390285, -0.003627137246055708], [-0.14410457116480668, 0.027920278097989106, 0.9891685046746781, 0.005499052642182867], [0.0, 0.0, 0.0, 1.0]], "antennas": [0.6335598980593435, -0.54958377098642], "body_yaw": 0.3140723397810006, "check_collision": false}, {"h