{"description": "An animated negative response, for example, when you don\u2019t want to do something but want to explain it playfully.", "time": [0.0, 0.010041475296020508, 0.020130157470703125, 0.030249595642089844, 0.040224313735961914, 0.05024838447570801, 0.06033515930175781, 0.07044768333435059, 0.08046126365661621, 0.0904688835144043, 0.10057997703552246, 0.11054825782775879, 0.12060976028442383, 0.13069534301757812, 0.14075994491577148, 0.1508948802947998, 0.1609039306640625, 0.17112326622009277, 0.1811666488647461, 0.19111418724060059, 0.20123958587646484, 0.21125292778015137, 0.22127103805541992, 0.23143458366394043, 0.24140191078186035, 0.2514793872833252, 0.2615082263946533, 0.2715020179748535, 0.28162384033203125, 0.2916984558105469, 0.3017768859863281, 0.31176161766052246, 0.32179760932922363, 0.33210039138793945, 0.3420536518096924, 0.3521580696105957, 0.3622469902038574, 0.372760534286499, 0.38229942321777344, 0.39281725883483887, 0.40239930152893066, 0.41246652603149414, 0.42247533798217773, 0.4326744079589844, 0.444089412689209, 0.4527122974395752, 0.4628593921661377, 0.472806453704834, 0.48338866233825684, 0.49291205406188965, 0.5030422210693359, 0.51318359375, 0.5230746269226074, 0.5332348346710205, 0.5432248115539551, 0.5532817840576172, 0.56345534324646, 0.5734198093414307, 0.5834901332855225, 0.5934863090515137, 0.6035909652709961, 0.6136558055877686, 0.6236748695373535, 0.6337709426879883, 0.6437792778015137, 0.6538376808166504, 0.6638991832733154, 0.6739745140075684, 0.6840343475341797, 0.6940937042236328, 0.7041547298431396, 0.7142190933227539, 0.724285364151001, 0.7344563007354736, 0.7444307804107666, 0.7544817924499512, 0.7644987106323242, 0.7745490074157715, 0.7848198413848877, 0.7946732044219971, 0.8046913146972656, 0.8148362636566162, 0.8249385356903076, 0.8349614143371582, 0.8450202941894531, 0.8550035953521729, 0.8651688098907471, 0.8751652240753174, 0.885199785232544, 0.8952653408050537, 0.9053440093994141, 0.9154586791992188, 0.9254570007324219, 0.9355423450469971, 0.9455826282501221, 0.9556777477264404, 0.9657797813415527, 0.9757351875305176, 0.9858138561248779, 0.9959306716918945, 1.0059771537780762, 1.0160198211669922, 1.026052474975586, 1.0362403392791748, 1.0462353229522705, 1.0562312602996826, 1.066359043121338, 1.0763678550720215, 1.0864195823669434, 1.0965898036956787, 1.106598138809204, 1.11665940284729, 1.1267194747924805, 1.1368217468261719, 1.1468079090118408, 1.1568591594696045, 1.1670029163360596, 1.176927089691162, 1.187041997909546, 1.197152853012085, 1.2072441577911377, 1.217301368713379, 1.2273311614990234, 1.2373871803283691, 1.2474870681762695, 1.2575790882110596, 1.2675936222076416, 1.2776997089385986, 1.287672519683838, 1.2978198528289795, 1.307788610458374, 1.3178346157073975, 1.328047275543213, 1.338238000869751, 1.348139762878418, 1.3581397533416748, 1.3682420253753662, 1.3782424926757812, 1.3883795738220215, 1.3989448547363281, 1.4097340106964111, 1.4187729358673096, 1.4288253784179688, 1.4386894702911377, 1.4486727714538574, 1.4587225914001465, 1.4688982963562012, 1.4789831638336182, 1.4888837337493896, 1.4990050792694092, 1.5090291500091553, 1.519118070602417, 1.5292589664459229, 1.5392627716064453, 1.54933762550354, 1.5594453811645508, 1.5694794654846191, 1.5794789791107178, 1.5895354747772217, 1.5996346473693848, 1.609665870666504, 1.6196916103363037, 1.6297979354858398, 1.6398115158081055, 1.649876356124878, 1.6599042415618896, 1.670027494430542, 1.680055856704712, 1.69014310836792, 1.700249195098877, 1.7102692127227783, 1.7203009128570557, 1.7304308414459229, 1.7415432929992676, 1.7506992816925049, 1.7605748176574707, 1.7706282138824463, 1.7807292938232422, 1.7907285690307617, 1.8008089065551758, 1.8108408451080322, 1.8208842277526855, 1.8314077854156494, 1.8411309719085693, 1.851163625717163, 1.86124587059021, 1.8712692260742188, 1.8813157081604004, 1.8914318084716797, 1.9014911651611328, 1.9114785194396973, 1.9215404987335205, 1.931612491607666, 1.9416944980621338, 1.9517061710357666, 1.9618685245513916, 1.97186279296875, 1.9819331169128418, 1.9920194149017334, 2.0020575523376465, 2.0121347904205322, 2.022193670272827, 2.0323448181152344, 2.0422661304473877, 2.0523157119750977, 2.0624101161956787, 2.0725393295288086, 2.08245587348938, 2.092514753341675, 2.102612257003784, 2.1126809120178223, 2.122636318206787, 2.1328067779541016, 2.1427764892578125, 2.15286922454834, 2.163109302520752, 2.172996759414673, 2.1830544471740723, 2.193180561065674, 2.2031962871551514, 2.2132482528686523, 2.22332763671875, 2.2334535121917725, 2.2434542179107666, 2.2534501552581787, 2.263592481613159, 2.273667097091675, 2.2836687564849854, 2.293726682662964, 2.303849220275879, 2.313882350921631, 2.3241491317749023, 2.335289716720581, 2.344265937805176, 2.3541629314422607, 2.3642542362213135, 2.3744757175445557, 2.3845813274383545, 2.394439458847046, 2.404489278793335, 2.4145734310150146, 2.424560308456421, 2.4346096515655518, 2.444650888442993, 2.454730272293091, 2.4650654792785645, 2.4755454063415527, 2.485626697540283, 2.495248317718506, 2.5052976608276367, 2.515270233154297, 2.525334358215332, 2.535491943359375, 2.545466184616089, 2.555544137954712, 2.565690517425537, 2.5757415294647217, 2.5857157707214355, 2.5957818031311035, 2.6058149337768555, 2.6159491539001465, 2.6259682178497314, 2.636009693145752, 2.6460530757904053, 2.6563682556152344, 2.6663973331451416, 2.676262378692627, 2.6863396167755127, 2.696420431137085, 2.706474542617798, 2.7164840698242188, 2.7266547679901123, 2.7367286682128906, 2.746724843978882, 2.756709098815918, 2.766822338104248, 2.776827335357666, 2.7869651317596436, 2.797077178955078, 2.8070197105407715, 2.8171138763427734, 2.8271543979644775, 2.8372907638549805, 2.847275972366333, 2.8573060035705566, 2.867541551589966, 2.8775126934051514, 2.8874588012695312, 2.8975508213043213, 2.907587766647339, 2.9176642894744873, 2.9277360439300537, 2.9377601146698, 2.9478793144226074, 2.957998514175415, 2.968003511428833, 2.978015661239624, 2.988079071044922, 2.9981844425201416, 3.0082573890686035, 3.018307685852051, 3.0283005237579346, 3.0384409427642822, 3.0484368801116943, 3.058441400527954, 3.0685391426086426, 3.0786244869232178, 3.08866286277771, 3.0987305641174316, 3.108757495880127, 3.1189279556274414, 3.129021644592285, 3.138955593109131, 3.148977279663086, 3.159118413925171, 3.1692447662353516, 3.179351568222046, 3.1892294883728027, 3.1993696689605713, 3.209398031234741, 3.2194576263427734, 3.2296018600463867, 3.2395613193511963, 3.249638080596924, 3.2597222328186035, 3.269780397415161, 3.2798283100128174, 3.2898030281066895, 3.2999885082244873, 3.309934377670288, 3.32002592086792, 3.330202102661133, 3.3402962684631348, 3.3502581119537354, 3.3602890968322754, 3.3704755306243896, 3.3804516792297363, 3.390691041946411, 3.4011051654815674, 3.4110801219940186, 3.420992136001587, 3.431049346923828, 3.4410929679870605, 3.4511497020721436, 3.461185932159424, 3.4713551998138428, 3.48138165473938, 3.4914042949676514, 3.501509428024292, 3.5115134716033936, 3.5215728282928467, 3.5315988063812256, 3.5417041778564453, 3.5517396926879883, 3.5618555545806885, 3.571866512298584, 3.5819311141967773, 3.5919387340545654, 3.6023192405700684, 3.612114191055298, 3.6221742630004883, 3.6322779655456543, 3.642359495162964, 3.6523351669311523, 3.6624910831451416, 3.6727147102355957, 3.682725429534912, 3.6925790309906006, 3.702714204788208, 3.7127156257629395, 3.72281813621521, 3.732933759689331, 3.7428982257843018, 3.753056049346924, 3.763298749923706, 3.773175001144409, 3.7832138538360596, 3.793213367462158, 3.8033440113067627, 3.8133575916290283, 3.8233869075775146, 3.8334968090057373, 3.843527317047119, 3.8535549640655518, 3.863687753677368, 3.8737192153930664, 3.883754014968872, 3.893803358078003, 3.9038660526275635, 3.9139790534973145, 3.9239938259124756, 3.9341514110565186, 3.9441521167755127, 3.954282760620117, 3.9644110202789307, 3.9743475914001465, 3.984407663345337, 3.9944255352020264, 4.0045671463012695, 4.01461386680603, 4.024677753448486, 4.03478741645813, 4.044826984405518, 4.05479097366333, 4.064906120300293, 4.074959993362427, 4.084974765777588, 4.095069408416748, 4.105288505554199, 4.115249872207642, 4.125349044799805, 4.1353981494903564, 4.1454176902771, 4.155443906784058, 4.165541172027588, 4.175612211227417, 4.1855833530426025, 4.195629358291626, 4.205754041671753, 4.215780019760132, 4.225839138031006, 4.23591947555542, 4.246070146560669, 4.256048679351807, 4.2661659717559814, 4.276165723800659, 4.286251783370972, 4.296356678009033, 4.30632472038269, 4.316421747207642, 4.326521396636963, 4.337681531906128, 4.348424673080444, 4.356922149658203, 4.367230653762817, 4.377161502838135, 4.387232303619385, 4.397472381591797, 4.407454490661621, 4.41746973991394, 4.427618741989136, 4.437588453292847, 4.447618007659912, 4.457707405090332, 4.467834234237671, 4.478299856185913, 4.488005876541138, 4.498217344284058], "set_target_data": [{"head": [[0.9965628121558534, -0.07277796490230445, -0.03957182397485027, -0.012338322161975095], [0.06999440965966128, 0.9952486048344706, -0.06768306428816369, -0.006783991921891445], [0.04430963827896937, 0.06468061842406213, 0.9969217991175978, -0.00467837646667868], [0.0, 0.0, 0.0, 1.0]], "antennas": [-0.05586456342285101, 0.04027924408946202], "body_yaw": 0.10184354114237483, "check_collision": false}, {"head": [[0.996561222650497, -0.07283341324492738, -0.03950978896983989, -0.012349158124991776], [0.07004772185141951, 0.9952355265962375, -0.06782008009533014, -0.006794194182155794], [0.04426111355099205, 0.06481929123188918, 0.9969149478824273, -0.004678672238862203], [0.0, 0.0, 0.0, 1.0]], "antennas": [-0.05586456342285101, 0.04027924408946202], "body_yaw": 0.10184354114237483, "check_collision": false}, {"head": [[0.996545185569371, -0.07302374856625318, -0.03956292789772044, -0.01236545286650187], [0.07022824574033393, 0.9952134341424823, -0.0679574425840322, -0.006766932428772843], [0.04433606453828373, 0.06494422720811603, 0.9969034861678423, -0.0045668506897523775], [0.0, 0.0, 0.0, 1.0]], "antennas": [-0.05586456342285101, 0.04027924408946202], "body_yaw": 0.10184354114237483, "check_collision": false}, {"head": [[0.9965490710894649, -0.07301431827119483, -0.039482378830532634, -0.01243019355430424], [0.07021826736002916, 0.9952052069738648, -0.06808811159859555, -0.006545434138137152], [0.04426447604660525, 0.0650807601330839, 0.9968977634746805, -0.004747311104843388], [0.0, 0.0, 0.0, 1.0]], "antennas": [-0.05586456342285101, 0.04027924408946202], "body_yaw": 0.10184354114237483, "check_collision": false}, {"head": [[0.9965367786657932, -0.07314056031634772, -0.039558908010896315, -0.012382429620297751], [0.07033600550633337, 0.9951917460191104, -0.06816329646406011, -0.006765379500318865], [0.04435420043036396, 0.06514481630985697, 0.9968895915858175, -0.0046829226871680785], [0.0, 0.0, 0.0, 1.0]], "antennas": [-0.05586456342285101, 0.04027924408946202], "body_yaw": 0.10184354114237483, "check_collision": false}, {"head": [[0.9965301660865331, -0.07323784058322313, -0.039545502731069465, -0.012398613174210121], [0.07042736752363729, 0.9951750178013176, -0.06831302839018195, -0.00677470669207437], [0.04435779506735145, 0.06529090787279405, 0.9968798740901078, -0.004682884202458881], [0.0, 0.0, 0.0, 1.0]], "antennas": [-0.05586456342285101, 0.04027924408946202], "body_yaw": 0.10184354114237483, "check_collision": false}, {"head": [[0.9964994276314597, -0.07367349075847614, -0.039510852808244, -0.012428418086475702], [0.07084897399654429, 0.9951207849181745, -0.06866619479390221, -0.006838867857158256], [0.04437694912689448, 0.06562652042656128, 0.9968569838261113, -0.004594399324388876], [0.0, 0.0, 0.0, 1.0]], "antennas": [-0.05586456342285101, 0.04027924408946202], "body_yaw": 0.10184354114237483, "check_collision": false}, {"head": [[0.996489209499589, -0.07381095614062262, -0.039511999500035325, -0.012442910618251517], [0.07097702045464031, 0.9950974563281539, -0.06887172842769941, -0.00684863652482396], [0.04440177832323025, 0.06582549022107083, 0.9968427593752637, -0.004590528257908955], [0.0, 0.0, 0.0, 1.0]], "antennas": [-0.05586456342285101, 0.04027924408946202], "body_yaw": 0.10184354114237483, "check_collision": false}, {"head": [[0.9964720959146377, -0.07391444374549905, -0.039749428540326044, -0.012429666589945099], [0.0710601238354911, 0.9950844334105233, -0.06897411967210923, -0.00688127896270334], [0.04465222126584186, 0.06590618627906816, 0.9968262404984005, -0.004482414693088965], [0.0, 0.0, 0.0, 1.0]], "antennas": [-0.05586456342285101, 0.04027924408946202], "body_yaw": 0.10184354114237483, "check_collision": false}, {"head": [[0.9964643773247479, -0.07399855954509846, -0.03978640355766037, -0.012435796597071242], [0.07113082431434081, 0.9950625713989982, -0.06921621799243256, -0.00688588129271658], [0.04471186145940332, 0.06614145588104393, 0.996807984146782, -0.0044791210457639785], [0.0, 0.0, 0.0, 1.0]], "antennas": [-0.05586456342285101, 0.04027924408946202], "body_yaw": 0.10184354114237483, "check_collision": false}, {"head": [[0.9964618382968039, -0.07409375690237967, -0.039672660690277604, -0.012437187864643873], [0.07122516673243319, 0.9950429713639857, -0.06940072595490679, -0.006863021091416793], [0.044618162692920536, 0.06632948309177483, 0.9967996886188752, -0.004514460474713156], [0.0, 0.0, 0.0, 1.0]], "antennas": [-0.05586456342285101, 0.04027924408946202], "body_yaw": 0.10184354114237483, "check_collision": false}, {"head": [[0.9964647060702745, -0.07399474055878928, -0.03978527272647039, -0.012454265423556383], [0.07111855460255538, 0.9950502022212233, -0.06940638479813434, -0.006879365782900474], [0.044724051108162306, 0.06633154173649823, 0.9967948062782702, -0.004499082146680378], [0.0, 0.0, 0.0, 1.0]], "antennas": [-0.05586456342285101, 0.04027924408946202], "body_yaw": 0.10184354114237483, "check_collision": false}, {"head": [[0.9964678851214246, -0.07383563300944357, -0.04000066524109297, -0.01244725244960631], [0.07093956648593017, 0.9950540057588062, -0.06953490871599417, -0.006818511979676119], [0.04493697618246592, 0.06645167357898608, 0.9967772284969837, -0.004580458015062239], [0.0, 0.0, 0.0, 1.0]], "antennas": [-0.05586456342285101, 0.04027924408946202], "body_yaw": 0.10184354114237483, "check_collision": false}, {"head": [[0.9964633070940803, -0.07384440119715754, -0.0400984042944596, -0.012455210699134148], [0.07093353743200029, 0.9950416163013666, -0.06971811167657213, -0.0068432193958374386], [0.04504787322961777, 0.06662721846360695, 0.9967605042723608, -0.004579231654445848], [0.0, 0.0, 0.0, 1.0]], "antennas": [-0.05586456342285101, 0.04027924408946202], "body_yaw": 0.10184354114237483, "check_collision": false}, {"head": [[0.9964532098067435, -0.07402764179274952, -0.04001135984245511, -0.012431582756688365], [0.0711167409187946, 0.9950198589756751, -0.06984188861361416, -0.006714467123276958], [0.04498232794028242, 0.06674869657627634, 0.996755336919969, -0.004613679830490547], [0.0, 0.0, 0.0, 1.0]], "antennas": [-0.05586456342285101, 0.04027924408946202], "body_yaw": 0.10184354114237483, "check_collision": false}, {"head": [[0.9964584491464968, -0.07401803299637684, -0.039898495158411554, -0.012420246076945012], [0.0711127407192061, 0.9950170988871313, -0.06988527047697334, -0.006728113984514256], [0.044872455158610255, 0.06680047689638167, 0.9967568204203343, -0.004612693626046549], [0.0, 0.0, 0.0, 1.0]], "antennas": [-0.05586456342285101, 0.04027924408946202], "body_yaw": 0.10184354114237483, "check_collision": false}, {"head": [[0.9964551613137261, -0.07404755608644799, -0.03992581782331519, -0.012394267752743451], [0.07114183424804883, 0.9950172662679607, -0.06985326941852794, -0.006837802196466295], [0.04489934198915791, 0.06676525493292636, 0.9967579695305586, -0.004593548559701177], [0.0, 0.0, 0.0, 1.0]], "antennas": [-0.05586456342285101, 0.04027924408946202], "body_yaw": 0.10184354114237483, "check_collision": false}, {"head": [[0.996457801820484, -0.07404414981173076, -0.03986618955640426, -0.0123881502552757], [0.07113987582530847, 0.9950134324722195, -0.0699098510040742, -0.006856005574577219], [0.044843809591167384, 0.06682614068244651, 0.9967563893263195, -0.004588009727115372], [0.0, 0.0, 0.0, 1.0]], "antennas": [-0.05586456342285101, 0.04027924408946202], "body_yaw": 0.10184354114237483, "check_collision": false}, {"head": [[0.9964491310930456, -0.07414554298103126, -0.0398944557546881, -0.01236606080768815], [0.07123611186905318, 0.995001679515618, -0.06997909778554778, -0.006888336806154765], [0.044883688681908285, 0.0668886852699884, 0.9967503991838469, -0.004539542770856775], [0.0, 0.0, 0.0, 1.0]], "antennas": [-0.05586456342285101, 0.04027924408946202], "body_yaw": 0.10184354114237483, "check_collision": false}, {"head": [[0.9964508157782587, -0.07406835456770086, -0.039995632092468605, -0.012360528941165932], [0.07114845976515069, 0.9950020315746846, -0.07006321313854391, -0.00689875353845636], [0.04498520209901799, 0.06696891826723533, 0.9967404354084501, -0.004527340968018434], [0.0, 0.0, 0.0, 1.0]], "antennas": [-0.05586456342285101, 0.04027924408946202], "body_yaw": 0.10184354114237483, "check_collision": false}, {"head": [[0.9964461811909466, -0.07409360983240745, -0.04006426053207429, -0.012393645662646786], [0.07116954843741696, 0.9950012620181574, -0.07005272269860659, -0.0068738082356954115], [0.04505444889456657, 0.06695241268450812, 0.9967384165720362, -0.004539251019537782], [0.0, 0.0, 0.0, 1.0]], "antennas": [-0.05586456342285101, 0.04027924408946202], "body_yaw": 0.10184354114237483, "check_collision": false}, {"head": [[0.9964392409629285, -0.07415146966006318, -0.040129772195664166, -0.012470847538595318], [0.0712220716438366, 0.994996167887188, -0.07007169471741753, -0.0068790607974362344], [0.04512488869773947, 0.06696406078683911, 0.996734447575157, -0.004482040228767636], [0.0, 0.0, 0.0, 1.0]], "antennas": [-0.05586456342285101, 0.04027924408946202], "body_yaw": 0.10184354114237483, "check_collision": false}, {"head": [[0.9964386900281474, -0.07413817494543869, -0.04016799759446255, -0.01247550940971369], [0.0712052569923569, 0.9949958560012709, -0.07009320877909955, -0.006890139529795352], [0.0451635737253113, 0.06698341254413334, 0.996731395137276, -0.00447512821203333], [0.0, 0.0, 0.0, 1.0]], "antennas": [-0.05586456342285101, 0.04027924408946202], "body_yaw": 0.10184354114237483, "check_collision": false}, {"head": [[0.9964455590936783, -0.074072947928766, -0.040117903081152546, -0.01248484114482009], [0.07114114262785813, 0.994996792920523, -0.07014499200567435, -0.0069005660648933185], [0.04511303124474319, 0.06704163231168893, 0.9967297697715739, -0.004467707694324918], [0.0, 0.0, 0.0, 1.0]], "antennas": [-0.05586456342285101, 0.04027924408946202], "body_yaw": 0.10184354114237483, "check_collision": false}, {"head": [[0.996438494076182, -0.07420402402396119, -0.04005109663719873, -0.012417289582119451], [0.07127280348087618, 0.9949815792552406, -0.0702270918287526, -0.0069611010479329275], [0.04506123619217793, 0.06712242368537534, 0.9967266752883831, -0.004516662312973874], [0.0, 0.0, 0.0, 1.0]], "antennas": [-0.05586456342285101, 0.04027924408946202], "body_yaw": 0.10184354114237483, "check_collision": false}, {"head": [[0.9964401339423038, -0.07422529200831349, -0.039970808039426126, -0.012415551372228845], [0.0712933125856047, 0.9949705196013411, -0.07036283610549804, -0.0069807241110298665], [0.04499247770033696, 0.06726270252166883, 0.9967203247651102, -0.0045175466969692435], [0.0, 0.0, 0.0, 1.0]], "antennas": [-0.05586456342285101, 0.04027924408946202], "body_yaw": 0.10184354114237483, "check_collision": false}, {"head": [[0.9964385149806025, -0.07423002119827707, -0.04000237263156938, -0.012356348251694953], [0.07129533187139248, 0.9949694730881484, -0.07037558721630845, -0.006927490288012135], [0.04502512095041613, 0.06727296318429542, 0.9967181582111388, -0.00450833250808691], [0.0, 0.0, 0.0, 1.0]], "antennas": [-0.05586456342285101, 0.04027924408946202], "body_yaw": 0.10184354114237483, "check_collision": false}, {"head": [[0.9964450119734451, -0.07418873117811407, -0.039917042468382985, -0.01234128918187202], [0.07125548405643607, 0.9949654677889306, -0.0704725045633964, -0.006943302525348277], [0.04494434452880751, 0.06737766747028623, 0.9967147314157344, -0.004514451916418638], [0.0, 0.0, 0.0, 1.0]], "antennas": [-0.05586456342285101, 0.04027924408946202], "body_yaw": 0.10184354114237483, "check_collision": false}, {"head": [[0.9964432262498071, -0.07424032607735208, -0.039865659969502754, -0.012390783384449721], [0.07130500624391299, 0.9949533210934595, -0.07059380234588944, -0.006906669416677946], [0.04490537768943832, 0.06750009502973617, 0.9967082041528228, -0.004625682884456972], [0.0, 0.0, 0.0, 1.0]], "antennas": [-0.05586456342285101, 0.04027924408946202], "body_yaw": 0.10184354114237483, "check_collision": false}, {"head": [[0.9964529310003397, -0.07424803971285039, -0.039607889360973085, -0.012378043449438426], [0.07132634739771453, 0.9949457790663733, -0.07067848954885776, -0.0069239992347998255], [0.04465544163629596, 0.06760270199338518, 0.9967124792112622, -0.004642186487044508], [0.0, 0.0, 0.0, 1.0]], "antennas": [-0.05586456342285101, 0.04027924408946202], "body_yaw": 0.10184354114237483, "check_collision": false}, {"head": [[0.9964580746455525, -0.07424506796069658, -0.0394838619842391, -0.012381606185521924], [0.07133199825078224, 0.9949457206625557, -0.07067360865852422, -0.006930499673326205], [0.044531466394329464, 0.0676068252381324, 0.9967177462461434, -0.004510124287287698], [0.0, 0.0, 0.0, 1.0]], "antennas": [-0.05586456342285101, 0.04027924408946202], "body_yaw": 0.10184354114237483, "check_collision": false}, {"head": [[0.9964588958933772, -0.07428025846735627, -0.03939685262776912, -0.012388608723831546], [0.07136983855483957, 0.9949379237848618, -0.07074513382081192, -0.006938266779770524], [0.044452389582648404, 0.06768287092530277, 0.9967161150717395, -0.004508134164935118], [0.0, 0.0, 0.0, 1.0]], "antennas": [-0.05586456342285101, 0.04027924408946202], "body_yaw": 0.10184354114237483, "check_collision": false}, {"head": [[0.9964481249279603, -0.07434305999069839, -0.03955052159923466, -0.012416681994793215], [0.07141788021677008, 0.9949277266151052, -0.07083999716150254, -0.006864839380371062], [0.04461637269988664, 0.06776376792739632, 0.9967032913778237, -0.004557861370354854], [0.0, 0.0, 0.0, 1.0]], "antennas": [-0.05586456342285101, 0.04027924408946202], "body_yaw": 0.10184354114237483, "check_collision": false}, {"head": [[0.9964534298952369, -0.07431560381353308, -0.03946838076040527, -0.01241368967513844], [0.07138928476131987, 0.9949189999506497, -0.07099122170005431, -0.006859760484136938], [0.04454359742191381, 0.0679218268822995, 0.9966957877716176, -0.00456404491542961], [0.0, 0.0, 0.0, 1.0]], "antennas": [-0.05586456342285101, 0.04027924408946202], "body_yaw": 0.10184354114237483, "check_collision": false}, {"head": [[0.9964707024103956, -0.07426459244801337, -0.039126839206140705, -0.012355034710005385], [0.07135524185936332, 0.9949112094337065, -0.07113448391849767, -0.006794370102657966], [0.044210504373106606, 0.06809152408111976, 0.9966990396560967, -0.00461368837325693], [0.0, 0.0, 0.0, 1.0]], "antennas": [-0.05586456342285101, 0.04027924408946202], "body_yaw": 0.10184354114237483, "check_collision": false}, {"head": [[0.9964711185461647, -0.07428340770296663, -0.03908049696959331, -0.01233986886383976], [0.07137492198266085, 0.9949061391842524, -0.07118563566797813, -0.006797740919402601], [0.044169337954339215, 0.06814506257624157, 0.9966972057907836, -0.004622596866568185], [0.0, 0.0, 0.0, 1.0]], "antennas": [-0.05586456342285101, 0.04027924408946202], "body_yaw": 0.10184354114237483, "check_collision": false}, {"head": [[0.9964787396968918, -0.07415252216169278, -0.039134700575752794, -0.012275341922040654], [0.07125072728682043, 0.9949314460098779, -0.07095598355172401, -0.006846133944554257], [0.04419790937582125, 0.06791775318540098, 0.996711454538902, -0.0046712393504620975], [0.0, 0.0, 0.0, 1.0]], "antennas": [-0.05586456342285101, 0.04027924408946202], "body_yaw": 0.10184354114237483, "check_collision": false}, {"head": [[0.9964810979271622, -0.07414639475780618, -0.03908623310447259, -0.012252793121513887], [0.07124845639147118, 0.9949324930846329, -0.07094358086697879, -0.006852840685876674], [0.04414837410041538, 0.06790910357836054, 0.99671423924587, -0.00469170624818438], [0.0, 0.0, 0.0, 1.0]], "antennas": [-0.05586456342285101, 0.04027924408946202], "body_yaw": 0.10184354114237483, "check_collision": false}, {"head": [[0.9964786190247674, -0.0741819858900878, -0.03908189857075783, -0.01226255740347187], [0.07128305144919804, 0.9949280255202875, -0.07097147744265243, -0.006806413145829481], [0.04414848131683776, 0.06793568284565006, 0.9967124232163015, -0.004689955284403413], [0.0, 0.0, 0.0, 1.0]], "antennas": [-0.05586456342285101, 0.04027924408946202], "body_yaw": 0.10184354114237483, "check_collision": false}, {"head": [[0.9965042183959711, -0.07387487429447889, -0.039010840378152715, -0.012247301925505702], [0.07097731910222069, 0.9949435281573882, -0.0710605090805731, -0.006775902704061022], [0.044063169337852974, 0.06804321219419035, 0.9967088634010436, -0.004704268448327054], [0.0, 0.0, 0.0, 1.0]], "antennas": [-0.05586456342285101, 0.04027924408946202], "body_yaw": 0.10184354114237483, "check_collision": false}, {"head": [[0.9965106955650131, -0.07377957443008203, -0.03902573537358978, -0.012225511094737521], [0.07087726682011562, 0.9949443797714325, -0.07114839569062421, -0.006780124150536164], [0.04407773443183768, 0.06813409981907358, 0.9967020105172864, -0.004719133985845669], [0.0, 0.0, 0.0, 1.0]], "antennas": [-0.05586456342285101, 0.04027924408946202], "body_yaw": 0.10184354114237483, "check_collision": false}, {"head": [[0.9965211557379491, -0.0736722792300089, -0.03896128129000062, -0.012200927400962003], [0.07077446107016634, 0.9949515704533997, -0.07115017998952586, -0.006622010904304984], [0.04400638393381649, 0.06814519590822243, 0.9967044047498237, -0.004771605501811882], [0.0, 0.0, 0.0, 1.0]], "antennas": [-0.05586456342285101, 0.04027924408946202], "body_yaw": 0.10184354114237483, "check_collision": false}, {"head": [[0.9965209731683474, -0.07359819784711168, -0.03910569407729396, -0.012225532258873042], [0.07068968949553038, 0.9949560644026545, -0.0711716074527348, -0.006722610423623198], [0.04414654952128194, 0.0681596301489238, 0.9966972193115253, -0.004685903976997308], [0.0, 0.0, 0.0, 1.0]], "antennas": [-0.05586456342285101, 0.04027924408946202], "body_yaw": 0.10184354114237483, "check_collision": false}, {"head": [[0.9965281070397596, -0.0735770756446296, -0.03896339075770943, -0.01220130618096502], [0.07067556340166771, 0.9949526039549295, -0.07123398501531666, -0.0067279522635070605], [0.04400791539723679, 0.06823290865037165, 0.9966983362881168, -0.004695486077012201], [0.0, 0.0, 0.0, 1.0]], "antennas": [-0.05586456342285101, 0.04027924408946202], "body_yaw": 0.10184354114237483, "check_collision": false}, {"head": [[0.9965427271073999, -0.07345722023683025, -0.038815330018225305, -0.012182036289904889], [0.07056527629876101, 0.9949592231781468, -0.0712508666166087, -0.006740623842106556], [0.04385356120345811, 0.0682655184395172, 0.9967029066687616, -0.004630919578073267], [0.0, 0.0, 0.0, 1.0]], "antennas": [-0.05586456342285101, 0.04027924408946202], "body_yaw": 0.10184354114237483, "check_collision": false}, {"head": [[0.9965548227798409, -0.07340914151471188, -0.03859511803729818, -0.012152726701353443], [0.07053269105928543, 0.9949621166698901, -0.07124272512830637, -0.006742034111037942], [0.04363054762635201, 0.06827506377767087, 0.9967120401500023, -0.004629417213867781], [0.0, 0.0, 0.0, 1.0]], "antennas": [-0.047480932311281566, 0.034289794797873814], "body_yaw": 0.10184354114237483, "check_collision": false}, {"head": [[0.9965646336713222, -0.07324358556097803, -0.0386562813746381, -0.012128341508599882], [0.07036173379796452, 0.9949717981607883, -0.07127655492258377, -0.006677761689318792], [0.04368246023849706, 0.06831177086607705, 0.9967072512170526, -0.004523283354140428], [0.0, 0.0, 0.0, 1.0]], "antennas": [-0.031568544798058124, 0.02248267010500751], "body_yaw": 0.10184354114237483, "check_collision": false}, {"head": [[0.996571036217255, -0.07317973495296988, -0.03861212458644366, -0.01205528505605322], [0.07029514128439222, 0.9949668988411714, -0.0714105266903202, -0.006656976219910345], [0.04364358927349243, 0.06845141782749777, 0.9966993731876886, -0.004674807450824825], [0.0, 0.0, 0.0, 1.0]], "antennas": [-0.001967509281827388, 0.0031467890104871993], "body_yaw": 0.10184354114237483, "check_collision": false}, {"head": [[0.996568678836187, -0.07312065331190122, -0.038784512655666945, -0.012038521147846926], [0.07022300097982291, 0.994969814337366, -0.07144087549054283, -0.0066543939417799715], [0.04381322284521684, 0.06847217403228993, 0.996690505065242, -0.004675206427422363], [0.0, 0.0, 0.0, 1.0]], "antennas": [0.037215579836508444, -0.02748222668651412], "body_yaw": 0.10184354114237483, "check_collision": false}, {"head": [[0.9965627444108492, -0.07313158607793765, -0.03891616078240269, -0.01201807213982447], [0.07022010357505687, 0.9949622235361146, -0.07154935911648125, -0.006648490498065722], [0.043952627978596545, 0.06857072884107407, 0.9966775916212721, -0.004682213664856882], [0.0, 0.0, 0.0, 1.0]], "antennas": [0.08084747955582164, -0.06666664738539499], "body_yaw": 0.10184354114237483, "check_collision": false}, {"head": [[0.9965722314079648, -0.07315075836839906, -0.038636176527678937, -0.011960175243926858], [0.07025913950279976, 0.9949605513335342, -0.07153428972454957, -0.006750132953227031], [0.043674259042094765, 0.06857454221646524, 0.9966895661423001, -0.0046444232183260326], [0.0, 0.0, 0.0, 1.0]], "antennas": [0.12447937927513485, -0.11029987868525323], "body_yaw": 0.10184354114237483, "check_collision": false}, {"head": [[0.9965862932802158, -0.0729259234085731, -0.03869844623505645, -0.011962957469088098], [0.07003779429179918, 0.9949882790732038, -0.07136548099526016, -0.006618066148949307], [0.04370889402330202, 0.06841150635640283, 0.9966992517210537, -0.004671478663215156], [0.0, 0.0, 0.0, 1.0]], "antennas": [0.16811127899444805, -0.15393310998511148], "body_yaw": 0.10184354114237483, "check_collision": false}, {"head": [[0.9965917385020834, -0.07293003987161234, -0.038550175534236196, -0.011924761417523879], [0.07004838657865964, 0.9949814927637678, -0.0714496507710935, -0.00661150503335119], [0.043567537078908224, 0.06850575407883341, 0.996698967276965, -0.004673627634512734], [0.0, 0.0, 0.0, 1.0]], "antennas": [0.21174317871376125, -0.1975663412849697], "body_yaw": 0.10184354114237483, "check_collision": false}, {"head": [[0.9965930143748932, -0.07300863824189402, -0.03836798719281683, -0.011920290489765301], [0.07013846337401516, 0.9949736671781074, -0.07147025659447856, -0.006430777857605643], [0.04339308302824125, 0.06853568679318042, 0.9967045198959876, -0.004804432250612889], [0.0, 0.0, 0.0, 1.0]], "antennas": [0.25537507843307444, -0.24119957258482794], "body_yaw": 0.10184354114237483, "check_collision": false}, {"head": [[0.9965917074358837, -0.07303319944588932, -0.03835518802882839, -0.01188664398939476], [0.07015635505911114, 0.9949600014322838, -0.07164273441661376, -0.006537272791172574], [0.04339417604759605, 0.06870769482791922, 0.9966926297292378, -0.004762861155671594], [0.0, 0.0, 0.0, 1.0]], "antennas": [0.29900697815238764, -0.2848328038846862], "body_yaw": 0.10184354114237483, "check_collision": false}, {"head": [[0.9965945757265751, -0.07297753545554227, -0.03838659858860719, -0.011939913230244757], [0.07009777835148297, 0.9949627381371122, -0.07166206241022056, -0.006471770760118891], [0.04342295593984998, 0.06872720740387357, 0.996690030982507, -0.004703613275884422], [0.0, 0.0, 0.0, 1.0]], "antennas": [0.34263887787170083, -0.3284660351845444], "body_yaw": 0.10184354114237483, "check_collision": false}, {"head": [[0.996609397977508, -0.07279286372503972, -0.038352403492047375, -0.011933321844156061], [0.06991737444088685, 0.994978097160099, -0.0716250439648138, -0.0064624006453884685], [0.043373593512664295, 0.06870069259022417, 0.9966940083212208, -0.0046992822084284125], [0.0, 0.0, 0.0, 1.0]], "antennas": [0.386270777591014, -0.37209926648440267], "body_yaw": 0.10184354114237483, "check_collision": false}, {"head": [[0.9966094386829075, -0.07270892497520862, -0.03851024483289507, -0.01196996537953762], [0.0698281835636754, 0.9949933741747363, -0.07149972117827283, -0.006419427057530793], [0.043516106309476846, 0.06856819654418939, 0.9966969202893825, -0.004586302125193953], [0.0, 0.0, 0.0, 1.0]], "antennas": [0.4299026773103272, -0.4157324977842609], "body_yaw": 0.10184354114237483, "check_collision": false}, {"head": [[0.9966207084595163, -0.07254725012819405, -0.038523498912859326, -0.011992120337306903], [0.06966216926336194, 0.9949989329466421, -0.07158425531194892, -0.006403566378094616], [0.04352408118702262, 0.06865872074165688, 0.9966903402877669, -0.004577785997451178], [0.0, 0.0, 0.0, 1.0]], "antennas": [0.4735345770296404, -0.45936572908411916], "body_yaw": 0.10184354114237483, "check_collision": false}, {"head": [[0.9966252937906073, -0.07255316459490661, -0.03839351617199749, -0.011904851560748442], [0.06965941203146216, 0.9949699675929949, -0.07198840117286184, -0.006347860049346456], [0.043423381860652296, 0.06907099170605777, 0.996666247051903, -0.00471670077252806], [0.0, 0.0, 0.0, 1.0]], "antennas": [0.5171664767489537, -0.5029989603839774], "body_yaw": 0.10184354114237483, "check_collision": false}, {"head": [[0.996630027020642, -0.07249740086432432, -0.03837598348905894, -0.011897688960779283], [0.06960751185932149, 0.9949778480839747, -0.07192966088435176, -0.006332076806780112], [0.04339796692921776, 0.06901600314492928, 0.996671163311305, -0.004721323105872144], [0.0, 0.0, 0.0, 1.0]], "antennas": [0.5607983764682668, -0.5466321916838356], "body_yaw": 0.10184354114237483, "check_collision": false}, {"head": [[0.9966418972078217, -0.07241695843441913, -0.038219273424560225, -0.011880838335114014], [0.06951670441539796, 0.9949485380709671, -0.07242122891574976, -0.0063107476061122665], [0.043270735344062165, 0.06952115305108836, 0.996641586901345, -0.00473329232656905], [0.0, 0.0, 0.0, 1.0]], "antennas": [0.60443027618758, -0.5902654229836939], "body_yaw": 0.10184354114237483, "check_collision": false}, {"head": [[0.9966491756658141, -0.07250748545751906, -0.037856111755976876, -0.01179317373596334], [0.06962069554897138, 0.9949214995184079, -0.07269228671131604, -0.006437891231073467], [0.04293459439578749, 0.06981313879686545, 0.9966357139172763, -0.004914870174441366], [0.0, 0.0, 0.0, 1.0]], "antennas": [0.6453244463062918, -0.6321875732831762], "body_yaw": 0.10184354114237483, "check_collision": false}, {"head": [[0.9966683687875506, -0.07231726991477815, -0.03771438890445625, -0.01184237677723456], [0.06942576565532226, 0.9949096097353914, -0.07304061554603661, -0.00623304094120548], [0.0428045058555256, 0.07017892082559243, 0.996615619659967, -0.004910232943597159], [0.0, 0.0, 0.0, 1.0]], "antennas": [0.6766365628228984, -0.6576833459790498], "body_yaw": 0.10184354114237483, "check_collision": false}, {"head": [[0.9966905092867077, -0.07209802380558779, -0.03754868388015548, -0.011829956159450348], [0.06920723459682211, 0.9949053690798475, -0.07330528804631091, -0.006237358829443396], [0.042642553596887005, 0.0704640443021906, 0.9966024438477538, -0.004928332652923584], [0.0, 0.0, 0.0, 1.0]], "antennas": [0.670304897331235, -0.6527218768682321], "body_yaw": 0.10184354114237483, "check_collision": false}, {"head": [[0.9967104968627624, -0.07183695743482088, -0.03751848864350533, -0.011827361235557918], [0.06895203416209669, 0.9949287174586359, -0.07322884787447308, -0.006245845779956287], [0.042588759414828654, 0.0704009852389965, 0.9966092006643749, -0.0049309995726748435], [0.0, 0.0, 0.0, 1.0]], "antennas": [0.670304897331235, -0.6527218768682321], "body_yaw": 0.10184354114237483, "check_collision": false}, {"head": [[0.9967257466455498, -0.07152035581943736, -0.03771769713718526, -0.011931811379627389], [0.06862897845035948, 0.9949630966877023, -0.07306503641604607, -0.0062464405087947015], [0.04275335414597849, 0.07023727595144273, 0.9966137043891126, -0.0048369547240370014], [0.0, 0.0, 0.0, 1.0]], "antennas": [0.670304897331235, -0.6527218768682321], "body_yaw": 0.10184354114237483, "check_collision": false}, {"head": [[0.9967269364285289, -0.07144414132393047, -0.03783052825808689, -0.011932268559779378], [0.06853728948738326, 0.9949563033836702, -0.07324339087470512, -0.006109124171006619], [0.04287253371941391, 0.07041085873349696, 0.9965963359479552, -0.004944453516861236], [0.0, 0.0, 0.0, 1.0]], "antennas": [0.670304897331235, -0.6527218768682321], "body_yaw": 0.10184354114237483, "check_collision": false}, {"head": [[0.9967245993556588, -0.07141268187450127, -0.03795130968481116, -0.011939297140578037], [0.06849445590369362, 0.9949542814834103, -0.07331089460842533, -0.006104849421693545], [0.042995145653412246, 0.07047131774929394, 0.9965867803783671, -0.0049536040124306124], [0.0, 0.0, 0.0, 1.0]], "antennas": [0.670304897331235, -0.6527218768682321], "body_yaw": 0.10184354114237483, "check_collision": false}, {"head": [[0.9967140929720923, -0.07164320429320103, -0.037792435081928206, -0.011930831303243003], [0.06872392076473743, 0.9949180980272958, -0.0735866899138023, -0.005920231383768631], [0.04287236389028704, 0.07074764657817717, 0.9965724915519734, -0.00499308938754206], [0.0, 0.0, 0.0, 1.0]], "antennas": [0.670304897331235, -0.6527218768682321], "body_yaw": 0.10184354114237483, "check_collision": false}, {"head": [[0.9967098267539681, -0.07180908939164228, -0.03758957212868389, -0.011900695960907981], [0.0688925505725237, 0.9948868351134375, -0.07385121389374573, -0.005894377948097348], [0.04270055886855189, 0.07101858910673069, 0.9965605963881987, -0.005020236749644691], [0.0, 0.0, 0.0, 1.0]], "antennas": [0.670304897331235, -0.6527218768682321], "body_yaw": 0.10184354114237483, "check_collision": false}, {"head": [[0.9967208441179837, -0.0718440417767074, -0.03722892104158836, -0.011812988744032665], [0.06894977109916546, 0.9948770580662393, -0.07392948260902062, -0.005894259599680028], [0.04234959227792858, 0.07112013072718239, 0.9965683313447412, -0.004966415524492174], [0.0, 0.0, 0.0, 1.0]], "antennas": [0.670304897331235, -0.6527218768682321], "body_yaw": 0.10184354114237483, "check_collision": false}, {"head": [[0.9967492190544806, -0.07150825597861062, -0.037115544468327315, -0.011798292280143445], [0.06863739539449822, 0.9949244113938192, -0.07358208726396463, -0.005858792202510769], [0.04218888796522372, 0.07079537371580073, 0.9965982705146029, -0.004946568162011111], [0.0, 0.0, 0.0, 1.0]], "antennas": [0.670304897331235, -0.6527218768682321], "body_yaw": 0.10184354114237483, "check_collision": false}, {"head": [[0.9967532797670461, -0.07133759633735685, -0.03733425534874284, -0.011662746880239386], [0.06843967581773787, 0.994917371038981, -0.07386092051176715, -0.005945813495986195], [0.04241355971384328, 0.0710659704337524, 0.9965694746472568, -0.005167396788717249], [0.0, 0.0, 0.0, 1.0]], "antennas": [0.670304897331235, -0.6527218768682321], "body_yaw": 0.10184354114237483, "check_collision": false}, {"head": [[0.9967320724432919, -0.07158173802498566, -0.03743301409481296, -0.011620930066582248], [0.06866026596457744, 0.9948741474812564, -0.0742374470945533, -0.005944804917759061], [0.04255518347479694, 0.07142468379184772, 0.9965377920102482, -0.005206612906451968], [0.0, 0.0, 0.0, 1.0]], "antennas": [0.670304897331235, -0.6527218768682321], "body_yaw": 0.10184354114237483, "check_collision": false}, {"head": [[0.9967483087327765, -0.07156371730826969, -0.0370330042444757, -0.