{"description": "A sad or resigned \u201cno.\u201d When you don\u2019t want to do something but feel you must.", "time": [0.0, 0.010121345520019531, 0.020012617111206055, 0.030159711837768555, 0.04023885726928711, 0.05022478103637695, 0.0603029727935791, 0.07034087181091309, 0.08051919937133789, 0.09054255485534668, 0.10065865516662598, 0.11074399948120117, 0.1206672191619873, 0.13081049919128418, 0.14089584350585938, 0.15102815628051758, 0.16093015670776367, 0.17098402976989746, 0.18140077590942383, 0.19159793853759766, 0.20122504234313965, 0.2112891674041748, 0.2212686538696289, 0.2315671443939209, 0.2414398193359375, 0.25147151947021484, 0.2615089416503906, 0.2716379165649414, 0.2817561626434326, 0.29187464714050293, 0.30189013481140137, 0.3119697570800781, 0.3220207691192627, 0.3320019245147705, 0.34210896492004395, 0.3521270751953125, 0.3622570037841797, 0.3722527027130127, 0.3823587894439697, 0.39238405227661133, 0.4024472236633301, 0.41259217262268066, 0.4224965572357178, 0.43262743949890137, 0.4426872730255127, 0.4527852535247803, 0.4628641605377197, 0.47285985946655273, 0.4830136299133301, 0.4930408000946045, 0.5030982494354248, 0.5131657123565674, 0.5231595039367676, 0.5333030223846436, 0.5433955192565918, 0.5533630847930908, 0.5633931159973145, 0.5735788345336914, 0.5837850570678711, 0.593806266784668, 0.6036691665649414, 0.6138045787811279, 0.6237654685974121, 0.6338751316070557, 0.6439881324768066, 0.65399169921875, 0.6641180515289307, 0.6740951538085938, 0.6841776371002197, 0.6942551136016846, 0.7043507099151611, 0.7144775390625, 0.7244176864624023, 0.7344889640808105, 0.7446517944335938, 0.7546815872192383, 0.764718770980835, 0.7747974395751953, 0.7848317623138428, 0.7949113845825195, 0.8049256801605225, 0.8150246143341064, 0.8250253200531006, 0.8351566791534424, 0.8452596664428711, 0.8551993370056152, 0.8652770519256592, 0.8753712177276611, 0.8854653835296631, 0.8955137729644775, 0.9055113792419434, 0.9156277179718018, 0.925673246383667, 0.9357316493988037, 0.9459304809570312, 0.9558708667755127, 0.9659287929534912, 0.9760448932647705, 0.9860167503356934, 0.9961047172546387, 1.0062119960784912, 1.0162444114685059, 1.0263352394104004, 1.0363647937774658, 1.046468734741211, 1.0564522743225098, 1.0665619373321533, 1.0766210556030273, 1.0866718292236328, 1.096841812133789, 1.1068120002746582, 1.1169090270996094, 1.1269667148590088, 1.137054204940796, 1.1472198963165283, 1.1571202278137207, 1.1672084331512451, 1.1773943901062012, 1.1873199939727783, 1.1973633766174316, 1.207383394241333, 1.2175345420837402, 1.2275538444519043, 1.2376294136047363, 1.247666358947754, 1.257744312286377, 1.2681300640106201, 1.278883934020996, 1.2883586883544922, 1.2984511852264404, 1.3084752559661865, 1.3184165954589844, 1.3284704685211182, 1.338649034500122, 1.3486998081207275, 1.3586831092834473, 1.3687448501586914, 1.3788740634918213, 1.388927698135376, 1.3989357948303223, 1.4090192317962646, 1.4190549850463867, 1.429110050201416, 1.4392521381378174, 1.449253797531128, 1.459277868270874, 1.4693198204040527, 1.4795036315917969, 1.489466667175293, 1.4995064735412598, 1.5096442699432373, 1.5197041034698486, 1.5297272205352783, 1.5397932529449463, 1.5499022006988525, 1.5600128173828125, 1.5700130462646484, 1.580141544342041, 1.5901014804840088, 1.6003191471099854, 1.610266923904419, 1.6202638149261475, 1.6303222179412842, 1.6404047012329102, 1.650481939315796, 1.6604702472686768, 1.670544147491455, 1.6807188987731934, 1.6907386779785156, 1.7008111476898193, 1.7109086513519287, 1.7208998203277588, 1.7311525344848633, 1.7410380840301514, 1.7511074542999268, 1.7611186504364014, 1.7712557315826416, 1.7813389301300049, 1.7912776470184326, 1.8013088703155518, 1.8115050792694092, 1.821547508239746, 1.8315637111663818, 1.841742992401123, 1.8516905307769775, 1.861743450164795, 1.8717851638793945, 1.8818864822387695, 1.8919224739074707, 1.901949167251587, 1.9120821952819824, 1.922119140625, 1.9321846961975098, 1.9422709941864014, 1.9522886276245117, 1.962308645248413, 1.9724407196044922, 1.983016014099121, 1.9926097393035889, 2.002622604370117, 2.013042688369751, 2.0227913856506348, 2.0328660011291504, 2.0429954528808594, 2.0529534816741943, 2.063079595565796, 2.073145627975464, 2.083219289779663, 2.0932047367095947, 2.1032555103302, 2.11346697807312, 2.12339448928833, 2.1334362030029297, 2.143566846847534, 2.1544241905212402, 2.163893222808838, 2.173776865005493, 2.1838231086730957, 2.1938722133636475, 2.203932762145996, 2.214050054550171, 2.2240662574768066, 2.2341439723968506, 2.244215488433838, 2.2542295455932617, 2.2642552852630615, 2.2743141651153564, 2.284388542175293, 2.2944366931915283, 2.304461717605591, 2.3145899772644043, 2.3245720863342285, 2.334705114364624, 2.344853162765503, 2.354801893234253, 2.364880323410034, 2.3749911785125732, 2.385012626647949, 2.3950328826904297, 2.4053239822387695, 2.415466785430908, 2.4253885746002197, 2.435241222381592, 2.445424795150757, 2.4554290771484375, 2.465480089187622, 2.475580930709839, 2.485590696334839, 2.4957337379455566, 2.505788564682007, 2.515831232070923, 2.5258312225341797, 2.5359179973602295, 2.5461230278015137, 2.5560708045959473, 2.5661208629608154, 2.576186418533325, 2.5862669944763184, 2.5964107513427734, 2.606372356414795, 2.6164677143096924, 2.6265041828155518, 2.636608600616455, 2.6466691493988037, 2.656674861907959, 2.666734457015991, 2.6768178939819336, 2.6868550777435303, 2.6969618797302246, 2.7069859504699707, 2.7171480655670166, 2.7271604537963867, 2.7371363639831543, 2.747227907180786, 2.757242441177368, 2.7674267292022705, 2.777468204498291, 2.787437677383423, 2.797581434249878, 2.8076250553131104, 2.817697525024414, 2.8277227878570557, 2.8377838134765625, 2.848031759262085, 2.857937812805176, 2.8679747581481934, 2.878091812133789, 2.8881373405456543, 2.8981852531433105, 2.90822696685791, 2.918262243270874, 2.9283125400543213, 2.9383907318115234, 2.948451280593872, 2.9584689140319824, 2.9685354232788086, 2.978700637817383, 2.988745927810669, 2.998739242553711, 3.008887767791748, 3.0190176963806152, 3.0289273262023926, 3.0389599800109863, 3.049074411392212, 3.059138536453247, 3.0690999031066895, 3.0792009830474854, 3.089198112487793, 3.0993518829345703, 3.1095564365386963, 3.119485378265381, 3.1294374465942383, 3.1396305561065674, 3.149850606918335, 3.1597249507904053, 3.1702849864959717, 3.179896116256714, 3.1901087760925293, 3.2001535892486572, 3.210266351699829, 3.22023344039917, 3.230332136154175, 3.2403547763824463, 3.2504289150238037, 3.260509490966797, 3.2705442905426025, 3.280726909637451, 3.2908782958984375, 3.300955295562744, 3.3111374378204346, 3.3210606575012207, 3.33113694190979, 3.3412115573883057, 3.351266860961914, 3.3612899780273438, 3.3713293075561523, 3.3814549446105957, 3.3914389610290527, 3.4015190601348877, 3.4116809368133545, 3.421625852584839, 3.431687355041504, 3.4417929649353027, 3.451831340789795, 3.461846113204956, 3.4719502925872803, 3.482154369354248, 3.4921019077301025, 3.502150535583496, 3.512314796447754, 3.522455930709839, 3.5326108932495117, 3.5426976680755615, 3.552802801132202, 3.5627615451812744, 3.572758913040161, 3.5827841758728027, 3.592895746231079, 3.602856397628784, 3.6130447387695312, 3.623120069503784, 3.6330251693725586, 3.6430740356445312, 3.653087854385376, 3.6632416248321533, 3.6733529567718506, 3.6833271980285645, 3.693307876586914, 3.7033469676971436, 3.7135891914367676, 3.7234880924224854, 3.733520030975342, 3.7436294555664062, 3.7536330223083496, 3.763702392578125, 3.7738659381866455, 3.783872365951538, 3.793898105621338, 3.803952693939209, 3.814040184020996, 3.824047088623047, 3.8340930938720703, 3.8441827297210693, 3.854182004928589, 3.8642702102661133, 3.874333381652832, 3.8844616413116455, 3.8944506645202637, 3.9044582843780518, 3.914606809616089, 3.924593687057495, 3.9346799850463867, 3.944824457168579, 3.9548089504241943, 3.9649109840393066, 3.974961996078491, 3.9849629402160645, 3.9950618743896484, 4.005117654800415, 4.015202522277832, 4.025180101394653, 4.035234212875366, 4.045494318008423, 4.055484056472778, 4.065479516983032, 4.075574159622192, 4.085594892501831, 4.095707654953003, 4.105714797973633, 4.115894317626953, 4.125879526138306, 4.135908126831055, 4.146149158477783, 4.157076597213745, 4.166309595108032, 4.17625093460083, 4.186450004577637, 4.196950197219849, 4.207009553909302, 4.217097043991089, 4.227121353149414, 4.23715877532959, 4.247028350830078, 4.257043123245239, 4.267215251922607, 4.277243614196777, 4.287217617034912, 4.297297716140747, 4.307314872741699, 4.317460060119629, 4.327419996261597, 4.337523460388184, 4.347699403762817, 4.357645034790039, 4.367677688598633, 4.377880811691284, 4.3878092765808105, 4.397892475128174, 4.408004522323608, 4.418045520782471, 4.428048372268677, 4.438239336013794, 4.448350667953491, 4.458241701126099, 4.46825647354126, 4.478413820266724, 4.4885218143463135, 4.4986937046051025, 4.508682489395142, 4.5188727378845215, 4.528928518295288, 4.538937568664551, 4.5491416454315186, 4.559152364730835, 4.568983793258667, 4.579072713851929, 4.589064836502075, 4.599120140075684, 4.60918402671814, 4.619226455688477, 4.629249572753906, 4.639315128326416, 4.649442672729492, 4.659512519836426, 4.669560194015503, 4.679616928100586, 4.689656734466553, 4.699703931808472, 4.709890842437744, 4.719848394393921, 4.729916334152222, 4.73997688293457, 4.750239133834839, 4.76005744934082, 4.770190715789795, 4.780328989028931, 4.790299654006958, 4.800339698791504, 4.810429573059082, 4.820462226867676, 4.830522537231445, 4.840648889541626, 4.850640058517456, 4.860706090927124, 4.870760917663574, 4.8808913230896, 4.890870571136475, 4.900944471359253, 4.911050081253052, 4.9210662841796875, 4.931129693984985, 4.941187381744385, 4.951305627822876, 4.961283445358276, 4.9713122844696045, 4.981427192687988, 4.991469860076904, 5.00150990486145, 5.011642932891846, 5.0216522216796875, 5.031802654266357, 5.041841745376587, 5.051863431930542, 5.061912536621094, 5.0719850063323975, 5.082122087478638, 5.092092514038086, 5.102149963378906, 5.1121826171875, 5.12226128578186, 5.132277727127075, 5.142486572265625, 5.152487516403198, 5.162540435791016, 5.172597169876099, 5.182629823684692, 5.19268274307251, 5.20278787612915, 5.212835788726807, 5.2228851318359375, 5.2328941822052, 5.24301290512085, 5.253029108047485, 5.264574766159058, 5.273202657699585, 5.2832207679748535, 5.293307781219482, 5.303336143493652, 5.31348443031311, 5.3234498500823975, 5.333511829376221, 5.343650817871094, 5.353628873825073, 5.363682508468628, 5.3737473487854, 5.383854627609253, 5.3939597606658936, 5.403968095779419, 5.4140543937683105, 5.424070119857788, 5.434173822402954, 5.444220066070557, 5.454211473464966, 5.464284420013428, 5.474350452423096, 5.4844441413879395, 5.494450092315674, 5.504537105560303, 5.514700651168823, 5.524641036987305, 5.534705638885498, 5.544828414916992, 5.554784297943115, 5.564961671829224, 5.574963331222534, 5.584975242614746, 5.595134496688843, 5.605138301849365, 5.615253448486328, 5.625219821929932, 5.635272026062012, 5.645416498184204, 5.655423641204834, 5.665448188781738, 5.675565958023071, 5.685608386993408, 5.695699453353882, 5.705688714981079, 5.715825796127319, 5.725848913192749, 5.735942602157593, 5.745985507965088, 5.7561187744140625, 5.7664477825164795, 5.776262044906616, 5.786445140838623, 5.796283721923828, 5.806329011917114, 5.816382646560669, 5.8264734745025635, 5.836551189422607, 5.846603631973267, 5.8566296100616455, 5.866822242736816, 5.876899480819702, 5.886831521987915, 5.896880149841309, 5.907010793685913, 5.917064189910889, 5.92707633972168, 5.9370787143707275, 5.947184085845947, 5.957225322723389, 5.967308521270752, 5.977382183074951, 5.987371921539307, 5.997508525848389, 6.0075578689575195, 6.017529726028442, 6.027782678604126, 6.0379767417907715, 6.047959089279175, 6.057865142822266, 6.067903518676758, 6.078011751174927, 6.088072776794434, 6.098052978515625, 6.108156681060791, 6.118228435516357, 6.128258943557739, 6.138372898101807, 6.14851975440979, 6.159208297729492, 6.16851806640625, 6.178680419921875, 6.188727855682373, 6.1986987590789795, 6.208884954452515, 6.21900200843811, 6.229051828384399, 6.239125728607178, 6.249193906784058, 6.259160280227661, 6.269207954406738, 6.279369592666626, 6.2893171310424805, 6.299360513687134, 6.309493541717529, 6.319509267807007, 6.329541921615601, 6.339623212814331, 6.349900722503662, 6.359813451766968, 6.3698508739471436, 6.37996244430542, 6.389930009841919, 6.4000444412231445, 6.410136938095093, 6.420074224472046, 6.430147409439087, 6.440216779708862, 6.450301170349121, 6.460286617279053, 6.470380067825317, 6.48056435585022, 6.490563869476318, 6.5005409717559814, 6.510648727416992, 6.5206475257873535, 6.530769109725952, 6.540799140930176, 6.550949573516846, 6.560916423797607, 6.570996046066284, 6.581081867218018, 6.591078281402588, 6.601147651672363, 6.611284255981445, 6.621273994445801, 6.631357669830322, 6.641395092010498, 6.651506423950195, 6.661568641662598, 6.6715569496154785, 6.681717157363892, 6.6916985511779785, 6.701750040054321, 6.711894273757935, 6.721875190734863, 6.732030868530273, 6.7420666217803955, 6.75206184387207, 6.762149333953857, 6.772214889526367, 6.782333850860596, 6.792296886444092, 6.80234956741333, 6.812487363815308, 6.822467803955078, 6.832542657852173, 6.842654466629028, 6.85270357131958, 6.862736940383911, 6.872838258743286, 6.882894515991211, 6.892927408218384, 6.903022527694702, 6.913156747817993, 6.923051595687866, 6.933152437210083, 6.943291902542114, 6.953380346298218, 6.963310956954956, 6.97367000579834, 6.983709096908569, 6.993569612503052, 7.003643751144409, 7.013692140579224, 7.023721694946289, 7.033872842788696, 7.044029235839844, 7.053982973098755], "set_target_data": [{"head": [[0.9896676492657275, 0.04299703990931543, 0.13678157242803504, -0.019093151325447477], [-0.03398037964212182, 0.9971346107501298, -0.06758625484197585, 0.0013270612348539323], [-0.13929564887758097, 0.06224004019298161, 0.9882929219621831, 0.007211232778701282], [0.0, 0.0, 0.0, 1.0]], "antennas": [-0.16764199587885292, 0.45843921320733017], "body_yaw": 0.1675490515568107, "check_collision": false}, {"head": [[0.9896797037884787, 0.04308256444422115, 0.13666739388039342, -0.01910657607647644], [-0.03408473579997073, 0.9971363125707672, -0.06750855455584383, 0.0013521484508244655], [-0.13918446283474048, 0.06215357426313213, 0.9883140282884393, 0.007220196347937358], [0.0, 0.0, 0.0, 1.0]], "antennas": [-0.16764199587885292, 0.45843921320733017], "body_yaw": 0.1675490515568107, "check_collision": false}, {"head": [[0.9896910904059969, 0.043175462814632234, 0.13655557470030716, -0.019081690352448083], [-0.03417218676548826, 0.9971269494119984, -0.06760257693303239, 0.0013523550017151276], [-0.13908201617266502, 0.06223926547658064, 0.988323057815754, 0.007316749924992094], [0.0, 0.0, 0.0, 1.0]], "antennas": [-0.16764199587885292, 0.45843921320733017], "body_yaw": 0.1675490515568107, "check_collision": false}, {"head": [[0.9896884400567694, 0.04319324262306376, 0.13656915980448886, -0.019084665320580594], [-0.03419514966068636, 0.9971290089665374, -0.06756057442839344, 0.00136743827414533], [-0.1390952312542818, 0.06219391665682727, 0.9883240528152706, 0.007335187456342651], [0.0, 0.0, 0.0, 1.0]], "antennas": [-0.16764199587885292, 0.45843921320733017], "body_yaw": 0.1675490515568107, "check_collision": false}, {"head": [[0.9896808295409024, 0.043512190479369495, 0.13652305636381964, -0.01914179823302999], [-0.03453130831323885, 0.997123146652076, -0.06747606358434735, 0.0013501304932308014], [-0.13906633088353074, 0.062065446831146814, 0.9883361957978888, 0.007316499397387433], [0.0, 0.0, 0.0, 1.0]], "antennas": [-0.16764199587885292, 0.45843921320733017], "body_yaw": 0.1675490515568107, "check_collision": false}, {"head": [[0.9896652292228022, 0.043594751315133524, 0.13660977902459867, -0.019147196066251638], [-0.03461690482140307, 0.9971239742742036, -0.06741995126223921, 0.0013628453561571538], [-0.13915604179468435, 0.061994173801966694, 0.9883280419206202, 0.007338923909861572], [0.0, 0.0, 0.0, 1.0]], "antennas": [-0.16764199587885292, 0.45843921320733017], "body_yaw": 0.1675490515568107, "check_collision": false}, {"head": [[0.9896729258908104, 0.043688344726504624, 0.1365240941877301, -0.01912862030091991], [-0.03470566285075101, 0.9971156220997373, -0.06749780093264934, 0.001367399911824281], [-0.13907917430302824, 0.06206258695632702, 0.9883345681374682, 0.007123945859121683], [0.0, 0.0, 0.0, 1.0]], "antennas": [-0.16764199587885292, 0.45843921320733017], "body_yaw": 0.1675490515568107, "check_collision": false}, {"head": [[0.9896560203164944, 0.04366780846951995, 0.13665315201190026, -0.019112232195586738], [-0.03467679063619296, 0.997116618849766, -0.06749791555880595, 0.0013568579845681245], [-0.13920661493798286, 0.062061025749494174, 0.9883167242541373, 0.007115740618534261], [0.0, 0.0, 0.0, 1.0]], "antennas": [-0.16764199587885292, 0.45843921320733017], "body_yaw": 0.1675490515568107, "check_collision": false}, {"head": [[0.989628910459735, 0.04382328738383394, 0.13679963108558257, -0.019151639154440726], [-0.03481380889648081, 0.9971068640776068, -0.06757144603632549, 0.0012730268695734306], [-0.13936505405730987, 0.062108140305395035, 0.9882914350612415, 0.0070391238982054904], [0.0, 0.0, 0.0, 1.0]], "antennas": [-0.16764199587885292, 0.45843921320733017], "body_yaw": 0.1675490515568107, "check_collision": false}, {"head": [[0.9895972975102967, 0.04372664144869345, 0.13705900039010474, -0.019121128642161925], [-0.03468806997815096, 0.997105516966561, -0.06765593718246732, 0.0012593728102233553], [-0.13962065234594853, 0.06219782039962868, 0.9882497177211979, 0.007028334201570119], [0.0, 0.0, 0.0, 1.0]], "antennas": [-0.16764199587885292, 0.45843921320733017], "body_yaw": 0.1675490515568107, "check_collision": false}, {"head": [[0.9896075226801818, 0.04379646601407814, 0.1369628439375873, -0.019148010937969213], [-0.03476054622438437, 0.9971010822477401, -0.06768409123692748, 0.0012922062869265977], [-0.1395301239194484, 0.06221978258611954, 0.988261120946261, 0.0068941983405991225], [0.0, 0.0, 0.0, 1.0]], "antennas": [-0.16764199587885292, 0.45843921320733017], "body_yaw": 0.1675490515568107, "check_collision": false}, {"head": [[0.9896219520526919, 0.043691400258827985, 0.13689212380134427, -0.019123785022062186], [-0.03465971046020876, 0.9971048513553661, -0.06768027684937274, 0.001290810824993903], [-0.13945284682011397, 0.06223324631590522, 0.9882711806820786, 0.00689186351044524], [0.0, 0.0, 0.0, 1.0]], "antennas": [-0.16764199587885292, 0.45843921320733017], "body_yaw": 0.1675490515568107, "check_collision": false}, {"head": [[0.9896196559707627, 0.043723053095187245, 0.13689861629813763, -0.019027820623640442], [-0.03468842618611043, 0.9971025228401709, -0.06769986731521278, 0.00127421536061674], [-0.13946200057736172, 0.062248321855308555, 0.9882689395205932, 0.006912686577715377], [0.0, 0.0, 0.0, 1.0]], "antennas": [-0.16764199587885292, 0.45843921320733017], "body_yaw": 0.1675490515568107, "check_collision": false}, {"head": [[0.989641193958973, 0.04365243679467914, 0.13676539029061685, -0.0189913584380545], [-0.03463261204842156, 0.9971077751692159, -0.0676510671002289, 0.001278282757647492], [-0.1393229679635118, 0.062213740114083246, 0.9882907270327165, 0.0069199859397183205], [0.0, 0.0, 0.0, 1.0]], "antennas": [-0.16764199587885292, 0.45843921320733017], "body_yaw": 0.1675490515568107, "check_collision": false}, {"head": [[0.9896673945741881, 0.0436739525822277, 0.13656878846421325, -0.01898926630483385], [-0.03468579686826252, 0.9971150927723496, -0.06751582970831164, 0.0015863752702998737], [-0.13912348332453198, 0.06208121802472495, 0.9883271618023126, 0.006940862881401388], [0.0, 0.0, 0.0, 1.0]], "antennas": [-0.16764199587885292, 0.45843921320733017], "body_yaw": 0.1675490515568107, "check_collision": false}, {"head": [[0.9896712518126379, 0.04350374203561924, 0.13659516010644263, -0.018948774391484857], [-0.034492417993244, 0.997112066758886, -0.06765943707127939, 0.0016097404062976536], [-0.1391441210996201, 0.06224910242502596, 0.9883136965613161, 0.006964001839912859], [0.0, 0.0, 0.0, 1.0]], "antennas": [-0.16764199587885292, 0.45843921320733017], "body_yaw": 0.1675490515568107, "check_collision": false}, {"head": [[0.9896858391901687, 0.04345121716979666, 0.13650615895597654, -0.018936731705960937], [-0.034408271968201204, 0.9970971558504725, -0.06792151805621346, 0.0017789521363115943], [-0.13906117548263955, 0.0625240235538421, 0.9883080167397332, 0.006923253379650829], [0.0, 0.0, 0.0, 1.0]], "antennas": [-0.16764199587885292, 0.45843921320733017], "body_yaw": 0.1675490515568107, "check_collision": false}, {"head": [[0.9896838888576818, 0.04339638627332016, 0.1365377376184057, -0.01888145673719692], [-0.034319741626428805, 0.9970850443919692, -0.06814374207922513, 0.0018025392828802875], [-0.13909692832780668, 0.06275482378496156, 0.9882883570200994, 0.006951485383700495], [0.0, 0.0, 0.0, 1.0]], "antennas": [-0.16764199587885292, 0.45843921320733017], "body_yaw": 0.1675490515568107, "check_collision": false}, {"head": [[0.9896607209586596, 0.04355539079909314, 0.13665498645832133, -0.018844534034382653], [-0.034427124035759454, 0.9970593086692051, -0.06846537903724063, 0.0017127162086094383], [-0.1392351626645085, 0.06305285820979782, 0.9882499210975748, 0.006998718389561787], [0.0, 0.0, 0.0, 1.0]], "antennas": [-0.16764199587885292, 0.45843921320733017], "body_yaw": 0.1675490515568107, "check_collision": false}, {"head": [[0.9896205295261689, 0.04367696934460387, 0.13690701183363968, -0.018786837106892867], [-0.034518941581916485, 0.9970490874931952, -0.06856792107867672, 0.0017113179807871845], [-0.13949785020712707, 0.06313033722274843, 0.9882079286818805, 0.007032930967545203], [0.0, 0.0, 0.0, 1.0]], "antennas": [-0.16764199587885292, 0.45843921320733017], "body_yaw": 0.1675490515568107, "check_collision": false}, {"head": [[0.9896010829158256, 0.04378936910708551, 0.13701163397693097, -0.018689157360583963], [-0.03460531441200349, 0.997036280293132, -0.06871046495026341, 0.0016716487548696507], [-0.1396143578084699, 0.06325461985055651, 0.9881835275703041, 0.0070736441062485556], [0.0, 0.0, 0.0, 1.0]], "antennas": [-0.16764199587885292, 0.45843921320733017], "body_yaw": 0.1675490515568107, "check_collision": false}, {"head": [[0.9895698998212095, 0.04375265300611232, 0.13724838331568093, -0.018631442672188584], [-0.03453625251694714, 0.9970304869638497, -0.06882917496755557, 0.001656409289010452], [-0.1398522814612869, 0.06337123495368736, 0.9881424117760139, 0.007107992911710825], [0.0, 0.0, 0.0, 1.0]], "antennas": [-0.16764199587885292, 0.45843921320733017], "body_yaw": 0.1675490515568107, "check_collision": false}, {"head": [[0.9895357706503455, 0.043867173463015774, 0.1374577378534708, -0.018567803375905568], [-0.03463153510702341, 0.9970239774902356, -0.06887557684464071, 0.0017574035610739766], [-0.14007003740828664, 0.0633944745377441, 0.9881100774805028, 0.006980652792689224], [0.0, 0.0, 0.0, 1.0]], "antennas": [-0.16764199587885292, 0.45843921320733017], "body_yaw": 0.1675490515568107, "check_collision": false}, {"head": [[0.9895111949009447, 0.043860217998533325, 0.1376367554210208, -0.01851349855133203], [-0.03459945418611523, 0.997018516112202, -0.06897069159756002, 0.001742310245560888], [-0.14025146322134283, 0.063485114842331, 0.9880785228197851, 0.007012763808822431], [0.0, 0.0, 0.0, 1.0]], "antennas": [-0.16764199587885292, 0.45843921320733017], "body_yaw": 0.1675490515568107, "check_collision": false}, {"head": [[0.9894935068841639, 0.0441860229858885, 0.13765970800045063, -0.018445440884373186], [-0.0348947199262173, 0.996992841415737, -0.06919272134441395, 0.001900823972575058], [-0.1403030946036104, 0.06366215153814234, 0.9880598018876108, 0.006784347374300337], [0.0, 0.0, 0.0, 1.0]], "antennas": [-0.16764199587885292, 0.45843921320733017], "body_yaw": 0.1675490515568107, "check_collision": false}, {"head": [[0.9894618143909755, 0.04433649907563262, 0.13783901012353297, -0.018387300947239074], [-0.03500283406944108, 0.9969734734121948, -0.06941682014851468, 0.0018797555585079173], [-0.14049953547690533, 0.06386053681375133, 0.9880190850224674, 0.006802690344499651], [0.0, 0.0, 0.0, 1.0]], "antennas": [-0.16764199587885292, 0.45843921320733017], "body_yaw": 0.1675490515568107, "check_collision": false}, {"head": [[0.9894198777496789, 0.04466187422822948, 0.13803485974286556, -0.018357403652244246], [-0.03525926874148003, 0.9969356735235654, -0.06982869627833033, 0.0018058196143293861], [-0.1407305563181886, 0.06422289191975883, 0.9879627172478911, 0.006640676649471877], [0.0, 0.0, 0.0, 1.0]], "antennas": [-0.16764199587885292, 0.45843921320733017], "body_yaw": 0.1675490515568107, "check_collision": false}, {"head": [[0.9893707875796757, 0.04479144853792385, 0.13834439208673038, -0.018290179320250684], [-0.03532365242691777, 0.9969108213960984, -0.07015022282629449, 0.0017700371140068477], [-0.14105915164637411, 0.0645177519852558, 0.987896642071211, 0.006634500202950977], [0.0, 0.0, 0.0, 1.0]], "antennas": [-0.16764199587885292, 0.45843921320733017], "body_yaw": 0.1675490515568107, "check_collision": false}, {"head": [[0.989330263366157, 0.0450194012842739, 0.13856003570963765, -0.018256854283679562], [-0.03549671694158586, 0.9968837489891781, -0.07044695939251389, 0.0017706096568618143], [-0.14129972779244648, 0.0647768825221397, 0.987845302877173, 0.006594501182013546], [0.0, 0.0, 0.0, 1.0]], "antennas": [-0.16764199587885292, 0.45843921320733017], "body_yaw": 0.1675490515568107, "check_collision": false}, {"head": [[0.9892808008479602, 0.04508553756971035, 0.1388912933760396, -0.018199899293265112], [-0.03549700749867874, 0.9968617754961974, -0.07075707041142999, 0.0017444262503999095], [-0.1416455418721592, 0.06506838599980448, 0.9877766172627914, 0.0065887301133992215], [0.0, 0.0, 0.0, 1.0]], "antennas": [-0.16764199587885292, 0.45843921320733017], "body_yaw": 0.1675490515568107, "check_collision": false}, {"head": [[0.9892411210809414, 0.045375955223831727, 0.13907921142301385, -0.018156401689181655], [-0.03573209560324621, 0.9968310420712831, -0.07107102719730969, 0.0018709476486327078], [-0.141863391001072, 0.06533679094204949, 0.9877276355570256, 0.006606382062598226], [0.0, 0.0, 0.0, 1.0]], "antennas": [-0.16764199587885292, 0.45843921320733017], "body_yaw": 0.1675490515568107, "check_collision": false}, {"head": [[0.9891720813913779, 0.04553202592148303, 0.13951855794601178, -0.018104796307794824], [-0.03581002254073844, 0.9968034119417362, -0.07141848659097537, 0.0018606587273872557], [-0.14232440297250873, 0.06564901032611932, 0.987640608603008, 0.006606362909217234], [0.0, 0.0, 0.0, 1.0]], "antennas": [-0.16764199587885292, 0.45843921320733017], "body_yaw": 0.1675490515568107, "check_collision": false}, {"head": [[0.9891127863326433, 0.04584292721860017, 0.13983676890326477, -0.018136940566635822], [-0.036064367399237365, 0.996775531581126, -0.07167915349149082, 0.0020702335883804046], [-0.1426718518747401, 0.0658556426222841, 0.9875767195602771, 0.006649690951048615], [0.0, 0.0, 0.0, 1.0]], "antennas": [-0.16764199587885292, 0.45843921320733017], "body_yaw": 0.1675490515568107, "check_collision": false}, {"head": [[0.9890335771369977, 0.04603936642300672, 0.14033160739819958, -0.018101677576273324], [-0.036142241146285704, 0.9967294587133568, -0.07227810552236702, 0.002069966817002944], [-0.14320028526688774, 0.06641357445844043, 0.9874628678725773, 0.006661925552530645], [0.0, 0.0, 0.0, 1.0]], "antennas": [-0.16764199587885292, 0.45843921320733017], "body_yaw": 0.1675490515568107, "check_collision": false}, {"head": [[0.9889559686093691, 0.04634904342110236, 0.140775915290412, -0.018033497111454383], [-0.03634334017036727, 0.9966816762452855, -0.07283404329123047, 0.002019964576895919], [-0.14368456346165187, 0.0669133948536213, 0.9873587715779901, 0.00670653607416638], [0.0, 0.0, 0.0, 1.0]], "antennas": [-0.17294701277029076, 0.45843921320733017], "body_yaw": 0.1675490515568107, "check_collision": false}, {"head": [[0.9888858434655762, 0.046551980544482945, 0.14120092669937306, -0.01800748944472574], [-0.03647413669475374, 0.9966544686422596, -0.07314032736997632, 0.0020082734069454752], [-0.1441333616681026, 0.06717725242074858, 0.9872754381688277, 0.0067261575584008915], [0.0, 0.0, 0.0, 1.0]], "antennas": [-0.17962089446202933, 0.4637428985182229], "body_yaw": 0.1675490515568107, "check_collision": false}, {"head": [[0.9888355661867666, 0.046795372377196005, 0.14147231590730414, -0.01791779994564194], [-0.03662185104496755, 0.9966092829059232, -0.0736802365073665, 0.0019383093698769338], [-0.14444051741162073, 0.06767666030339274, 0.9871964376860576, 0.0067670535585878655], [0.0, 0.0, 0.0, 1.0]], "antennas": [-0.1880058571541438, 0.4721265296297924], "body_yaw": 0.1675490515568107, "check_collision": false}, {"head": [[0.9887575613212475, 0.046740378147436756, 0.14203458022852747, -0.017873164160582374], [-0.036440936122508344, 0.9965721379507443, -0.07426999417529066, 0.0019258604789917505], [-0.14501911289404115, 0.0682591452548086, 0.9870714999352924, 0.006769816626900571], [0.0, 0.0, 0.0, 1.0]], "antennas": [-0.1981019008466342, 0.48256345794181293], "body_yaw": 0.1675490515568107, "check_collision": false}, {"head": [[0.9886390625644638, 0.04682413295667767, 0.14282963468592083, -0.01771111342395786], [-0.03634244762105697, 0.9965110516087325, -0.07513288575962383, 0.0017169044818301366], [-0.14584934169398558, 0.06908852722784968, 0.9868914554969649, 0.006723258278609867], [0.0, 0.0, 0.0, 1.0]], "antennas": [-0.20956680933942534, 0.4947114672542094], "body_yaw": 0.1675490515568107, "check_collision": false}, {"head": [[0.9884660087254287, 0.04689865048458292, 0.14399814643649442, -0.017626388300832636], [-0.03620300279617878, 0.9964488822574801, -0.07601952141627163, 0.0016896117489853535], [-0.14705200502870078, 0.0699295476214743, 0.9866537215185961, 0.0067037375879281935], [0.0, 0.0, 0.0, 1.0]], "antennas": [-0.22274279883259238, 0.5085705575669818], "body_yaw": 0.1675490515568107, "check_collision": false}, {"head": [[0.988223902807573, 0.04747222091785376, 0.14546444981814255, -0.017582282479936148], [-0.03649887139441925, 0.9963473731450088, -0.07719938091704011, 0.0018399305277058964], [-0.14859794852790553, 0.07098098525779352, 0.9863469721275221, 0.006518124719441909], [0.0, 0.0, 0.0, 1.0]], "antennas": [-0.2379720855262105, 0.5234562964799796], "body_yaw": 0.1675490515568107, "check_collision": false}, {"head": [[0.9878984424879836, 0.048251639782218914, 0.14740572101564842, -0.017485344103864667], [-0.036973036943512436, 0.9962424736978305, -0.07831939823314069, 0.0018144976790220521], [-0.15063087953334753, 0.07192157436231916, 0.9859703977667157, 0.006465065529392078], [0.0, 0.0, 0.0, 1.0]], "antennas": [-0.2549124532202045, 0.539368683993203], "body_yaw": 0.1675490515568107, "check_collision": false}, {"head": [[0.9875937805035493, 0.048495996648093606, 0.14935415300491575, -0.017462712914029448], [-0.036933692969007836, 0.9961711305141162, -0.07924002179390928, 0.0016355240083227932], [-0.15262511927719744, 0.07274075225990072, 0.9856035490633571, 0.006428612860915117], [0.0, 0.0, 0.0, 1.0]], "antennas": [-0.27356390191457447, 0.5556232877065017], "body_yaw": 0.1675490515568107, "check_collision": false}, {"head": [[0.9873847309752851, 0.048616329415481566, 0.15069122585946843, -0.01742908099609617], [-0.03677636941279028, 0.9960850730691821, -0.08038672689925967, 0.0016231908287417177], [-0.15400938831667998, 0.07383075052393519, 0.9853071239909892, 0.006394182072802845], [0.0, 0.0, 0.0, 1.0]], "antennas": [-0.29324199920916993, 0.5718778914198004], "body_yaw": 0.1675490515568107, "check_collision": false}, {"head": [[0.9871893017769352, 0.048802916829430755, 0.15190641120804219, -0.0173247662948424], [-0.03672184372081986, 0.9960093275701359, -0.08134448713360504, 0.001695874171407659], [-0.1552700507210287, 0.07472412396425412, 0.9850418857322079, 0.006345428015698151], [0.0, 0.0, 0.0, 1.0]], "antennas": [-0.31326231270384064, 0.5884747113331742], "body_yaw": 0.1675490515568107, "check_collision": false}, {"head": [[0.9870475855131133, 0.048812586549331405, 0.152821449172218, -0.017281513725278096], [-0.036522336113306075, 0.9959445743190072, -0.08222240478943661, 0.001692403686077884], [-0.15621518139271698, 0.075576029790505, 0.9848274370789762, 0.006347857060939988], [0.0, 0.0, 0.0, 1.0]], "antennas": [-0.3336248423985865, 0.6060981798467735], "body_yaw": 0.1675490515568107, "check_collision": false}, {"head": [[0.9869523303690508, 0.04909975650139759, 0.15334376899829766, -0.0172784893217873], [-0.03663910928737193, 0.9958711913078537, -0.08305507807295179, 0.001573551298635914], [-0.15678862602155752, 0.07635302374221709, 0.9846763643531272, 0.006448777330884559], [0.0, 0.0, 0.0, 1.0]], "antennas": [-0.35398737209333236, 0.6244060807605232], "body_yaw": 0.1675490515568107, "check_collision": false}, {"head": [[0.986784692884051, 0.04919886362072093, 0.15438731070965386, -0.017234603467245924], [-0.03656804955926812, 0.9958271236224908, -0.08361290336537607, 0.0015499985263233637], [-0.157856731377412, 0.07686229033919369, 0.9844660688325695, 0.0064362174654913895], [0.0, 0.0, 0.0, 1.0]], "antennas": [-0.3746921179881534, 0.6437406302744985], "body_yaw": 0.1675490515568107, "check_collision": false}, {"head": [[0.9866132654498121, 0.04949189897681154, 0.1553860237412861, -0.01718580661133428], [-0.03660968399691432, 0.9957337430835168, -0.08469972799563659, 0.0013219167325548703], [-0.15891505742409848, 0.07787724199378039, 0.9842160025641411, 0.006601150836370917], [0.0, 0.0, 0.0, 1.0]], "antennas": [-0.3960812962831248, 0.6644440445887745], "body_yaw": 0.1675490515568107, "check_collision": false}, {"head": [[0.986427556200824, 0.049773572847529125, 0.15647130028750444, -0.017123218987351013], [-0.03664842883051258, 0.9956487150922666, -0.08567688602752625, 0.0012818620872769582], [-0.1600548938081105, 0.07877961399442486, 0.9839594521050978, 0.006610343338407376], [0.0, 0.0, 0.0, 1.0]], "antennas": [-0.41815490697824653, 0.686174107503276], "body_yaw": 0.1675490515568107, "check_collision": false}, {"head": [[0.9862591727726397, 0.05027020098988109, 0.15737137927293265, -0.017024284412407078], [-0.036964491365855105, 0.9955776114137361, -0.08636461098032876, 0.0011306977441386395], [-0.16101698823382543, 0.07936073679192286, 0.9837557638743223, 0.006652549134766983], [0.0, 0.0, 0.0, 1.0]], "antennas": [-0.44125516627359385, 0.7089308190180031], "body_yaw": 0.1675490515568107, "check_collision": false}, {"head": [[0.9860672933322315, 0.050656855134211184, 0.15844612979924222, -0.016980826788915007], [-0.03711659205780707, 0.9954921925844045, -0.08727916760320997, 0.0010893957944601643], [-0.1621531733098711, 0.08018215219989064, 0.9835025017020202, 0.006658127957315463], [0.0, 0.0, 0.0, 1.0]], "antennas": [-0.46503985796909153, 0.7333986115331061], "body_yaw": 0.1675490515568107, "check_collision": false}, {"head": [[0.9859220770071294, 0.05101268647242098, 0.15923367699332305, -0.016969517059053682], [-0.03727765628852241, 0.9954152805495158, -0.08808402573771913, 0.0011628612570292116], [-0.16299703804542662, 0.08090812732596682, 0.9833035342766864, 0.006670388142213435], [0.0, 0.0, 0.0, 1.0]], "antennas": [-0.4908778468650403, 0.7585508364483595], "body_yaw": 0.1675490515568107, "check_collision": false}, {"head": [[0.9857514406014183, 0.05109769434787178, 0.1602595488092977, -0.016945404245720795], [-0.03717465779305922, 0.9953639826961774, -0.08870505492457738, 0.0011374937327706183], [-0.1640492065515623, 0.08148354179547439, 0.9830810191669187, 0.006685339236807364], [0.0, 0.0, 0.0, 1.0]], "antennas": [-0.5170580519610642, 0.7843874937637633], "body_yaw": 0.1675490515568107, "check_collision": false}, {"head": [[0.9855671727701747, 0.05113867549437651, 0.16137590844511215, -0.016915643929489382], [-0.03700059856780572, 0.9953054953931737, -0.0894311273873534, 0.0009003671154577189], [-0.16519171790204393, 0.08216937816991068, 0.9828325847405252, 0.006765342163980392], [0.0, 0.0, 0.0, 1.0]], "antennas": [-0.5435804732571634, 0.8105663672792421], "body_yaw": 0.1675490515568107, "check_collision": false}, {"head": [[0.9853819230244549, 0.05130844028271846, 0.16244971447306952, -0.016885892649430755], [-0.036949328429051034, 0.9952369599247826, -0.09021164408389243, 0.0008660189714606303], [-0.1663045787261109, 0.08289051547331261, 0.9825843218468832, 0.00678171871601374], [0.0, 0.0, 0.0, 1.0]], "antennas": [-0.5701028945532626, 0.836745240794721], "body_yaw": 0.1675490515568107, "check_collision": false}, {"head": [[0.9852031043249991, 0.051717162935212786, 0.16340189193004173, -0.0168601810552518], [-0.03716299621280201, 0.9951659070310875, -0.09090505594013813, 0.0009080262729161265], [-0.1673133435828465, 0.08348743942010099, 0.9823625056557294, 0.00669902933994293], [0.0, 0.0, 0.0, 1.0]], "antennas": [-0.5966253158493616, 0.8629241143102], "body_yaw": 0.1675490515568107, "check_collision": false}, {"head": [[0.9849080664589662, 0.052111166414363065, 0.1650470446842205, -0.016812066879066848], [-0.03734066711398724, 0.9951170982076447, -0.09136539516840718, 0.0008540163838986897], [-0.1690022934860439, 0.08382354794287443, 0.9820447228139488, 0.00668804314801319], [0.0, 0.0, 0.0, 1.0]], "antennas": [-0.6231477371454608, 0.8891029878256789], "body_yaw": 0.1675490515568107, "check_collision": false}, {"head": [[0.9846630661403613, 0.052468861652412886, 0.16639009807065808, -0.016747012117906537], [-0.03749541232162506, 0.995063034406461, -0.09188934439116467, 0.001104339335003486], [-0.17038996517956856, 0.08424117826043684, 0.981769160063301, 0.0064023438021272305], [0.0, 0.0, 0.0, 1.0]], "antennas": [-0.64967015844156, 0.9152818613411577], "body_yaw": 0.1675490515568107, "check_collision": false}, {"head": [[0.9844502500648068, 0.05271881894259284, 0.1675661996842945, -0.0167086202809053], [-0.037560341512443016, 0.9950151696443389, -0.09237982963350569, 0.001054195340254846], [-0.1716010661179219, 0.08464950269756463, 0.9815230694182624, 0.006387243118064712], [0.0, 0.0, 0.0, 1.0]], "antennas": [-0.676192579737659, 0.9414607348566367], "body_yaw": 0.1675490515568107, "check_collision": false}, {"head": [[0.9842642263267511, 0.052934562849782055, 0.16858785492823702, -0.01664592741952475], [-0.0376819051267666, 0.9950066227000066, -0.09242237180003522, 0.0011515305677089055], [-0.17263837000915866, 0.08461532272011411, 0.981344098857048, 0.006325896260881092], [0.0, 0.0, 0.0, 1.0]], "antennas": [-0.7027150010337582, 0.9676396083721156], "body_yaw": 0.1675490515568107, "check_collision": false}, {"head": [[0.9840285491093586, 0.05301434805008075, 0.16993320287264554, -0.016632340409017527], [-0.03761884285216968, 0.9949951286505659, -0.09257168370569636, 0.0011218843064748699], [-0.17399033651382648, 0.08470048915129492, 0.9810979512451021, 0.006322404697324369], [0.0, 0.0, 0.0, 1.0]], "antennas": [-0.7292374223298573, 0.9938184818875945], "body_yaw": 0.1675490515568107, "check_collision": false}, {"head": [[0.9838129400796014, 0.05331144955368519, 0.1710847400512851, -0.016591428821723875], [-0.03778323668421753, 0.9949703507494124, -0.09277083677134787, 0.001357806047767425], [-0.17516999160128804, 0.084805014451249, 0.9808789851792771, 0.006100766100882504], [0.0, 0.0, 0.0, 1.0]], "antennas": [-0.7557598436259565, 1.0199973554030735], "body_yaw": 0.1675490515568107, "check_collision": false}, {"head": [[0.98364353160669, 0.05330003009273242, 0.17205961036929254, -0.016587822373590726], [-0.03765565718268939, 0.9949591879212882, -0.09294227161604617, 0.0013368241233650546], [-0.17614611608110672, 0.08494304658490266, 0.980692217072419, 0.0060901437341011055], [0.0, 0.0, 0.0, 1.0]], "antennas": [-0.7822822649220555, 1.0461762289185523], "body_yaw": 0.1675490515568107, "check_collision": false}, {"head":