{"description": "Used when you make a blunder.", "time": [0.0, 0.010059118270874023, 0.020175457000732422, 0.030304431915283203, 0.04021644592285156, 0.05026674270629883, 0.06034493446350098, 0.07038640975952148, 0.08060860633850098, 0.09048891067504883, 0.10054826736450195, 0.11078286170959473, 0.12072134017944336, 0.13068842887878418, 0.1408085823059082, 0.1508960723876953, 0.16099262237548828, 0.17103815078735352, 0.18109989166259766, 0.19118070602416992, 0.20116472244262695, 0.2111978530883789, 0.22130203247070312, 0.23133111000061035, 0.24137067794799805, 0.2515232563018799, 0.26155614852905273, 0.2715926170349121, 0.28177356719970703, 0.29174065589904785, 0.3018484115600586, 0.31186771392822266, 0.3220846652984619, 0.3319888114929199, 0.3420374393463135, 0.3521239757537842, 0.36222100257873535, 0.3723490238189697, 0.38233327865600586, 0.39227986335754395, 0.402357816696167, 0.4124133586883545, 0.4224863052368164, 0.43247056007385254, 0.44253993034362793, 0.45269179344177246, 0.4628009796142578, 0.47274208068847656, 0.4828331470489502, 0.49284982681274414, 0.5029358863830566, 0.5129339694976807, 0.5230507850646973, 0.5330932140350342, 0.543184757232666, 0.5531847476959229, 0.5631961822509766, 0.5733437538146973, 0.5834274291992188, 0.5934047698974609, 0.603477954864502, 0.6135251522064209, 0.623751163482666, 0.6336765289306641, 0.6437311172485352, 0.653876781463623, 0.6638543605804443, 0.6739242076873779, 0.6839950084686279, 0.6940157413482666, 0.7040669918060303, 0.7141602039337158, 0.7241566181182861, 0.7341561317443848, 0.7442784309387207, 0.7544810771942139, 0.7643909454345703, 0.7744476795196533, 0.7846150398254395, 0.7946765422821045, 0.804675817489624, 0.814849853515625, 0.8248109817504883, 0.8348743915557861, 0.8449323177337646, 0.855088472366333, 0.8652613162994385, 0.8752260208129883, 0.8853099346160889, 0.8959546089172363, 0.9053797721862793, 0.9153997898101807, 0.925508975982666, 0.9355604648590088, 0.945512056350708, 0.955782413482666, 0.9657440185546875, 0.9759795665740967, 0.9860029220581055, 0.9959120750427246, 1.0060007572174072, 1.0160892009735107, 1.026163101196289, 1.0362467765808105, 1.0462117195129395, 1.0562798976898193, 1.0662736892700195, 1.0763235092163086, 1.0864765644073486, 1.096501111984253, 1.1065974235534668, 1.116743803024292, 1.1267013549804688, 1.1367509365081787, 1.1468088626861572, 1.1569902896881104, 1.1668665409088135, 1.1769802570343018, 1.1871161460876465, 1.197115182876587, 1.2071356773376465, 1.217223882675171, 1.2272369861602783, 1.2373476028442383, 1.2474498748779297, 1.2574455738067627, 1.2674884796142578, 1.27760910987854, 1.2877020835876465, 1.2976667881011963, 1.3079967498779297, 1.317939281463623, 1.3279938697814941, 1.3379709720611572, 1.3480238914489746, 1.3581359386444092, 1.3681001663208008, 1.378136396408081, 1.3882620334625244, 1.3982923030853271, 1.4083328247070312, 1.4184486865997314, 1.4284391403198242, 1.4385406970977783, 1.4486019611358643, 1.458620309829712, 1.468686819076538, 1.4787564277648926, 1.488948106765747, 1.498974323272705, 1.5089449882507324, 1.5193655490875244, 1.5291593074798584, 1.5391676425933838, 1.5492613315582275, 1.5592377185821533, 1.5693259239196777, 1.5794625282287598, 1.5894346237182617, 1.5994904041290283, 1.6096034049987793, 1.6198976039886475, 1.6296751499176025, 1.6397759914398193, 1.6498560905456543, 1.6599550247192383, 1.6699092388153076, 1.6799447536468506, 1.690037727355957, 1.7001292705535889, 1.7101643085479736, 1.7202322483062744, 1.7302498817443848, 1.740344762802124, 1.7505862712860107, 1.7604923248291016, 1.7705180644989014, 1.780566692352295, 1.7906959056854248, 1.8006978034973145, 1.8108296394348145, 1.8209030628204346, 1.8308849334716797, 1.8409762382507324, 1.8511061668395996, 1.8610727787017822, 1.871152400970459, 1.8813621997833252, 1.8912794589996338, 1.9012773036956787, 1.9113342761993408, 1.921447992324829, 1.9314956665039062, 1.9415366649627686, 1.9517476558685303, 1.9617440700531006, 1.9717857837677002, 1.981909990310669, 1.991870403289795, 2.001988410949707, 2.0121169090270996, 2.022172689437866, 2.0320794582366943, 2.042147159576416, 2.052302598953247, 2.062298059463501, 2.0723419189453125, 2.082456588745117, 2.0929267406463623, 2.102931022644043, 2.1129956245422363, 2.123084306716919, 2.1330885887145996, 2.1432206630706787, 2.153181314468384, 2.1631946563720703, 2.1733450889587402, 2.1835577487945557, 2.193436861038208, 2.2035114765167236, 2.2135469913482666, 2.2236523628234863, 2.2336106300354004, 2.2437243461608887, 2.253833293914795, 2.2638862133026123, 2.273946523666382, 2.2840425968170166, 2.2940735816955566, 2.3041722774505615, 2.314378499984741, 2.324409008026123, 2.334270477294922, 2.3445656299591064, 2.354485034942627, 2.3644542694091797, 2.3747336864471436, 2.3848934173583984, 2.394747257232666, 2.405449628829956, 2.4149892330169678, 2.4249401092529297, 2.4349544048309326, 2.444993734359741, 2.455115795135498, 2.465099811553955], "set_target_data": [{"head": [[0.9902037112327369, -0.11786286761627371, -0.07486624538591138, -0.012661009304239157], [0.1126378991042899, 0.9911275353032382, -0.07056140906402247, 0.001061043787152004], [0.08251856728207638, 0.06143739253091104, 0.9946939895529259, 0.009156445560788262], [0.0, 0.0, 0.0, 1.0]], "antennas": [-0.03867868640787482, 0.05111564869854487], "body_yaw": 0.3140723397810006, "check_collision": false}, {"head": [[0.9902656442371509, -0.11735407935191133, -0.0748463352679721, -0.012680360910396421], [0.11210557622103254, 0.9911669890255903, -0.07085435516674747, 0.0013260116509030743], [0.08250026438582275, 0.06177394212295849, 0.994674663621658, 0.00906964842360275], [0.0, 0.0, 0.0, 1.0]], "antennas": [-0.03867868640787482, 0.05111564869854487], "body_yaw": 0.3140723397810006, "check_collision": false}, {"head": [[0.99023475969914, -0.11754760539857631, -0.07495119177602722, -0.012670276252833847], [0.11227074682699473, 0.99112931292609, -0.0711193677247292, 0.0013807175527161815], [0.08264623458146819, 0.06201004373258411, 0.9946478544619637, 0.009076957619618575], [0.0, 0.0, 0.0, 1.0]], "antennas": [-0.03867868640787482, 0.05111564869854487], "body_yaw": 0.3140723397810006, "check_collision": false}, {"head": [[0.9901723604343038, -0.11826236779371986, -0.07465057933989429, -0.012713422615801053], [0.11296879973737088, 0.9910186294517874, -0.07155505827960985, 0.0015107727230529912], [0.08244238544496825, 0.06241865461000824, 0.9946392133024012, 0.009034230331209592], [0.0, 0.0, 0.0, 1.0]], "antennas": [-0.03867868640787482, 0.05111564869854487], "body_yaw": 0.3140723397810006, "check_collision": false}, {"head": [[0.990091629371185, -0.11916369904044576, -0.0742871340146469, -0.012709594162400924], [0.11387105995279502, 0.9908955213397876, -0.07182929412139193, 0.0015396275551807894], [0.08217023277525143, 0.06265842816212784, 0.9946466579775516, 0.009037617119911134], [0.0, 0.0, 0.0, 1.0]], "antennas": [-0.03867868640787482, 0.05111564869854487], "body_yaw": 0.3140723397810006, "check_collision": false}, {"head": [[0.9900083952881007, -0.12009309099683887, -0.07389876016486886, -0.01273202615571287], [0.11481097656260594, 0.9907740940499072, -0.07200787609926071, 0.001583416298575798], [0.08186462557063694, 0.06280401304383906, 0.9946626759991393, 0.009023418406918504], [0.0, 0.0, 0.0, 1.0]], "antennas": [-0.03867868640787482, 0.05111564869854487], "body_yaw": 0.3140723397810006, "check_collision": false}, {"head": [[0.9899604184243469, -0.12069595043365564, -0.07355853113003771, -0.012720715518780169], [0.11542906762047511, 0.9906963113218582, -0.0720898680920681, 0.0016021194543002987], [0.08157512060279146, 0.06287532331670775, 0.9946819559117677, 0.009019772707042184], [0.0, 0.0, 0.0, 1.0]], "antennas": [-0.03867868640787482, 0.05111564869854487], "body_yaw": 0.3140723397810006, "check_collision": false}, {"head": [[0.9899383708773047, -0.12104016052614441, -0.07328916294100539, -0.012662629483852696], [0.11579363835829679, 0.9906564963350333, -0.07205233920522225, 0.0017303735456937826], [0.08132561208214807, 0.06284095646154358, 0.9947045586557158, 0.008968626227819576], [0.0, 0.0, 0.0, 1.0]], "antennas": [-0.03867868640787482, 0.05111564869854487], "body_yaw": 0.3140723397810006, "check_collision": false}, {"head": [[0.9898776398896698, -0.12168538731539119, -0.0730405679082524, -0.012632148459501034], [0.11647275765628642, 0.9905926617492099, -0.07183505559651912, 0.0017433349093382445], [0.08109472714299477, 0.06260067893017016, 0.994738558731431, 0.008959924515035078], [0.0, 0.0, 0.0, 1.0]], "antennas": [-0.03867868640787482, 0.05111564869854487], "body_yaw": 0.3140723397810006, "check_collision": false}, {"head": [[0.989750374109821, -0.12281892791657459, -0.07286774248522276, -0.012580988877470108], [0.1176286414377739, 0.9904655503878039, -0.07170422727070136, 0.001688048056173497], [0.08097962498661687, 0.06239795221325798, 0.9947606726728891, 0.009001962328398394], [0.0, 0.0, 0.0, 1.0]], "antennas": [-0.03867868640787482, 0.05111564869854487], "body_yaw": 0.3140723397810006, "check_collision": false}, {"head": [[0.9895666123267206, -0.12438921955884152, -0.07269966867710485, -0.012540440452000886], [0.11923894192072851, 0.9902981536454617, -0.0713557398953664, 0.00168293616913897], [0.08087023245820203, 0.06194262622727881, 0.994798028022887, 0.009009002640681274], [0.0, 0.0, 0.0, 1.0]], "antennas": [-0.03867868640787482, 0.05111564869854487], "body_yaw": 0.3140723397810006, "check_collision": false}, {"head": [[0.9893155281278873, -0.12630077311082888, -0.07282101699815867, -0.012602166901434224], [0.12117782158823116, 0.9900922601013662, -0.07094541593717732, 0.0016259032757798089], [0.08105998618412176, 0.0613631094304648, 0.9948184997479965, 0.00900957227905913], [0.0, 0.0, 0.0, 1.0]], "antennas": [-0.03867868640787482, 0.05111564869854487], "body_yaw": 0.3140723397810006, "check_collision": false}, {"head": [[0.9890528975123927, -0.12826598281351687, -0.07295343429354868, -0.012593009508554574], [0.123194827775355, 0.9898942870734282, -0.07023058328669936, 0.0015972578418059283], [0.0812243826184056, 0.060474276120281015, 0.9948595185230863, 0.009020561261973148], [0.0, 0.0, 0.0, 1.0]], "antennas": [-0.03867868640787482, 0.05111564869854487], "body_yaw": 0.3140723397810006, "check_collision": false}, {"head": [[0.9888085294194852, -0.12997064415563656, -0.0732483706647762, -0.01257958690394409], [0.12496953157354515, 0.9897461050044912, -0.06917560123864355, 0.0015641129144740818], [0.08148808701622741, 0.05924760996198935, 0.9949117611065958, 0.008963520383086454], [0.0, 0.0, 0.0, 1.0]], "antennas": [-0.03867868640787482, 0.05111564869854487], "body_yaw": 0.3140723397810006, "check_collision": false}, {"head": [[0.9885804391552833, -0.13167669813517285, -0.07328002789141388, -0.012566032008092481], [0.12674356804115855, 0.9895783289404165, -0.0683432429117129, 0.0015521729520436072], [0.08151554011195686, 0.058275020889843904, 0.9949669535519985, 0.008974309738403796], [0.0, 0.0, 0.0, 1.0]], "antennas": [-0.03867868640787482, 0.05111564869854487], "body_yaw": 0.3140723397810006, "check_collision": false}, {"head": [[0.9883334258144034, -0.13344846325602108, -0.07340672361965024, -0.012528338122829177], [0.12861288301103516, 0.9894231414686435, -0.06708631343210486, 0.001661833128523681], [0.08158287652170097, 0.05686259562249355, 0.9950431545805025, 0.008907527928039949], [0.0, 0.0, 0.0, 1.0]], "antennas": [-0.03867868640787482, 0.05111564869854487], "body_yaw": 0.3140723397810006, "check_collision": false}, {"head": [[0.9880729331278416, -0.13549611356733546, -0.07316202586241133, -0.012504897069838037], [0.13073876577321067, 0.9891955897149131, -0.06632842838981999, 0.0016438987846745588], [0.0813587975835556, 0.05597221182617004, 0.9951119824215992, 0.008919052536861483], [0.0, 0.0, 0.0, 1.0]], "antennas": [-0.03867868640787482, 0.05111564869854487], "body_yaw": 0.3140723397810006, "check_collision": false}, {"head": [[0.9878264154557095, -0.13736577396776317, -0.07300422638561076, -0.012457697665310775], [0.13265573112847168, 0.9889700557697039, -0.0658838811063787, 0.0013461972216950641], [0.08124918416017936, 0.05539740908297256, 0.9951531023617417, 0.008987984640003666], [0.0, 0.0, 0.0, 1.0]], "antennas": [-0.03867868640787482, 0.05111564869854487], "body_yaw": 0.3140723397810006, "check_collision": false}, {"head": [[0.9876618979341808, -0.13860742026443712, -0.07288318336001731, -0.012442253733653118], [0.13391947691034245, 0.9888110779074527, -0.06571320956673873, 0.001321729763718858], [0.0811760375548872, 0.055141955488897644, 0.9951732591221231, 0.009002980204390498], [0.0, 0.0, 0.0, 1.0]], "antennas": [-0.03867868640787482, 0.05111564869854487], "body_yaw": 0.3140723397810006, "check_collision": false}, {"head": [[0.9876045592357262, -0.1391022563748967, -0.07271723900300385, -0.012477971787181756], [0.13443999418691216, 0.9887534054936244, -0.06551786846184508, 0.0014087287073745384], [0.08101310103823019, 0.054929640415472644, 0.9951982777637814, 0.00897405047904426], [0.0, 0.0, 0.0, 1.0]], "antennas": [-0.03867868640787482, 0.05111564869854487], "body_yaw": 0.3140723397810006, "check_collision": false}, {"head": [[0.987642639411073, -0.13886058796180262, -0.07266191525160381, -0.012469865923533167], [0.13422033650452475, 0.9887988908546177, -0.06528135042483088, 0.0014119088970770853], [0.08091302791109059, 0.05472193852176563, 0.9952178612538457, 0.00897640728870125], [0.0, 0.0, 0.0, 1.0]], "antennas": [-0.03867868640787482, 0.05111564869854487], "body_yaw": 0.3140723397810006, "check_collision": false}, {"head": [[0.9875986238915446, -0.13915642545851417, -0.07269420431599974, -0.012344033125678777], [0.1345495412151043, 0.9887823073921139, -0.06485344668660245, 0.0014228195812555902], [0.0809035168971799, 0.05426820286259741, 0.9952434793113349, 0.009035670419697495], [0.0, 0.0, 0.0, 1.0]], "antennas": [-0.03867868640787482, 0.05111564869854487], "body_yaw": 0.3140723397810006, "check_collision": false}, {"head": [[0.9875810226680991, -0.13929876857565565, -0.07266069597201878, -0.01231560409357659], [0.13471531244267626, 0.9887769998553759, -0.06458969848570816, 0.0014103375350427777], [0.08084249043234833, 0.05399905212416699, 0.9952630778394163, 0.00904027145452957], [0.0, 0.0, 0.0, 1.0]], "antennas": [-0.03867868640787482, 0.05111564869854487], "body_yaw": 0.3140723397810006, "check_collision": false}, {"head": [[0.9875196205528861, -0.1397892345855762, -0.07255321438132366, -0.012309323586275239], [0.13522059750997148, 0.9887147752651638, -0.06448630227732621, 0.001399734468137861], [0.0807489258883972, 0.05387079975585227, 0.99527762353101, 0.009102818314650984], [0.0, 0.0, 0.0, 1.0]], "antennas": [-0.03867868640787482, 0.05111564869854487], "body_yaw": 0.3140723397810006, "check_collision": false}, {"head": [[0.9874536444632062, -0.14039741715104492, -0.07227631211986507, -0.012283635800297036], [0.13582326231391306, 0.988614997005738, -0.06474896995127549, 0.0013692582575375368], [0.08054403423431586, 0.0541198018534869, 0.9952807169821996, 0.009108719322200809], [0.0, 0.0, 0.0, 1.0]], "antennas": [-0.03867868640787482, 0.05111564869854487], "body_yaw": 0.3140723397810006, "check_collision": false}, {"head": [[0.987417945976069, -0.14088946344589082, -0.0718050071675358, -0.012251519481850923], [0.13630502410553463, 0.9885188778466303, -0.06520251946380952, 0.0012683574731786494], [0.0801669530915981, 0.05459475460855041, 0.9952852216330963, 0.0091657264824897], [0.0, 0.0, 0.0, 1.0]], "antennas": [-0.03867868640787482, 0.05111564869854487], "body_yaw": 0.3140723397810006, "check_collision": false}, {"head": [[0.9873261764834279, -0.14176311634931044, -0.07134591840845889, -0.012225734509979254], [0.13716351232719837, 0.9883659787721817, -0.06571805605595349, 0.0012344738957449234], [0.07983227490608732, 0.055099100252534214, 0.9952843297443599, 0.009169830663742218], [0.0, 0.0, 0.0, 1.0]], "antennas": [-0.03867868640787482, 0.05111564869854487], "body_yaw": 0.3140723397810006, "check_collision": false}, {"head": [[0.9872603325999277, -0.14240480455422846, -0.070978217183527, -0.012130160148436757], [0.1377931977452416, 0.9882508004871998, -0.06613161113680487, 0.0012281196084028665], [0.07956173910756782, 0.05550880089031662, 0.995283227374951, 0.009225418052382417], [0.0, 0.0, 0.0, 1.0]], "antennas": [-0.03867868640787482, 0.05111564869854487], "body_yaw": 0.3140723397810006, "check_collision": false}, {"head": [[0.9872358129340522, -0.14275132324460352, -0.07062230081465903, -0.012080943246356323], [0.13813066188133358, 0.9881790205414289, -0.06649920007043114, 0.0012148722190369909], [0.0792803248521736, 0.05589528668588477, 0.9952840534328061, 0.009235379421442702], [0.0, 0.0, 0.0, 1.0]], "antennas": [-0.03867868640787482, 0.05111564869854487], "body_yaw": 0.3140723397810006, "check_collision": false}, {"head": [[0.9872446194324188, -0.142826535910617, -0.07034658514463692, -0.012056822097315569], [0.13822112341609455, 0.9881660955239321, -0.06650329840376143, 0.0012603397309626364], [0.07901254611345702, 0.05593163949644437, 0.9953033051587383, 0.009183261540689991], [0.0, 0.0, 0.0, 1.0]], "antennas": [-0.03867868640787482, 0.05111564869854487], "body_yaw": 0.3140723397810006, "check_collision": false}, {"head": [[0.9872434840763393, -0.14294301054108383, -0.07012559366068233, -0.012017777870354854], [0.13835582586067163, 0.9881520770028439, -0.06643145463843046, 0.001259973380520279], [0.07879066314750138, 0.05588173630460977, 0.9953236975719807, 0.009184496487843474], [0.0, 0.0, 0.0, 1.0]], "antennas": [-0.03867868640787482, 0.05111564869854487], "body_yaw": 0.3140723397810006, "check_collision": false}, {"head": [[0.9872200816362947, -0.14320042014297912, -0.06992960807055873, -0.011953824740884397], [0.1386441356025645, 0.9881283665707445, -0.06618258714533753, 0.0012659795879899774], [0.0785768036830552, 0.05564144902055258, 0.9953540651817563, 0.00914361942208225], [0.0, 0.0, 0.0, 1.0]], "antennas": [-0.03867868640787482, 0.05111564869854487], "body_yaw": 0.3140723397810006, "check_collision": false}, {"head": [[0.9872062657024808, -0.1433643931529121, -0.06978853583261536, -0.011929288612423124], [0.13884084943769537, 0.9881216910474862, -0.06586912940730025, 0.0012633858868390333], [0.07840285380764021, 0.05533691767124098, 0.9953847588030793, 0.009155066148937241], [0.0, 0.0, 0.0, 1.0]], "antennas": [-0.03867868640787482, 0.05111564869854487], "body_yaw": 0.3140723397810006, "check_collision": false}, {"head": [[0.9871777781356734, -0.1437781476610819, -0.06933886796208373, -0.011891305127303032], [0.13931131586382414, 0.9880820420132548, -0.06546934796686532, 0.0013635710856574716], [0.07792555182611786, 0.054970196525615536, 0.9954425577935324, 0.009131098288960082], [0.0, 0.0, 0.0, 1.0]], "antennas": [-0.03867868640787482, 0.05111564869854487], "body_yaw": 0.3140723397810006, "check_collision": false}, {"head": [[0.9871175274110177, -0.14423140150845765, -0.06925525176378154, -0.011878236240906774], [0.13976335648754368, 0.9880129070721634, -0.0655492154197761, 0.0013550517573117987], [0.07787933783292249, 0.05502543300800555, 0.9954431226649701, 0.009158270451198769], [0.0, 0.0, 0.0, 1.0]], "antennas": [-0.03867868640787482, 0.05111564869854487], "body_yaw": 0.3140723397810006, "check_collision": false}, {"head": [[0.9870781471833707, -0.1444816175626086, -0.06929497485052898, -0.011886092580581722], [0.14002723291810068, 0.9879887715106613, -0.06534953259323069, 0.001674281643520255], [0.0779044632504667, 0.05480191196797651, 0.9954534871355418, 0.00908806559033365], [0.0, 0.0, 0.0, 1.0]], "antennas": [-0.03867868640787482, 0.05111564869854487], "body_yaw": 0.3140723397810006, "check_collision": false}, {"head": [[0.9870171731679577, -0.1449320688498977, -0.06922279458691366, -0.011882519867575419], [0.1404773463803042, 0.9879208713845313, -0.0654099918726182, 0.001671562569264557], [0.07786664899352971, 0.0548365507824522, 0.9954545382250269, 0.009102720350358029], [0.0, 0.0, 0.0, 1.0]], "antennas": [-0.03867868640787482, 0.05111564869854487], "body_yaw": 0.3140723397810006, "check_collision": false}, {"head": [[0.9869885559898338, -0.1452343211669463, -0.0689969731240358, -0.011907574766066348], [0.14079775350258378, 0.987879863402004, -0.06534040169346833, 0.0015639948155050268], [0.07765038926965068, 0.05477560990088961, 0.995474786022357, 0.009064068489292365], [0.0, 0.0, 0.0, 1.0]], "antennas": [-0.03867868640787482, 0.05111564869854487], "body_yaw": 0.3140723397810006, "check_collision": false}, {"head": [[0.9869758701779343, -0.14547291196397652, -0.06867505785385701, -0.011884516048551489], [0.1410610892192167, 0.987848080553534, -0.06525288388253048, 0.0015397004703037514], [0.07733305111527448, 0.05471564338852243, 0.9955027863214561, 0.009065220811215136], [0.0, 0.0, 0.0, 1.0]], "antennas": [-0.03867868640787482, 0.05111564869854487], "body_yaw": 0.3140723397810006, "check_collision": false}, {"head": [[0.9869876101674867, -0.1454209905324142, -0.06861627276706897, -0.011868565605779825], [0.1410361318993894, 0.9878718353104236, -0.06494648950692762, 0.0015548693690829386], [0.07722866614626553, 0.054424006770789415, 0.9955268758864734, 0.009139520845652338], [0.0, 0.0, 0.0, 1.0]], "antennas": [-0.03867868640787482, 0.05111564869854487], "body_yaw": 0.3140723397810006, "check_collision": false}, {"head": [[0.9870217946631772, -0.1452482183280479, -0.06849037839294514, -0.01183985457254029], [0.1408789918015913, 0.9879018028837124, -0.06483160901965919, 0.0015486972563044108], [0.07707844399602426, 0.05434135562937782, 0.9955430329923028, 0.009147971195891835], [0.0, 0.0, 0.0, 1.0]], "antennas": [-0.03867868640787482, 0.05111564869854487], "body_yaw": 0.3140723397810006, "check_collision": false}, {"head": [[0.9870305408326373, -0.14525128077993074, -0.06835771277201176, -0.011830489524790853], [0.14090493952103963, 0.9879113579310592, -0.06462930364302633, 0.0015675419740512728], [0.07691884997972408, 0.054159157144476104, 0.9955653048470483, 0.009191672849334864], [0.0, 0.0, 0.0, 1.0]], "antennas": [-0.03867868640787482, 0.05111564869854487], "body_yaw": 0.3140723397810006, "check_collision": false}, {"head": [[0.9870385866728343, -0.1452458474174349, -0.06825300159615612, -0.011814613374553005], [0.14091008693382912, 0.9879147625596032, -0.06456600744279693, 0.0015687207256010571], [0.07680609233123624, 0.054111604345036854, 0.9955765959764279, 0.009207525868892619], [0.0, 0.0, 0.0, 1.0]], "antennas": [-0.03867868640787482, 0.05111564869854487], "body_yaw": 0.3140723397810006, "check_collision": false}, {"head": [[0.9869934170513195, -0.1456337013441455, -0.06807951035490808, -0.011780821293907007], [0.14131241627137825, 0.9878612778633901, -0.06450501302731784, 0.0012455402377350645], [0.07664721589793402, 0.054045543117947945, 0.995592428438556, 0.009328507283281051], [0.0, 0.0, 0.0, 1.0]], "antennas": [-0.03867868640787482, 0.05111564869854487], "body_yaw": 0.3140723397810006, "check_collision": false}, {"head": [[0.986966019530299, -0.14585099682656283, -0.06801149180260198, -0.011779433641242643], [0.14152952612024916, 0.9878267389351423, -0.0645579358478879, 0.0012224045044774774], [0.07659940945395823, 0.05409085476732885, 0.9955936469774427, 0.009349264348618824], [0.0, 0.0, 0.0, 1.0]], "antennas": [-0.03867868640787482, 0.05111564869854487], "body_yaw": 0.3140723397810006, "check_collision": false}, {"head": [[0.9869350372894474, -0.14603478403504627, -0.06806668805160442, -0.01180610234825308], [0.141711702464197, 0.9878016638913252, -0.06454197237634081, 0.0013988049141567586], [0.07666176071012147, 0.05405288766908613, 0.995590909851761, 0.009310343768558826], [0.0, 0.0, 0.0, 1.0]], "antennas": [-0.03867868640787482, 0.05111564869854487], "body_yaw": 0.3140723397810006, "check_collision": false}, {"head": [[0.9869228337104513, -0.14615533642994463, -0.06798483605909665, -0.011794734620008004], [0.14184118987390906, 0.9877867989865325, -0.06448501068537421, 0.0013783901731336612], [0.07657935202184872, 0.05399867943745335, 0.9956001935832097, 0.009324519965578315], [0.0, 0.0, 0.0, 1.0]], "antennas": [-0.03867868640787482, 0.05111564869854487], "body_yaw": 0.3140723397810006, "check_collision": false}, {"head": [[0.9869310102233976, -0.14622984582362475, -0.06770534136848266, -0.011771850532584359], [0.14193915513157968, 0.9877797186964582, -0.06437781894782743, 0.001488613719969516], [0.07629192159040951, 0.05392642693842069, 0.9956261764225054, 0.009321517400925239], [0.0, 0.0, 0.0, 1.0]], "antennas": [-0.03867868640787482, 0.05111564869854487], "body_yaw": 0.3140723397810006, "check_collision": false}, {"head": [[0.9869489013154686, -0.1462582557154467, -0.0673824074018152, -0.011733118333471846], [0.14199275476400897, 0.9877785470723791, -0.06427751969473791, 0.0014825874322238323], [0.07596001439387179, 0.0538708137923905, 0.9956545644120898, 0.009332844400286255], [0.0, 0.0, 0.0, 1.0]], "antennas": [-0.03867868640787482, 0.05111564869854487], "body_yaw": 0.3140723397810006, "check_collision": false}, {"head": [[0.9869894180089523, -0.1462036968431738, -0.0669056631963165, -0.011603449627777625], [0.14197114928102245, 0.9877877989797322, -0.06418299586807881, 0.001593365211414143], [0.07547238905835202, 0.05384926384051603, 0.9956928117013095, 0.009249101233522128], [0.0, 0.0, 0.0, 1.0]], "antennas": [-0.03867868640787482, 0.05111564869854487], "body_yaw": 0.3140723397810006, "check_collision": false}, {"head": [[0.9870441671545521, -0.14590106623049462, -0.0667584523411174, -0.011551149194411709], [0.14168980448110421, 0.9878398269772839, -0.06400371507651821, 0.0015880075312567888], [0.07528486828229745, 0.05371550158282514, 0.9957142328486736, 0.009250510619041363], [0.0, 0.0, 0.0, 1.0]], "antennas": [-0.03867868640787482, 0.05111564869854487], "body_yaw": 0.3140723397810006, "check_collision": false}, {"head": [[0.9870838123228309, -0.1456664464791615, -0.06668458457814504, -0.011579698477554095], [0.14146739645745487, 0.9878789123625358, -0.06389233325652321, 0.0015621849292932577], [0.07518326402714552, 0.0536333933249326, 0.9957263358627598, 0.009317784948791707], [0.0, 0.0, 0.0, 1.0]], "antennas": [-0.03867868640787482, 0.05111564869854487], "body_yaw": 0.3140723397810006, "check_collision": false}, {"head": [[0.9870747879673276, -0.1456509956459031, -0.06685170473976441, -0.011563682634234546], [0.14145595110114298, 0.987891670632212, -0.063720177287642, 0.0015511865962601307], [0.07532314954465573, 0.05344000900874357, 0.9957261614418992, 0.009317453104532136], [0.0, 0.0, 0.0, 1.0]], "antennas": [-0.03867868640787482, 0.05111564869854487], "body_yaw": 0.3140723397810006, "check_collision": false}, {"head": [[0.9870616364254673, -0.14568042699083228, -0.0669816324737426, -0.011505108415101972], [0.14147696888443428, 0.9878874175910444, -0.063739449641258, 0.0013634304637851116], [0.07545590217041713, 0.05343840713444248, 0.9957161962479982, 0.009245084960720962], [0.0, 0.0, 0.0, 1.0]], "antennas": [-0.03867868640787482, 0.05111564869854487], "body_yaw": 0.3140723397810006, "check_collision": false}, {"head": [[0.9870322098159313, -0.14584849270514597, -0.06704948889824912, -0.011485127014262981], [0.1416490276954194, 0.9878691330813888, -0.063640622702545, 0.0013326888442116314], [0.07551800936744664, 0.05331784955024311, 0.9957179506167979, 0.009238266748889001], [0.0, 0.0, 0.0, 1.0]], "antennas": [-0.03867868640787482, 0.05111564869854487], "body_yaw": 0.3140723397810006, "check_collision": false}, {"head": [[0.9870389077540979, -0.14586392415465133, -0.06691718919533524, -0.011403347418368869], [0.1416748157650332, 0.9878682014982281, -0.06359766541785053, 0.001170499979720145], [0.0753819683846347, 0.05329288975898274, 0.9957295951931907, 0.009430754997363344], [0.0, 0.0, 0.0, 1.0]], "antennas": [-0.03867868640787482, 0.05111564869854487], "body_yaw": 0.3140723397810006, "check_collision": false}, {"head": [[0.9870425727623726, -0.14588631344230066, -0.06681424327829669, -0.01136456737712841], [0.14170545938781046, 0.9878661223141338, -0.06356167999452637, 0.001150857222618712], [0.0752763065932848, 0.053270141113495977, 0.9957388059784665, 0.009445420039973729], [0.0, 0.0, 0.0, 1.0]], "antennas": [-0.03867868640787482, 0.05111564869854487], "body_yaw": 0.3140723397810006, "check_collision": false}, {"head": [[0.9870298820617663, -0.14602075923322255, -0.06670794398037516, -0.011328508817883035], [0.1418554319877327, 0.987852876970531, -0.06343287693789938, 0.0009245151268663567], [0.07516015122862227, 0.05314726083250377, 0.9957541465308053, 0.009544434913182909], [0.0, 0.0, 0.0, 1.0]], "antennas": [-0.03867868640787482, 0.05111564869854487], "body_yaw": 0.3140723397810006, "check_collision": false}, {"head": [[0.9870377760808556, -0.14597448915782862, -0.0666924066477526, -0.011287004857781547], [0.14181557749151164, 0.9878633824236493, -0.06335834315427875, 0.0009149257365980404], [0.07513168818885461, 0.05307905596011725, 0.9957599325380968, 0.009560451028406303], [0.0, 0.0, 0.0, 1.0]], "antennas": [-0.03867868640787482, 0.05111564869854487], "body_yaw": 0.3140723397810006, "check_collision": false}, {"head": [[0.9870263030047733, -0.14603919236687696, -0.06672054758138314, -0.011272860955751076], [0.1418905331643443, 0.9878625492689783, -0.06320332546736325, 0.0008308713675540141], [0.07514089282852192, 0.05291633060431953, 0.9957678987496568, 0.009707154709743149], [0.0, 0.0, 0.0, 1.0]], "antennas": [-0.03867868640787482, 0.05111564869854487], "body_yaw": 0.3140723397810006, "check_collision": false}, {"head": [[0.9870049572926806, -0.14624423539482195, -0.06658707001706454, -0.011226360499135616], [0.14211105439720323, 0.9878378136818511, -0.06309439022904682, 0.0008225481807550327], [0.07500441652188686, 0.05281171720408265, 0.9957837415966214, 0.00972712874532955], [0.0, 0.0, 0.0, 1.0]], "antennas": [-0.03867868640787482, 0.05111564869854487], "body_yaw": 0.3140723397810006, "check_collision": false}, {"head": [[0.9870197634919765, -0.14615097626986567, -0.06657235621193051, -0.011210041768719581], [0.1420326789669521, 0.987861098201586, -0.06290603123252614, 0.0008471616191146011], [0.0749580187952812, 0.052634045971424126, 0.9957966422030979, 0.009747172592298736], [0.0, 0.0, 0.0, 1.0]], "antennas": [-0.03867868640787482, 0.05111564869854487], "body_yaw": 0.3140723397810006, "check_collision": false}, {"head": [[0.9870327291245552, -0.14602248205711502, -0.06666203095324616, -0.011173028975025208], [0.1419175986940188, 0.9878930476607954, -0.06266355850403287, 0.0008329890172645319], [0.07500524526895078, 0.05239046780994075, 0.9958059309246956, 0.009767166255938597], [0.0, 0.0, 0.0, 1.0]], "antennas": [-0.03867868640787482, 0.05111564869854487], "body_yaw": 0.3140723397810006, "check_collision": false}, {"head": [[0.9870452032468757, -0.14595901864464292, -0.06661630148564357, -0.011135686739774333], [0.14185363033242918, 0.9878998260115693, -0.06270152572163747, 0.000759360887363249], [0.07496208580905359, 0.05243947599474474, 0.9958066012276442, 0.009844684479543786], [0.0, 0.0, 0.0, 1.0]], "antennas": [-0.03867868640787482, 0.05111564869854487], "body_yaw": 0.3140723397810006, "check_collision": false}, {"head": [[0.9870512217607282, -0.14589511571463476, -0.06666708956649811, -0.011179316929990551], [0.1417720374737262, 0.9878989176613044, -0.06290006259275141, 0.0006129011975591703], [0.07503715753679996, 0.05263405451071572, 0.9957906814660202, 0.00981704151132401], [0.0, 0.0, 0.0, 1.0]], "antennas": [-0.03867868640787482, 0.05111564869854487], "body_yaw": 0.3140723397810006, "check_collision": false}, {"head": [[0.9870479035331012, -0.14589565413200917, -0.06671502256840244, -0.011173049175216668], [0.14176686431170904, 0.9878969770176503, -0.06294218762176203, 0.0006824542635690206], [0.07509056075256572, 0.052668974783840014, 0.9957848094749608, 0.009817971157358607], [0.0, 0.0, 0.0, 1.0]], "antennas": [-0.03867868640787482, 0.05111564869854487], "body_yaw": 0.3140723397810006, "check_collision": false}, {"head": [[0.986996993867452, -0.14621712094986244, -0.06676441895010912, -0.01123534337421999], [0.14206679804823308, 0.9878376545756479, -0.0631964642587304, 0.0005094511252480391], [0.07519281208290421, 0.05288971302262602, 0.9957653936884173, 0.009825482935327423], [0.0, 0.0, 0.0, 1.0]], "antennas": [-0.03867868640787482, 0.05111564869854487], "body_yaw": 0.3140723397810006, "check_collision": false}, {"head": [[0.9869597627120799, -0.1464663459836891, -0.06676852762718083, -0.011248110137818935], [0.14229774701649248, 0.9877889113629479, -0.06343829901906987, 0.0006009260756581849], [0.07524478707090365, 0.05311003749376289, 0.9957497406156156, 0.009816657638072768], [0.0, 0.0, 0.0, 1.0]], "antennas": [-0.03867868640787482, 0.05111564869854487], "body_yaw": 0.3140723397810006, "check_collision": false}, {"head": [[0.9869034177454145, -0.14679505006586263, -0.06687942373092491, -0.011275026172851439], [0.14260846613324202, 0.9877336137477517, -0.06360136523637565, 0.0005654693132261896], [0.0753954204812446, 0.05323083269091117, 0.9957318961555306, 0.009866292241551722], [0.0, 0.0, 0.0, 1.0]], "antennas": [-0.03867868640787482, 0.05111564869854487], "body_yaw": 0.3140723397810006, "check_collision": false}, {"head": [[0.9868543521711364, -0.14713114768423827, -0.06686488601654339, -0.011207307699070357], [0.14293966497769742, 0.9876806682599059, -0.06368005748842562, 0.0008247917598507414], [0.07541047524681235, 0.05328529747298435, 0.9957278429853537, 0.009856078256533785], [0.0, 0.0, 0.0, 1.0]], "antennas": [-0.03867868640787482, 0.05111564869854487], "body_yaw": 0.3140723397810006, "check_collision": false}, {"head": [[0.9867901816763209, -0.14753534684797456, -0.06692128792590307, -0.011203308027761542], [0.14333318982638424, 0.9876168322458748, -0.06378549489356873, 0.0008170093103850606], [0.07550320550418688, 0.05335085842862915, 0.9957173051943614, 0.00991097161202631], [0.0, 0.0, 0.0, 1.0]], "antennas": [-0.03867868640787482, 0.05111564869854487], "body_yaw": 0.3140723397810006, "check_collision": false}, {"head": [[0.9867526452652975, -0.14775391507496363, -0.06699251929849176, -0.011182261062074103], [0.14353607355031692, 0.9875771031504089, -0.06394420163552617, 0.0007020009613765512], [0.07560828427954422, 0.05348126693588366, 0.9957023357586526, 0.010050087054728984], [0.0, 0.0, 0.0, 1.0]], "antennas": [-0.03867868640787482, 0.05111564869854487], "body_yaw": 0.3140723397810006, "check_collision": false}, {"head": [[0.9867673535395518, -0.14778097606517898, -0.06671561362808992, -0.011111615629806323], [0.1435725446201928, 0.9875670900824176, -0.06401692758504647, 0.0006846383186828748], [0.07534662845696768, 0.053591283800346945, 0.9957162547035168, 0.010115127047441275], [0.0, 0.0, 0.0, 1.0]], "antennas": [-0.03867868640787482, 0.05111564869854487], "body_yaw": 0.3140723397810006, "check_collision": false}, {"head": [[0.9868351124719297, -0.1474327454867209, -0.06648342914412407, -0.01104571427124601], [0.14323252107784964, 0.9876130001690514, -0.0640703270068803, 0.0007304013337562118], [0.0751059631334113, 0.05370425919173455, 0.9957283499260577, 0.010095139389574292], [0.0, 0.0, 0.0, 1.0]], "antennas": [-0.03867868640787482, 0.05111564869854487], "body_yaw": 0.3140723397810006, "check_collision": false}, {"head": [[0.9869181394814923, -0.1469611073442959, -0.06629493864940407, -0.010979424662332352], [0.14279175406562733, 0.9876949515751817, -0.06379026260928107, 0.0007052950955134833], [0.07485386384984617, 0.05348939671596591, 0.9957588982809599, 0.01014521895800613], [0.0, 0.0, 0.0, 1.0]], "antennas": [-0.03867868640787482, 0.05111564869854487], "body_yaw": 0.3140723397810006, "check_collision": false}, {"head": [[0.9869478930398954, -0.14672283612596287, -0.06637970912308576, -0.010908708886777922], [0.14256987611108485, 0.9877451118454277, -0.06350924697344397, 0.000696400105490855], [0.07488449004821722, 0.05321657058302268, 0.995771213565446, 0.010219935493676002], [0.0, 0.0, 0.0, 1.0]], "antennas": [-0.03867868640787482, 0.05111564869854487], "body_yaw": 0.3140723397810006, "check_collision": false}, {"head": [[0.9869437338667748, -0.14676265092074237, -0.066353526476179, -0.010863724042366525], [0.14262590215902932, 0.9877496460559305, -0.06331262709528843, 0.0006621723938505233], [0.07483260128066956, 0.05302226901124064, 0.9957854792948468, 0.010274357738216833], [0.0, 0.0, 0.0, 1.0]], "antennas": [-0.03867868640787482, 0.05111564869854487], "body_yaw": 0.3140723397810006, "check_collision": false}, {"head": [[0.9869405121368663, -0.14674449313201648, -0.06644154753200124, -0.010909496866886482], [0.14261982067228646, 0.9877647989997366, -0.06308952851634164, 0.0009052481234758641], [0.07488666272724712, 0.05278972999018845, 0.9957937698907029, 0.010268710230464773], [0.0, 0.0, 0.0, 1.0]], "antennas": [-0.03867868640787482, 0.05111564869854487], "body_yaw": 0.3140723397810006, "check_collision": false}, {"head": [[0.986905517217496, -0.14697996709721897, -0.06644087113943455, -0.010883333239764781], [0.14286428765028572, 0.9877369037420379, -0.06297304423535786, 0.0010024572515516614], [0.07488187631091343, 0.05265641706565637, 0.9958011881605507, 0.010253492033121314], [0.0, 0.0, 0.0, 1.0]], "antennas": [-0.03867868640787482, 0.05111564869854487], "body_yaw": 0.3140723397810006, "check_collision": false}, {"head": [[0.9868986297920472, -0.14699829064084005, -0.06650260944692636, -0.010893899967088418], [0.14288779972078416, 0.9877406469884796, -0.06286088591272246, 0.0009994481014543918], [0.0749277732588683, 0.05253491063521806, 0.995804153415227, 0.010298104326191937], [0.0, 0.0, 0.0, 1.0]], "antennas": [-0.03867868640787482, 0.05111564869854487], "body_yaw": 0.3140723397810006, "check_collision": false}, {"head": [[0.9868826565017087, -0.14705958767400426, -0.06660405370007065, -0.010916629636940447], [0.1429500967960319, 0.9877369535933159, -0.0627772278155095, 0.0009964124226014915], [0.07501927833653928, 0.052432701430949774, 0.9958026509798602, 0.010343618111278985], [0.0, 0.0, 0.0, 1.0]], "antennas": [-0.03867868640787482, 0.05111564869854487], "body_yaw": 0.3140723397810006, "check_collision": false}, {"head": [[0.9868528136033795, -0.1472868230142133, -0.06654409101846386, -0.010957608094147685], [0.1431693165432132, 0.9876955920306734, -0.06292824710515202, 0.0009291402530558512], [0.07499380696859588, 0.05257384567974514, 0.9957971277658917, 0.010322708951416626], [0.0, 0.0, 0.0, 1.0]], "antennas": [-0.03867868640787482, 0.05111564869854487], "body_yaw": 0.3140723397810006, "check_collision": false}, {"head": [[0.9868169127198769, -0.14745111260883215, -0.06671244381993621, -0.010984868347409204], [0.14331364131605795, 0.9876651867278882, -0.06307677178246984, 0.0009263702156363566], [0.07519029846158962, 0.052684421949785135, 0.9957764662317914, 0.010354197929717646], [0.0, 0.0, 0.0, 1.0]], "antennas": [-0.03867868640787482, 0.05111564869854487], "body_yaw": 0.3140723397810006, "check_collision": false}, {"head": [[0.9867948871698113, -0.14767051499915196, -0.0665527584357264, -0.010895119962221072], [0.14352526379946184, 0.9876205168776304, -0.06329465454251836, 0.001112722175798025], [0.0750756239189113, 0.0529068392766671, 0.9957733261395079, 0.010277448388367638], [0.0, 0.0, 0.0, 1.0]], "antennas": [-0.03867868640787482, 0.05111564869854487], "body_yaw": 0.3140723397810006, "check_collision": false}, {"head": [[0.9867721900150411, -0.1478799185109759, -0.06642420277358786, -0.010835936856781274], [0.14371441398413645, 0.9875697400876999, -0.06365670173916547, 0.0009133204526863082], [0.07501208053451013, 0.05326854760832096, 0.9957588310477513, 0.010352214140253446], [0.0, 0.0, 0.0, 1.0]], "antennas": [-0.03867868640787482, 0.05111564869854487], "body_yaw": 0.3140723397810006, "check_collision": false}, {"head": [[0.9867707763046477, -0.14793139024346966, -0.06633052699743303, -0.010799409756479852], [0.14374562317978426, 0.9875434565276286, -0.06399310342622062, 