{"description": "Used to say 'oops, I forgot something,' or 'ah yes, that\u2019s right.'", "time": [0.0, 0.010024309158325195, 0.02014613151550293, 0.03018045425415039, 0.04017901420593262, 0.050534725189208984, 0.06041288375854492, 0.07039093971252441, 0.08048534393310547, 0.09053969383239746, 0.10065388679504395, 0.1107020378112793, 0.12093377113342285, 0.13083910942077637, 0.14088225364685059, 0.15114593505859375, 0.1610250473022461, 0.1710219383239746, 0.1811065673828125, 0.19119954109191895, 0.20122814178466797, 0.21123027801513672, 0.22136378288269043, 0.23140954971313477, 0.24141502380371094, 0.25162315368652344, 0.2616128921508789, 0.2716100215911865, 0.2816598415374756, 0.2917826175689697, 0.3018684387207031, 0.3119242191314697, 0.3220794200897217, 0.3320655822753906, 0.3420679569244385, 0.3521549701690674, 0.3621995449066162, 0.37218546867370605, 0.3822603225708008, 0.39235448837280273, 0.40253281593322754, 0.4124412536621094, 0.42264842987060547, 0.43262362480163574, 0.44266843795776367, 0.4527311325073242, 0.4627869129180908, 0.4728362560272217, 0.4829537868499756, 0.49306702613830566, 0.5030112266540527, 0.5130617618560791, 0.5232253074645996, 0.5332660675048828, 0.5432145595550537, 0.553349494934082, 0.56339430809021, 0.5734603404998779, 0.5835437774658203, 0.5935714244842529, 0.6036007404327393, 0.6136515140533447, 0.6241371631622314, 0.6339120864868164, 0.6439173221588135, 0.6540048122406006, 0.6640369892120361, 0.6741297245025635, 0.6841375827789307, 0.6941940784454346, 0.7042174339294434, 0.7142829895019531, 0.7244219779968262, 0.7344510555267334, 0.7444708347320557, 0.7546353340148926, 0.7646417617797852, 0.7746453285217285, 0.7848923206329346, 0.7948780059814453, 0.8048686981201172, 0.814922571182251, 0.8250162601470947, 0.8350794315338135, 0.8451333045959473, 0.8554215431213379, 0.8652355670928955, 0.875197172164917, 0.8853766918182373, 0.8954014778137207, 0.905433177947998, 0.9156782627105713, 0.9257800579071045, 0.935661792755127, 0.9456992149353027, 0.9558429718017578, 0.9659717082977295, 0.9758918285369873, 0.9859676361083984, 0.9960446357727051, 1.0060946941375732, 1.0161089897155762, 1.026219129562378, 1.0362820625305176, 1.046283483505249, 1.0565001964569092, 1.0664587020874023, 1.0764954090118408, 1.0865325927734375, 1.0969021320343018, 1.1068427562713623, 1.1166987419128418, 1.1268129348754883, 1.1369421482086182, 1.1469218730926514, 1.1571221351623535, 1.1670606136322021, 1.1770799160003662, 1.1872854232788086, 1.197220802307129, 1.2072408199310303, 1.217355728149414, 1.2274341583251953, 1.2374238967895508, 1.2475426197052002, 1.2578308582305908, 1.2678232192993164, 1.2777016162872314, 1.2878942489624023, 1.2978641986846924, 1.3079662322998047, 1.3180339336395264, 1.3280925750732422, 1.3380696773529053, 1.3481266498565674, 1.3582406044006348, 1.3683900833129883, 1.3782763481140137, 1.3883922100067139, 1.3984880447387695, 1.4085121154785156, 1.4185245037078857, 1.4286048412322998, 1.438659429550171, 1.4488105773925781, 1.45884370803833, 1.4688794612884521, 1.478938102722168, 1.4890344142913818, 1.4990861415863037, 1.5091290473937988, 1.5192358493804932, 1.5293264389038086, 1.5393173694610596, 1.5493838787078857, 1.5594873428344727, 1.5695970058441162, 1.579552412033081, 1.5896492004394531, 1.5998027324676514, 1.6097519397735596, 1.6200337409973145, 1.6301045417785645, 1.6402249336242676, 1.6501128673553467, 1.6604280471801758, 1.6703081130981445, 1.6807363033294678, 1.690915822982788, 1.7011303901672363, 1.7111473083496094, 1.7212817668914795, 1.731306552886963, 1.7412140369415283, 1.7513232231140137, 1.761378526687622, 1.7713990211486816, 1.781437873840332, 1.79160475730896, 1.801612377166748, 1.8116378784179688, 1.8217370510101318, 1.831763505935669, 1.8417928218841553, 1.8518786430358887, 1.8619766235351562, 1.8720498085021973, 1.8820278644561768, 1.892202377319336, 1.9022233486175537, 1.9122307300567627, 1.922536849975586, 1.9324054718017578, 1.9423861503601074, 1.9525268077850342, 1.962594985961914, 1.9726026058197021, 1.9829761981964111, 1.9928364753723145, 2.0028154850006104, 2.0128414630889893, 2.0229549407958984, 2.033069133758545, 2.0430727005004883, 2.0531229972839355, 2.0632035732269287, 2.07330322265625, 2.0834240913391113, 2.0942327976226807, 2.10429310798645, 2.1142332553863525, 2.1240484714508057, 2.133776903152466, 2.1437292098999023, 2.1537063121795654, 2.163837194442749, 2.173825979232788, 2.1838784217834473, 2.1940033435821533, 2.2040605545043945, 2.2141029834747314, 2.2241218090057373, 2.2343077659606934, 2.244230031967163, 2.2545089721679688, 2.264385223388672, 2.274409055709839, 2.284538745880127, 2.294550657272339, 2.304546356201172, 2.314661741256714, 2.3247063159942627, 2.334789991378784, 2.3448293209075928, 2.354912281036377, 2.3650193214416504, 2.3750247955322266, 2.3850948810577393, 2.3951661586761475, 2.4051971435546875, 2.415224075317383, 2.4252963066101074, 2.43534255027771, 2.4453818798065186, 2.4555020332336426, 2.4655539989471436, 2.47558331489563, 2.4857449531555176, 2.495753288269043, 2.505718231201172, 2.5158486366271973, 2.5259227752685547, 2.535989999771118, 2.5459866523742676, 2.5561506748199463, 2.5663154125213623, 2.5762648582458496, 2.5862536430358887, 2.5963361263275146, 2.606326103210449, 2.6164445877075195, 2.626723289489746, 2.6368772983551025, 2.646717071533203, 2.656710147857666, 2.666959047317505, 2.6769144535064697, 2.6869397163391113, 2.696965217590332, 2.706998348236084, 2.7171120643615723], "set_target_data": [{"head": [[0.9663388380489317, -0.2544080459475076, 0.03828571842621549, 0.002927204097801641], [0.25653904633902186, 0.9640844092858427, -0.06876750304782765, -0.004851030281155828], [-0.01941565815793496, 0.07627449068422977, 0.9968978053387196, 0.008661843007591655], [0.0, 0.0, 0.0, 1.0]], "antennas": [-0.0, -0.0], "body_yaw": 0.3140723397810006, "check_collision": false}, {"head": [[0.9663379502712521, -0.2544161726483877, 0.038254110373928646, 0.0030587922222160627], [0.25654427569507166, 0.9640847257434113, -0.06874355385301355, -0.0048811719055761454], [-0.019390731642875157, 0.0762433779629214, 0.9969006704999034, 0.008673278687338307], [0.0, 0.0, 0.0, 1.0]], "antennas": [-0.0, -0.0], "body_yaw": 0.3140723397810006, "check_collision": false}, {"head": [[0.9663569718823991, -0.25433313065443813, 0.03832572955329672, 0.003119648144324881], [0.2564637858195233, 0.964117459986357, -0.0685846186296373, -0.004849912102512295], [-0.01950716425823213, 0.07610638607217915, 0.9969088667183348, 0.008688643693453683], [0.0, 0.0, 0.0, 1.0]], "antennas": [-0.0, -0.0], "body_yaw": 0.3140723397810006, "check_collision": false}, {"head": [[0.9663646281028644, -0.2543048476761893, 0.03832036012359585, 0.003141563990844986], [0.25643124088184277, 0.9641403248153387, -0.06838459449884007, -0.004927032936793798], [-0.019555670569178965, 0.07591099072836957, 0.9969228140810232, 0.008595016157155692], [0.0, 0.0, 0.0, 1.0]], "antennas": [-0.0, -0.0], "body_yaw": 0.3140723397810006, "check_collision": false}, {"head": [[0.9663814873773034, -0.2542356887067206, 0.038354079864471396, 0.003177754422248151], [0.25636222907466716, 0.9641679485350483, -0.06825375097080341, -0.004902088489652973], [-0.019627235115997586, 0.07579169879040876, 0.9969304840540113, 0.008596566157936084], [0.0, 0.0, 0.0, 1.0]], "antennas": [-0.0, -0.0], "body_yaw": 0.3140723397810006, "check_collision": false}, {"head": [[0.9664181334799681, -0.25410332454469586, 0.038307854761495556, 0.0031966453995164526], [0.25622373689300904, 0.9642152763747466, -0.06810504722965488, -0.004874438142438506], [-0.019631299846850248, 0.07563333432359318, 0.996942431038733, 0.008598932340837532], [0.0, 0.0, 0.0, 1.0]], "antennas": [-0.0, -0.0], "body_yaw": 0.3140723397810006, "check_collision": false}, {"head": [[0.9664435647972148, -0.25404731129930513, 0.038036820104290756, 0.0032566123261303336], [0.25614555275145623, 0.964242558001382, -0.06801283073511148, -0.005136896938542093], [-0.019398243933489896, 0.07547352489811195, 0.9969591040618223, 0.008686170423018894], [0.0, 0.0, 0.0, 1.0]], "antennas": [-0.0, -0.0], "body_yaw": 0.3140723397810006, "check_collision": false}, {"head": [[0.966484847879573, -0.2539091324110146, 0.0379103059534564, 0.003283022416174071], [0.25599683044947324, 0.9642868053213361, -0.06794541841062922, -0.005144614111607699], [-0.019304445576666655, 0.07537313554216556, 0.9969685194726662, 0.008676528039604395], [0.0, 0.0, 0.0, 1.0]], "antennas": [-0.0, -0.0], "body_yaw": 0.3140723397810006, "check_collision": false}, {"head": [[0.9665232260353752, -0.25374530035108944, 0.038028621903855725, 0.003280941634209302], [0.25584482232609407, 0.9643180015761048, -0.0680750962187849, -0.005133475591045615], [-0.01939794894055455, 0.07552558762434673, 0.9969551670917287, 0.008767678563056994], [0.0, 0.0, 0.0, 1.0]], "antennas": [-0.0, -0.0], "body_yaw": 0.3140723397810006, "check_collision": false}, {"head": [[0.9665636353605448, -0.25357311366913426, 0.038149899380583184, 0.0033093073996117023], [0.25568457385769927, 0.9643519212440852, -0.06819655918042322, -0.005160648035133183], [-0.01949711491003263, 0.07567065492634889, 0.996942232274871, 0.008757257785425025], [0.0, 0.0, 0.0, 1.0]], "antennas": [-0.0, -0.0], "body_yaw": 0.3140723397810006, "check_collision": false}, {"head": [[0.9666108093895263, -0.25335444772354737, 0.038406600865228374, 0.0033526530437423124], [0.255485355382337, 0.9644065024316862, -0.068171337471423, -0.0051089287023120145], [-0.01976806405507673, 0.07570747576149918, 0.9969341010103607, 0.00880502074737666], [0.0, 0.0, 0.0, 1.0]], "antennas": [-0.0, -0.0], "body_yaw": 0.3140723397810006, "check_collision": false}, {"head": [[0.966657550152657, -0.2531425755136101, 0.03862663841443863, 0.0033659489400672087], [0.25529202279780316, 0.9644528322920715, -0.06824014492663104, -0.005138273773441813], [-0.01997908478057767, 0.0758259239715408, 0.9969208922603602, 0.008785485597128054], [0.0, 0.0, 0.0, 1.0]], "antennas": [-0.0, -0.0], "body_yaw": 0.3140723397810006, "check_collision": false}, {"head": [[0.9667168476525776, -0.2529221638428289, 0.038586467857584295, 0.0034461955865262087], [0.25506829743033904, 0.9645147388502178, -0.06820177553909003, -0.0051336526979702014], [-0.01996747632154067, 0.07577399011374232, 0.9969250735695192, 0.008679460363200168], [0.0, 0.0, 0.0, 1.0]], "antennas": [-0.0, -0.0], "body_yaw": 0.3140723397810006, "check_collision": false}, {"head": [[0.9667401642605014, -0.25282434887209415, 0.03864328431927514, 0.0034394117339286746], [0.2549763094280849, 0.9645344983208327, -0.06826626677512809, -0.005164700479905257], [-0.020013406407010922, 0.07584886397554749, 0.9969184587505673, 0.008650530326451137], [0.0, 0.0, 0.0, 1.0]], "antennas": [-0.0, -0.0], "body_yaw": 0.3140723397810006, "check_collision": false}, {"head": [[0.9667308204135555, -0.25284852051602674, 0.038718813713620986, 0.003389929196899108], [0.25500581664517624, 0.9645279039336496, -0.06824921985258764, -0.005192130456650866], [-0.02008866196789648, 0.07585214701125154, 0.9969166953432582, 0.008695629656416907], [0.0, 0.0, 0.0, 1.0]], "antennas": [-0.0, -0.0], "body_yaw": 0.3140723397810006, "check_collision": false}, {"head": [[0.9667433311575665, -0.25279363513202785, 0.03876479974290227, 0.003360890020851527], [0.2549561406423951, 0.9645354493917866, -0.06832812901960586, -0.005225614173271408], [-0.020117107423966486, 0.07593908679540343, 0.9969095029567996, 0.00867929330770634], [0.0, 0.0, 0.0, 1.0]], "antennas": [-0.0, -0.0], "body_yaw": 0.3140723397810006, "check_collision": false}, {"head": [[0.9667605425924916, -0.2527175046525036, 0.03883189576216148, 0.0033185188461930595], [0.2548857990702403, 0.964552237075557, -0.06835357624048437, -0.005054193168156362], [-0.020181246705707825, 0.0759792392351387, 0.9969051471863575, 0.00869927962872508], [0.0, 0.0, 0.0, 1.0]], "antennas": [-0.0, -0.0], "body_yaw": 0.3140723397810006, "check_collision": false}, {"head": [[0.9667902384788971, -0.25257412415022684, 0.03902494832364015, 0.0033346259941935893], [0.25475240023052004, 0.9646048568385249, -0.06810789044095801, -0.005068312364179442], [-0.020441363915011175, 0.07578774289602773, 0.9969144239442117, 0.00873738783059808], [0.0, 0.0, 0.0, 1.0]], "antennas": [-0.0, -0.0], "body_yaw": 0.3140723397810006, "check_collision": false}, {"head": [[0.9668329656612367, -0.2523913622167745, 0.039148649900848785, 0.0033251813409254406], [0.25457925335241094, 0.9646511921031844, -0.06809905532703495, -0.0050922685850694135], [-0.02057717845641814, 0.07580684568207885, 0.9969101774355132, 0.008724332812123096], [0.0, 0.0, 0.0, 1.0]], "antennas": [-0.0, -0.0], "body_yaw": 0.3140723397810006, "check_collision": false}, {"head": [[0.9668922179544319, -0.2521563976785629, 0.03919936184340228, 0.003376164743579123], [0.25434971103463244, 0.9647081782083528, -0.06814950766161369, -0.005161081545527153], [-0.020631610595358497, 0.07586357497305156, 0.9969047369917298, 0.008671268976470862], [0.0, 0.0, 0.0, 1.0]], "antennas": [-0.0, -0.0], "body_yaw": 0.3140723397810006, "check_collision": false}, {"head": [[0.96695151973086, -0.2519314436409448, 0.039182983489900486, 0.0033758739716964227], [0.25412339253103944, 0.9647699657936203, -0.06811911971753712, -0.0051874122394040805], [-0.020641217471253803, 0.07582519902754212, 0.9969074577581102, 0.008657962029688774], [0.0, 0.0, 0.0, 1.0]], "antennas": [-0.0, -0.0], "body_yaw": 0.3140723397810006, "check_collision": false}, {"head": [[0.9669353279269046, -0.25199998355818026, 0.03914179216088894, 0.0032872240406889644], [0.2541896772318755, 0.9647489975846318, -0.06816875859367653, -0.005250426068013046], [-0.020583478706095566, 0.07586422046080014, 0.9969056828297403, 0.00855622469553569], [0.0, 0.0, 0.0, 1.0]], "antennas": [-0.0, -0.0], "body_yaw": 0.3140723397810006, "check_collision": false}, {"head": [[0.9668983991687148, -0.2521333712413749, 0.039195009777213144, 0.003268636399774632], [0.2543298805101266, 0.9647015188003399, -0.0683175782944773, -0.0052742917972592555], [-0.020586344131038554, 0.07602461924124529, 0.9968934043841108, 0.008538779155302826], [0.0, 0.0, 0.0, 1.0]], "antennas": [-0.0, -0.0], "body_yaw": 0.3140723397810006, "check_collision": false}, {"head": [[0.9668950555252274, -0.2520788368102108, 0.039625895993387956, 0.003257029484616668], [0.2543113721060537, 0.9646959822813063, -0.06846450020150521, -0.0053202091799921195], [-0.0209684910855304, 0.07627530270485158, 0.9968662902209501, 0.008478927340618617], [0.0, 0.0, 0.0, 1.0]], "antennas": [-0.0, -0.0], "body_yaw": 0.3140723397810006, "check_collision": false}, {"head": [[0.9668911917869472, -0.252066094907479, 0.03980084223870679, 0.0032558580079597235], [0.2543152135880078, 0.9646842550391134, -0.06861530599885393, -0.005335762698200682], [-0.021099653610963318, 0.07646549468697728, 0.9968489518175624, 0.008454103163034469], [0.0, 0.0, 0.0, 1.0]], "antennas": [-0.0, -0.0], "body_yaw": 0.3140723397810006, "check_collision": false}, {"head": [[0.9669169830868011, -0.2519316802627895, 0.04002469610485698, 0.0033342892935401963], [0.2541986099163605, 0.9647137689842091, -0.06863243146553741, -0.005180533691617938], [-0.021321691652130596, 0.0765360856867485, 0.9968388099652029, 0.008342463287101701], [0.0, 0.0, 0.0, 1.0]], "antennas": [-0.0, -0.0], "body_yaw": 0.3140723397810006, "check_collision": false}, {"head": [[0.9669394661296432, -0.2518127766982139, 0.04022927208458985, 0.003359051118305152], [0.2540982243385541, 0.9647317327142201, -0.06875155476214585, -0.005188616478605626], [-0.021497935457022915, 0.07670077826041909, 0.9968223660137907, 0.00831700108403283], [0.0, 0.0, 0.0, 1.0]], "antennas": [-0.0, -0.0], "body_yaw": 0.3140723397810006, "check_collision": false}, {"head": [[0.966997202694506, -0.2515992948928646, 0.04017716752601316, 0.003399090469058997], [0.2538828442690587, 0.9647830893592858, -0.06882653465201174, -0.005228024043971911], [-0.021445544219087096, 0.07675536004583056, 0.9968192932208834, 0.008340227271267934], [0.0, 0.0, 0.0, 1.0]], "antennas": [-0.0, -0.0], "body_yaw": 0.3140723397810006, "check_collision": false}, {"head": [[0.9670401650282963, -0.25144214114013497, 0.040126909685520636, 0.0032936391801914877], [0.25372047759201877, 0.9648314824660796, -0.06874685223910285, -0.005256225081233962], [-0.021429850035018863, 0.07666198602418, 0.9968268161653282, 0.00848590647278136], [0.0, 0.0, 0.0, 1.0]], "antennas": [-0.0, -0.0], "body_yaw": 0.3140723397810006, "check_collision": false}, {"head": [[0.9670284622630227, -0.25147979215996774, 0.04017296738347153, 0.0032442455508292986], [0.2537588219464546, 0.9648304965162794, -0.06861904456124314, -0.005411398349307895], [-0.021503801002650133, 0.07655081402133986, 0.9968337671924589, 0.00864143858442307], [0.0, 0.0, 0.0, 1.0]], "antennas": [-0.0, -0.0], "body_yaw": 0.3140723397810006, "check_collision": false}, {"head": [[0.9670110319957056, -0.25154472631896135, 0.04018600079280156, 0.0032165117550873763], [0.25382636051071944, 0.9648069458908258, -0.06870033384707061, -0.005405345662459279], [-0.021490526016886526, 0.07663424705662297, 0.9968276428097195, 0.00866440162078758], [0.0, 0.0, 0.0, 1.0]], "antennas": [-0.0, -0.0], "body_yaw": 0.3140723397810006, "check_collision": false}, {"head": [[0.9669887510879599, -0.25162359782088867, 0.04022835180590624, 0.003343486691655878], [0.2539084080669017, 0.96478500352813, -0.06870529295591822, -0.005456481267674132], [-0.021523837536085805, 0.07665156219476867, 0.9968255927848273, 0.00873303484501792], [0.0, 0.0, 0.0, 1.0]], "antennas": [-0.0, -0.0], "body_yaw": 0.3140723397810006, "check_collision": false}, {"head": [[0.9669954616588893, -0.2515716677312258, 0.04039149819010976, 0.003365783060218827], [0.25387061997197585, 0.9647900207750327, -0.06877444385785202, -0.005446879290652747], [-0.021667612839363293, 0.07675878977577706, 0.9968142267975522, 0.008734968536694646], [0.0, 0.0, 0.0, 1.0]], "antennas": [-0.0, -0.0], "body_yaw": 0.3140723397810006, "check_collision": false}, {"head": [[0.9670230891416186, -0.25144093136714696, 0.040543841705284384, 0.0033361382907676727], [0.2537567765907195, 0.9648040095821581, -0.06899798133626017, -0.005351273129051898], [-0.021767944351480408, 0.07701091563806339, 0.9967925940090537, 0.008647516192274721], [0.0, 0.0, 0.0, 1.0]], "antennas": [-0.0, -0.0], "body_yaw": 0.3140723397810006, "check_collision": false}, {"head": [[0.9670609053505801, -0.2512607435566734, 0.040758362207821634, 0.0034193384831446016], [0.25359590563166845, 0.9648386364371648, -0.06910515382318687, -0.005493923479683109], [-0.021961830282794477, 0.07716504639679829, 0.9967764210820849, 0.008618958052741158], [0.0, 0.0, 0.0, 1.0]], "antennas": [-0.0, -0.0], "body_yaw": 0.3140723397810006, "check_collision": false}, {"head": [[0.9671616697555553, -0.2508953743025663, 0.04061792349716553, 0.003366278958884493], [0.25322286337539796, 0.9649289849503581, -0.0692115269780714, -0.005407941364269099], [-0.02182855972369584, 0.0772241228907583, 0.9967747733686594, 0.008355356267112816], [0.0, 0.0, 0.0, 1.0]], "antennas": [-0.0, -0.0], "body_yaw": 0.3140723397810006, "check_collision": false}, {"head": [[0.9671687895438706, -0.25086046139914087, 0.040664006674874284, 0.0033437909698172223], [0.25319372151742714, 0.9649296678084803, -0.06930855334784754, -0.005404049474549567], [-0.021851130780800268, 0.0773289408282954, 0.9967661526125244, 0.00831921608952602], [0.0, 0.0, 0.0, 1.0]], "antennas": [-0.0, -0.0], "body_yaw": 0.3140723397810006, "check_collision": false}, {"head": [[0.9671455926859468, -0.2509424921939471, 0.04070955857828936, 0.0033713762328316244], [0.2532795183288114, 0.9649057445657261, -0.06932813064829335, -0.0056119098824378], [-0.021883513046896043, 0.0773612933937401, 0.9967629317652085, 0.008319807525366322], [0.0, 0.0, 0.0, 1.0]], "antennas": [-0.0, -0.0], "body_yaw": 0.3140723397810006, "check_collision": false}, {"head": [[0.967129877137501, -0.25100855106363884, 0.0406756443210812, 0.0033527269649252754], [0.2533449601611153, 0.9648814674604969, -0.06942683135677011, -0.005620229482252914], [-0.021820447038623576, 0.07744973237017108, 0.9967574464466387, 0.00828126696303905], [0.0, 0.0, 0.0, 1.0]], "antennas": [-0.0, -0.0], "body_yaw": 0.3140723397810006, "check_collision": false}, {"head": [[0.9671543058624897, -0.2509199718414167, 0.04064131374289179, 0.0033414472582123274], [0.25325514169282803, 0.9649010420184784, -0.06948246050479352, -0.0055892046888989366], [-0.021780308946181055, 0.0774928825296702, 0.996754970541633, 0.00822563546424793], [0.0, 0.0, 0.0, 1.0]], "antennas": [-0.0, -0.0], "body_yaw": 0.3140723397810006, "check_collision": false}, {"head": [[0.9671842338831541, -0.25080255517358924, 0.040653856474567304, 0.003325956526685294], [0.2531402326776842, 0.9649270392365376, -0.06954014344317389, -0.0056027491449580635], [-0.021787159698865445, 0.07754925704742793, 0.996750436369931, 0.008174256617873524], [0.0, 0.0, 0.0, 1.0]], "antennas": [-0.0, -0.0], "body_yaw": 0.3140723397810006, "check_collision": false}, {"head": [[0.967259036418873, -0.25051639244644536, 0.04063857258384021, 0.003229797631823017], [0.2528569127492227, 0.9649902217145498, -0.0696940002456183, -0.005600655617528469], [-0.021756335651148814, 0.0776878955238385, 0.9967403135963309, 0.008091829690817235], [0.0, 0.0, 0.0, 1.0]], "antennas": [-0.0, -0.0], "body_yaw": 0.3140723397810006, "check_collision": false}, {"head": [[0.9673130611054139, -0.25030899051186295, 0.04063066679007456, 0.0032014560668213315], [0.25264922030447756, 0.9650451560557669, -0.06968657153885707, -0.005623674831448438], [-0.021767252798953328, 0.0776740371181566, 0.9967411552972787, 0.008040414264397503], [0.0, 0.0, 0.0, 1.0]], "antennas": [-0.0, -0.0], "body_yaw": 0.3140723397810006, "check_collision": false}, {"head": [[0.9673542359246158, -0.2501207072236795, 0.040809484885613784, 0.00317107399074059], [0.2524733507718697, 0.9650975120068728, -0.06959884674452937, -0.005499651795244462], [-0.021977019559693767, 0.07763004660613354, 0.9967399793703483, 0.00809732908042166], [0.0, 0.0, 0.0, 1.0]], "antennas": [-0.0, -0.0], "body_yaw": 0.3140723397810006, "check_collision": false}, {"head": [[0.9674256722837685, -0.2498391617220245, 0.040840688979684965, 0.003143602458723912], [0.25219372469437373, 0.9651744080630411, -0.06954629569529493, -0.00549996017207274], [-0.022042999593469677, 0.07758063734073763, 0.9967423693606728, 0.00807656845074162], [0.0, 0.0, 0.0, 1.0]], "antennas": [-0.0, -0.0], "body_yaw": 0.3140723397810006, "check_collision": false}, {"head": [[0.9674572391178663, -0.2497033707484289, 0.040923307726876336, 0.0031493857211496792], [0.25206540970379937, 0.9652055123392977, -0.06957979721650331, -0.005516358808430523], [-0.022125092300185382, 0.07763082884206904, 0.996736642601245, 0.008262115556208875], [0.0, 0.0, 0.0, 1.0]], "antennas": [-0.0, -0.0], "body_yaw": 0.3140723397810006, "check_collision": false}, {"head": [[0.9674657805626666, -0.24964939138774556, 0.04105051546567738, 0.0031285237503139336], [0.252022913430316, 0.9652118554211908, -0.06964571243426997, -0.00550840298649535], [-0.022235434476641322, 0.07772551404854029, 0.9967268080670473, 0.008272232999114785], [0.0, 0.0, 0.0, 1.0]], "antennas": [-0.0, -0.0], "body_yaw": 0.3140723397810006, "check_collision": false}, {"head": [[0.967450132276403, -0.24969523018330383, 0.041140413003245425, 0.003148220794720026], [0.2520741025322752, 0.9652034398897398, -0.0695770541023523, -0.005433976782090916], [-0.022335809609654027, 0.0776827628803234, 0.9967278966500139, 0.008192442181847118], [0.0, 0.0, 0.0, 1.0]], "antennas": [-0.0, -0.0], "body_yaw": 0.3140723397810006, "check_collision": false}, {"head": [[0.9674366001509691, -0.24972417203175326, 0.041282715407175444, 0.003134298257226737], [0.2521161778793928, 0.9651856218190886, -0.06967171797211615, -0.005418224116322333], [-0.02244677125603857, 0.07781101038256098, 0.9967154002639994, 0.00820765147425934], [0.0, 0.0, 0.0, 1.0]], "antennas": [-0.0, -0.0], "body_yaw": 0.3140723397810006, "check_collision": false}, {"head": [[0.9674370348806931, -0.24974724329103265, 0.041132687850205185, 0.0031531568915247332], [0.2521264638743053, 0.965186318607542, -0.06962482737543534, -0.005424757767821508], [-0.02231209885894371, 0.07772827568748909, 0.9967248794944162, 0.008221968435907948], [0.0, 0.0, 0.0, 1.0]], "antennas": [-0.0, -0.0], "body_yaw": 0.3140723397810006, "check_collision": false}, {"head": [[0.9674666672495409, -0.24961060909831873, 0.04126489533044345, 0.003160217073033978], [0.25200181329769417, 0.965214455190202, -0.06968602145736119, -0.005415100673530687], [-0.022435103203244246, 0.07781773138204454, 0.9967151382550642, 0.008229569339119672], [0.0, 0.0, 0.0, 1.0]], "antennas": [-0.0, -0.0], "body_yaw": 0.3140723397810006, "check_collision": false}, {"head": [[0.967534781358653, -0.2493167007018909, 0.041444295293644545, 0.0030704519805587714], [0.25172976347978837, 0.9652624651558505, -0.07000356804949248, -0.005421550138799977], [-0.02255156401833058, 0.07816364955894697, 0.9966854422775286, 0.00800980985019151], [0.0, 0.0, 0.0, 1.0]], "antennas": [-0.0, -0.0], "body_yaw": 0.3140723397810006, "check_collision": false}, {"head": [[0.9675814309219746, -0.24910899512950643, 0.04160388299848459, 0.0030642112189719316], [0.25153733964305053, 0.9653052837806849, -0.07010474927127089, -0.00543041734680178], [-0.022696724439458298, 0.07829698366258209, 0.9966716816730876, 0.007981040744825533], [0.0, 0.0, 0.0, 1.0]], "antennas": [-0.0, -0.0], "body_yaw": 0.3140723397810006, "check_collision": false}, {"head": [[0.9676388847273651, -0.24885960705483368, 0.041759846025761466, 0.0031065915042780765], [0.25130310642958364, 0.965358865010897, -0.07020691165202049, -0.005466499416499432], [-0.022841573116203658, 0.0784293167214087, 0.9966579678185443, 0.007794555957048369], [0.0, 0.0, 0.0, 1.0]], "antennas": [-0.0, -0.0], "body_yaw": 0.3140723397810006, "check_collision": false}, {"head": [[0.9676484311495064, -0.24880016230143728, 0.041892635780972944, 0.00308663309271643], [0.2512577937241473, 0.9653593905874849, -0.07036169481638015, -0.005478035218388598], [-0.022935448257503925, 0.07861123484170714, 0.9966414796554923, 0.007763227967668266], [0.0, 0.0, 0.0, 1.0]], "antennas": [-0.0, -0.0], "body_yaw": 0.3140723397810006, "check_collision": false}, {"head": [[0.9676733977680573, -0.2486794017717046, 0.04203272994334376, 0.003102620962632103], [0.2511472159685697, 0.9653917151743416, -0.07031295886235543, -0.005450638936670131], [-0.02309266470677552, 0.07859638291429065, 0.9966390206235809, 0.007677435055126584], [0.0, 0.0, 0.0, 1.0]], "antennas": [-0.0, -0.0], "body_yaw": 0.3140723397810006, "check_collision": false}, {"head": [[0.9676745026913988, -0.2486750575612814, 0.04203299403857338, 0.003083421648113035], [0.25114396938412287, 0.9653892051846292, -0.0703590019469854, -0.005453578697215697], [-0.023081669847307716, 0.07864094518685878, 0.9966357600734466, 0.00764898859146446], [0.0, 0.0, 0.0, 1.0]], "antennas": [-0.0, -0.0], "body_yaw": 0.3140723397810006, "check_collision": false}, {"head": [[0.9676894790220963, -0.24860667740786885, 0.042092661333814736, 0.003107948935641907], [0.25107973315734045, 0.9654081566032753, -0.0703282216574839, -0.005526556432314551], [-0.023152533070532853, 0.07862449435185762, 0.9966354143318068, 0.007844659365164822], [0.0, 0.0, 0.0, 1.0]], "antennas": [-0.0, -0.0], "body_yaw": 0.3140723397810006, "check_collision": false}, {"head": [[0.9677101759579714, -0.2485543502856428, 0.04192553281085364, 0.0031023738867701593], [0.2510148886072067, 0.9654234110233932, -0.07035028887977497, -0.0055167411286886365], [-0.022990020550307765, 0.07860262337885539, 0.9966409015051801, 0.007835141018493866], [0.0, 0.0, 0.0, 1.0]], "antennas": [-0.0, -0.0], "body_yaw": 0.3140723397810006, "check_collision": false}, {"head": [[0.9677314431612022, -0.24850287380656896, 0.04173937741525587, 0.003080155694906772], [0.25094729971539603, 0.9654460445630525, -0.07028077833310856, -0.005482434186343891], [-0.022832141438943264, 0.07848730309695195, 0.9966536191525515, 0.007849794878736941], [0.0, 0.0, 0.0, 1.0]], "antennas": [-0.0, -0.0], "body_yaw": 0.3140723397810006, "check_collision": false}, {"head": [[0.967770508316162, -0.24839131471433518, 0.04149696384028525, 0.0030664383821362197], [0.2508159430679483, 0.9654834626278751, -0.07023564689689, -0.0054612815461735995], [-0.022618707664531994, 0.07838008781937537, 0.9966669232481902, 0.00785001049541512], [0.0, 0.0, 0.0, 1.0]], "antennas": [-0.0, -0.0], "body_yaw": 0.3140723397810006, "check_collision": false}, {"head": [[0.9678052603309415, -0.2482770803043308, 0.04136991021643002, 0.0030704990234321702], [0.25069119205369705, 0.9655185051512248, -0.07019930510511256, -0.005503397246467725], [-0.02251453535951765, 0.0783103288596159, 0.9966747654533268, 0.007981064385165552], [0.0, 0.0, 0.0, 1.0]], "antennas": [-0.0, -0.0], "body_yaw": 0.3140723397810006, "check_collision": false}, {"head": [[0.9678032932153567, -0.24827564060260698, 0.04142453288663231, 0.003070007077542323], [0.2506932177052227, 0.9655206112878065, -0.07016309410952852, -0.0054797932987106935], [-0.022576453178308867, 0.07828892298266636, 0.9966750464921363, 0.008000401792934656], [0.0, 0.0, 0.0, 1.0]], "antennas": [-0.0, -0.0], "body_yaw": 0.3140723397810006, "check_collision": false}, {"head": [[0.9678361798276536, -0.2481249498598717, 0.04155885313203776, 0.003103653546379429], [0.2505553925440163, 0.9655500598821992, -0.07025010411804253, -0.005527117310644659], [-0.02269634956833451, 0.07840338716227802, 0.9966633256008541, 0.008033182291648348], [0.0, 0.0, 0.0, 1.0]], "antennas": [-0.0, -0.0], "body_yaw": 0.3140723397810006, "check_collision": false}, {"head": [[0.9678575185796431, -0.24803683322834202, 0.04158789596639806, 0.003109999036582243], [0.2504684184496846, 0.9655769120570776, -0.07019115515243024, -0.005496386901939191], [-0.022746320321537613, 0.07835149178142359, 0.9966662674373282, 0.00804689284386068], [0.0, 0.0, 0.0, 1.0]], "antennas": [-0.0, -0.0], "body_yaw": 0.3140723397810006, "check_collision": false}, {"head": [[0.9678503399052665, -0.24804886540308985, 0.04168308910697218, 0.0031123094487655843], [0.25048488737426416, 0.9655821478050352, -0.07006023863303129, -0.005514812617502472], [-0.022870084004265732, 0.07824880965519476, 0.9966715020733676, 0.007904832687965439], [0.0, 0.0, 0.0, 1.0]], "antennas": [-0.0, -0.0], "body_yaw": 0.3140723397810006, "check_collision": false}, {"head": [[0.9678377480109934, -0.2480836902244207, 0.041768123846331544, 0.0031043251108991664], [0.25052680704250085, 0.9655696489403376, -0.07008260838697991, -0.005492288055735572], [-0.022943680570003976, 0.07829262857936817, 0.9966663693694268, 0.007907703373986833], [0.0, 0.0, 0.0, 1.0]], "antennas": [-0.0, -0.0], "body_yaw": 0.3140723397810006, "check_collision": false}, {"head": [[0.9678217690213954, -0.24812072494512735, 0.04191812568568756, 0.003116837978399265], [0.25057671701465406, 0.965552924722965, -0.07013457384975129, -0.005626757114313211], [-0.02307232754740261, 0.07838147365055524, 0.9966564163692082, 0.007856226475852105], [0.0, 0.0, 0.0, 1.0]], "antennas": [-0.0, -0.0], "body_yaw": 0.3140723397810006, "check_collision": false}, {"head": [[0.9678179209162098, -0.2481420084822417, 0.04188096918439509, 0.0031222948550157954], [0.2505947067782761, 0.9655492888799503, -0.07012035138340547, -0.0056083909022146775], [-0.02303833518583702, 0.07835888188215506, 0.9966589791608982, 0.007840206942725917], [0.0, 0.0, 0.0, 1.0]], "antennas": [-0.0, -0.0], "body_yaw": 0.3140723397810006, "check_collision": false}, {"head": [[0.9678100226205111, -0.24816533311952008, 0.04192526151335685, 0.003136722230425021], [0.25061992554897594, 0.9655475240259922, -0.07005449139849376, -0.005636803744007423], [-0.023095736253938168, 0.07830674482414349, 0.996661748379025, 0.007857383250828468], [0.0, 0.0, 0.0, 1.0]], "antennas": [-0.0, -0.0], "body_yaw": 0.3140723397810006, "check_collision": false}, {"head": [[0.9678089249284496, -0.2481571438545094, 0.04199900930749712, 0.0031597287622543886], [0.2506167944923997, 0.965550652903377, -0.0700225606231084, -0.005622592220973921], [-0.02317557220853903, 0.0782941162018891, 0.9966608872735863, 0.007834074917811022], [0.0, 0.0, 0.0, 1.0]], "antennas": [-0.0, -0.0], "body_yaw": 0.3140723397810006, "check_collision": false}, {"head": [[0.9677683898433316, -0.24830012460350928, 0.042087904936305015, 0.0030995717788176932], [0.25076472992388205, 0.9655174611567422, -0.06995057131747807, -0.005480695155477508], [-0.02326787154529106, 0.07825011388695143, 0.996662192435547, 0.007717782886835393], [0.0, 0.0, 0.0, 1.0]], "antennas": [-0.0, -0.0], "body_yaw": 0.3140723397810006, "check_collision": false}, {"head": [[0.9677921054970362, -0.24819720534016382, 0.04214958836034031, 0.003105676906305997], [0.25066596752342923, 0.9655459345450246, -0.06991152272063775, -0.005470408243338545], [-0.02334551912373522, 0.07822528711936885, 0.9966623255606363, 0.007691228047144564], [0.0, 0.0, 0.0, 1.0]], "antennas": [-0.0, -0.0], "body_yaw": 0.3140723397810006, "check_collision": false}, {"head": [[0.9678433828825939, -0.2479807538033973, 0.042246088025706376, 0.0031204666852682472], [0.2504564908782784, 0.9656036270999583, -0.06986545289585899, -0.005668827285158799], [-0.02346768815447533, 0.07819962323760596, 0.9966614703790755, 0.007781415916395865], [0.0, 0.0, 0.0, 1.0]], "antennas": [-0.0, -0.0], "body_yaw": 0.3140723397810006, "check_collision": false}, {"head": [[0.9678593669575979, -0.24791370800843784, 0.04227338611875262, 0.0031108508573842175], [0.25039078656150826, 0.96562358260473, -0.06982514391475055, -0.005668676613012588], [-0.02350956821269435, 0.07816578598794645, 0.9966631377267544, 0.007766507147952798], [0.0, 0.0, 0.0, 1.0]], "antennas": [-0.0, -0.0], "body_yaw": 0.3140723397810006, "check_collision": false}, {"head": [[0.9678812539662669, -0.24782274681025687, 0.042305607005522605, 0.0031183611375718324], [0.25030213350960806, 0.9656478612924121, -0.06980723416615675, -0.005668109307012212], [-0.023552498407276412, 0.07815429703355797, 0.9966630251363624, 0.007860971134396103], [0.0, 0.0, 0.0, 1.0]], "antennas": [-0.0, -0.0], "body_yaw": 0.3140723397810006, "check_collision": false}, {"head": [[0.9678763326980206, -0.24784752366892226, 0.042273036491518576, 0.003097047001296052], [0.2503236187657943, 0.9656443938882064, -0.06977815159686651, -0.005659802435203677], [-0.023526378621188476, 0.07811856094079711, 0.9966664436738658, 0.0078623664644662], [0.0, 0.0, 0.0, 1.0]], "antennas": [-0.0, -0.0], "body_yaw": 0.3140723397810006, "check_collision": false}, {"head": [[0.9678900749770962, -0.2477759960596123, 0.04237757116090653, 0.0030947624540708096], [0.2502610518087102, 0.9656587210103085, -0.06980430133117102, -0.005601751887220079], [-0.023626440875188115, 0.07816834598097788, 0.9966601732677839, 0.00794418960002902], [0.0, 0.0, 0.0, 1.0]], "antennas": [-0.0, -0.0], "body_yaw": 0.3140723397810006, "check_collision": false}, {"head": [[0.9678673653991368, -0.24786595400652262, 0.042370176300916225, 0.0030856693138277304], [0.25035012214344754, 0.9656359429400206, -0.06980001464970169, -0.005584810256947631], [-0.02361311792405258, 0.0781645350960017, 0.9966607878888039, 0.007944938985218256], [0.0, 0.0, 0.0, 1.0]], "antennas": [-0.0, -0.0], "body_yaw": 0.3140723397810006, "check_collision": false}, {"head": [[0.9678828921602567, -0.24779937763302753, 0.04240489957753555, 0.0031439452665857973], [0.2502878186426717, 0.9656478190219863, -0.0698591257973799, -0.0056318425405940085], [-0.02363715089831544, 0.07822888253557819, 0.9966551695720265, 0.007971231291035778], [0.0, 0.0, 0.0, 1.0]], "antennas": [-0.0, -0.0], "body_yaw": 0.3140723397810006, "check_collision": false}, {"head": [[0.9678881561555112, -0.24776709324552093, 0.04247334079808441, 0.0031468256017431924], [0.250258919144817, 0.965661537036459, -0.06977298386088723, -0.005617358544136369], [-0.023727422159872856, 0.07816177705918045, 0.9966582895077922, 0.007965112212918016], [0.0, 0.0, 0.0, 1.0]], "antennas": [-0.0, -0.0], "body_yaw": 0.3140723397810006, "check_collision": false}, {"head": [[0.9678692835568502, -0.24785089117091078, 0.04241445146332934, 0.0031492818242429277], [0.2503379003245144, 0.9656411154353626, -0.06977228562876953, -0.0055396528930285165], [-0.023664015049506534, 0.07814839682638697, 0.9966608462587475, 0.007848864952427707], [0.0, 0.0, 0.0, 1.0]], "antennas": [-0.0, -0.0], "body_yaw": 0.3140723397810006, "check_collision": false}, {"head": [[0.9678796638075616, -0.247793026781006, 0.042515553230182634, 0.003147010435274815], [0.2502871101153518, 0.9656572168156995, -0.06973164361939546, -0.005539578615893558], [-0.02377643576877346, 0.07813293473602703, 0.9966593829446792, 0.00783532695084405], [0.0, 0.0, 0.0, 1.0]], "antennas": [-0.0, -0.0], "body_yaw": 0.3140723397810006, "check_collision": false}, {"head": [[0.9678960093979482, -0.24772718624864357, 0.042527122931805016, 0.0031698274181641284], [0.25022309521647684, 0.965671477829556, -0.069763884114686, -0.005680944624826215], [-0.02378481893588775, 0.07816545336535334, 0.9966566330930506, 0.00786610369900104], [0.0, 0.0, 0.0, 1.0]], "antennas": [-0.0, -0.0], "body_yaw": 0.3140723397810006, "check_collision": false}, {"head": [[0.9679239525824829, -0.24762839232066985, 0.042466473055625426, 0.003162604903007904], [0.25011859598290637, 0.9657021489315694, -0.06971404085612178, -0.0056942224847429685], [-0.023746788427983126, 0.07809954459297304, 0.9966627068239923, 0.007861003723171504], [0.0, 0.0, 0.0, 1.0]], "antennas": [-0.0, -0.0], "body_yaw": 0.3140723397810006, "check_collision": false}, {"head": [[0.9679306776850781, -0.2476005652705316, 0.04247544318567373, 0.003107411328807947], [0.2500897663499334, 0.9657149639845729, -0.06963991027644575, -0.005732367848708172], [-0.023776289936444598, 0.07802927920972316, 0.9966675070568268, 0.007887947249771658], [0.0, 0.0, 0.0, 1.0]], "antennas": [-0.0, -0.0], "body_yaw": 0.3140723397810006, "check_collision": false}, {"head": [[0.9679413705619685, -0.24755433400853896, 0.042501233725702886, 0.0031024185195107183], [0.250047560699678, 0.9657201350731585, -0.06971971100357233, -0.00574714432039803], [-0.023784880549604513, 0.07811192244382104, 0.9966608284814708, 0.007890506439851345], [0.0, 0.0, 0.0, 1.0]], "antennas": [-0.0, -0.0], "body_yaw": 0.3140723397810006, "check_collision": false}, {"head": [[0.9679297335641885, -0.2476064048797789, 0.042462914936096455, 0.0030999211431190117], [0.25009586832161185, 0.9657095876779127, -0.06969253127426896, -0.005625403800584305], [-0.023750526958746698, 0.07807727281012682, 0.9966643627318652, 0.007667191380972275], [0.0, 0.0, 0.0, 1.0]], "antennas": [-0.0, -0.0], "body_yaw": 0.3140723397810006, "check_collision": false}, {"head": [[0.9679584557321078, -0.247491835477421, 0.042476103266783125, 0.0030974799232656343], [0.24998601071814888, 0.9657276710029471, -0.06983594994305768, -0.005636031743228881], [-0.0237365208473945, 0.07821672986798213, 0.9966537617180906, 0.007638443132288956], [0.0, 0.0, 0.0, 1.0]], "antennas": [-0.0, -0.0], "body_yaw": 0.3140723397810006, "check_collision": false}, {"head": [[0.9679543011492958, -0.24749598018495877, 0.042546570706283496, 0.003102065959573321], [0.24999637643797123, 0.9657228298630403, -0.06986578310736484, -0.005689177620608856], [-0.023796694191893036, 0.07826337376837043, 0.9966486651132032, 0.007571142410770674], [0.0, 0.0, 0.0, 1.0]], "antennas": [-0.0, -0.0], "body_yaw": 0.3140723397810006, "check_collision": false}, {"head": [[0.9679866238235221, -0.24737399710307312, 0.042520602723716994, 0.0030939162597733924], [0.24987644034698608, 0.9657423256844451, -0.07002517362433791, -0.005703073421969762], [-0.02374153866661764, 0.07840832824928956, 0.9966385871532837, 0.007540194190883313], [0.0, 0.0, 0.0, 1.0]], "antennas": [-0.0, -0.0], "bo