{"description": "A gesture to say you succeeded, like congratulating yourself, 'yes, I did it!'", "time": [0.0, 0.010225057601928711, 0.020315885543823242, 0.030356884002685547, 0.04040789604187012, 0.05047464370727539, 0.06052207946777344, 0.07089447975158691, 0.08066773414611816, 0.0906379222869873, 0.1007082462310791, 0.11080789566040039, 0.12083053588867188, 0.131303071975708, 0.14147138595581055, 0.15103363990783691, 0.16108298301696777, 0.1711902618408203, 0.18125653266906738, 0.1912834644317627, 0.20131134986877441, 0.21138286590576172, 0.22142672538757324, 0.2314767837524414, 0.2415776252746582, 0.2516193389892578, 0.26163649559020996, 0.27181029319763184, 0.2818167209625244, 0.29183053970336914, 0.30190420150756836, 0.3119955062866211, 0.3220055103302002, 0.3320624828338623, 0.3421745300292969, 0.3522524833679199, 0.36232709884643555, 0.37233710289001465, 0.3825838565826416, 0.3925495147705078, 0.40265440940856934, 0.41320252418518066, 0.4230334758758545, 0.43272924423217773, 0.4427671432495117, 0.4529552459716797, 0.46285343170166016, 0.47299695014953613, 0.4830038547515869, 0.4930708408355713, 0.5031037330627441, 0.5131757259368896, 0.523256778717041, 0.5333530902862549, 0.5434014797210693, 0.5533943176269531, 0.5635838508605957, 0.5734944343566895, 0.5836145877838135, 0.5936338901519775, 0.6037695407867432, 0.613793134689331, 0.6238253116607666, 0.6339781284332275, 0.6439650058746338, 0.6540300846099854, 0.6640465259552002, 0.6741712093353271, 0.6842279434204102, 0.6942479610443115, 0.7043635845184326, 0.7143516540527344, 0.7244274616241455, 0.734602689743042, 0.7445833683013916, 0.7546126842498779, 0.7646620273590088, 0.7748768329620361, 0.7848293781280518, 0.794823408126831, 0.8049511909484863, 0.8150372505187988, 0.8250994682312012, 0.8350894451141357, 0.845177173614502, 0.8553164005279541, 0.8653345108032227, 0.8753719329833984, 0.8854012489318848, 0.8954474925994873, 0.9056718349456787, 0.9155373573303223, 0.9257738590240479, 0.9357497692108154, 0.9458019733428955, 0.9558448791503906, 0.9658482074737549, 0.9759466648101807, 0.9860208034515381, 0.9959869384765625, 1.0062415599822998, 1.016251564025879, 1.0264041423797607, 1.0364084243774414, 1.0463893413543701, 1.0564484596252441, 1.0665245056152344, 1.0766572952270508, 1.0866763591766357, 1.0966846942901611, 1.1068143844604492, 1.116802453994751, 1.1268441677093506, 1.136950969696045, 1.1470065116882324, 1.1570851802825928, 1.1671555042266846, 1.177196979522705, 1.1873559951782227, 1.1972966194152832, 1.2074639797210693, 1.2174444198608398, 1.227454662322998, 1.2375783920288086, 1.2475554943084717, 1.2576537132263184, 1.2676951885223389, 1.2777976989746094, 1.2878756523132324, 1.297889232635498, 1.3079755306243896, 1.3180122375488281, 1.328120470046997, 1.338310956954956, 1.3482415676116943, 1.3583011627197266, 1.368375301361084, 1.378458023071289, 1.3884968757629395, 1.3984389305114746, 1.4086825847625732, 1.4186091423034668, 1.428661823272705, 1.4387569427490234, 1.4487988948822021, 1.4589309692382812, 1.4689605236053467, 1.4789924621582031, 1.4892776012420654, 1.4991469383239746, 1.509326457977295, 1.5192391872406006, 1.5292885303497314, 1.5394515991210938, 1.5495836734771729, 1.5595145225524902, 1.5695209503173828, 1.5795767307281494, 1.589749813079834, 1.5997231006622314, 1.6097996234893799, 1.619919776916504, 1.630047082901001, 1.640071153640747, 1.6500046253204346, 1.6600589752197266, 1.6701679229736328, 1.6802101135253906, 1.690256118774414, 1.7003538608551025, 1.7104663848876953, 1.7207534313201904, 1.7305974960327148, 1.7407619953155518, 1.7506449222564697, 1.7606639862060547, 1.770780324935913, 1.780764102935791, 1.7908496856689453, 1.800877332687378, 1.8109869956970215, 1.821047067642212, 1.8310792446136475, 1.8412325382232666, 1.8512206077575684, 1.8612289428710938, 1.871387243270874, 1.8813738822937012, 1.891446590423584, 1.9015653133392334, 1.911520004272461, 1.9216585159301758, 1.931624174118042, 1.941767692565918, 1.951765775680542, 1.9618215560913086, 1.9719874858856201, 1.9819660186767578, 1.9919946193695068, 2.0021414756774902, 2.012399911880493, 2.0222723484039307, 2.032256603240967, 2.0423967838287354, 2.052711248397827, 2.0626916885375977, 2.0725953578948975, 2.0825555324554443, 2.09261417388916, 2.1027004718780518, 2.112774133682251, 2.122798204421997, 2.1334381103515625, 2.1434929370880127, 2.153470754623413, 2.1635780334472656, 2.173654079437256, 2.1836023330688477, 2.1935815811157227, 2.203643798828125, 2.213744878768921, 2.2238621711730957, 2.234050989151001, 2.243948221206665, 2.2540054321289062, 2.264019727706909, 2.2741951942443848, 2.2841949462890625, 2.2942862510681152, 2.3044376373291016, 2.314415216445923, 2.3244478702545166, 2.3344991207122803, 2.344580888748169, 2.354607105255127, 2.3646037578582764, 2.3747050762176514, 2.3847248554229736, 2.3947947025299072, 2.4050629138946533, 2.414994716644287, 2.425048589706421, 2.4351258277893066, 2.4451797008514404, 2.4552905559539795, 2.4653537273406982, 2.475383758544922, 2.4853789806365967, 2.4954521656036377, 2.505500316619873, 2.515559196472168, 2.5256152153015137, 2.5356698036193848, 2.545736074447632, 2.555846691131592, 2.5659103393554688, 2.5759122371673584, 2.585954427719116, 2.5962791442871094, 2.6061856746673584, 2.6161859035491943, 2.6262166500091553, 2.636380434036255, 2.6465463638305664, 2.6564104557037354, 2.6664609909057617, 2.676476001739502, 2.6865344047546387, 2.696556329727173, 2.706704616546631, 2.716778516769409, 2.7268943786621094, 2.7368810176849365, 2.746964693069458, 2.7572014331817627, 2.767087936401367, 2.777291774749756, 2.7871663570404053, 2.7972450256347656, 2.807406425476074, 2.817401170730591, 2.828000783920288, 2.8376147747039795, 2.8478331565856934, 2.857654571533203, 2.8676838874816895, 2.877767324447632, 2.8878962993621826, 2.8981568813323975, 2.908226251602173, 2.9183509349823, 2.9280924797058105, 2.938225746154785, 2.9482128620147705, 2.9582607746124268, 2.9683687686920166, 2.978433132171631, 2.988445997238159, 2.9984943866729736, 3.008652687072754, 3.0186526775360107, 3.0286176204681396, 3.038743019104004, 3.048823595046997, 3.058870792388916, 3.069042921066284, 3.0791232585906982, 3.089139461517334, 3.0992605686187744, 3.109300136566162, 3.119291067123413, 3.1293413639068604, 3.139451026916504, 3.149613618850708, 3.159487009048462, 3.1695690155029297, 3.1796627044677734, 3.1897389888763428, 3.199937343597412, 3.2100090980529785, 3.2200686931610107, 3.2300636768341064, 3.2403242588043213, 3.250227212905884, 3.260169744491577, 3.2702176570892334, 3.2802655696868896, 3.290315866470337, 3.3003652095794678, 3.310441732406616, 3.3205010890960693, 3.330517292022705, 3.3406074047088623, 3.350637197494507, 3.36069393157959], "set_target_data": [{"head": [[0.9853850332401697, -0.14135611908105783, -0.09505148007586199, -0.008596505155457011], [0.13364806011953123, 0.9875378203215792, -0.08310986379961778, -0.007890694598791865], [0.10561501925652601, 0.0691917699791431, 0.9919969590047126, -0.002779944406402052], [0.0, 0.0, 0.0, 1.0]], "antennas": [-0.1887275738095553, 0.28029903631138486], "body_yaw": 0.3140723397810006, "check_collision": false}, {"head": [[0.9854354926778361, -0.14122603542613815, -0.09472115227659363, -0.00854293113203678], [0.13353533870713108, 0.9875487413867157, -0.08316126924167003, -0.007867814076065235], [0.10528629106945618, 0.06930144517489462, 0.9920242469866898, -0.0028235351449928895], [0.0, 0.0, 0.0, 1.0]], "antennas": [-0.1887275738095553, 0.28029903631138486], "body_yaw": 0.3140723397810006, "check_collision": false}, {"head": [[0.9854419107388167, -0.14120399404719525, -0.09468723580583571, -0.008624180563607786], [0.13350110716498792, 0.9875418385173299, -0.08329808859472429, -0.007918617345436309], [0.10526962973789111, 0.06944457677120497, 0.9920160058244604, -0.002711412611974157], [0.0, 0.0, 0.0, 1.0]], "antennas": [-0.1887275738095553, 0.28029903631138486], "body_yaw": 0.3140723397810006, "check_collision": false}, {"head": [[0.9854668932791024, -0.14113807137099965, -0.09452537786493413, -0.008602326366540923], [0.13343946823453756, 0.9875446475645422, -0.0833635255007118, -0.007879649806315456], [0.10511379818138918, 0.06953857833101415, 0.9920259450012301, -0.0027264077773380083], [0.0, 0.0, 0.0, 1.0]], "antennas": [-0.1887275738095553, 0.28029903631138486], "body_yaw": 0.3140723397810006, "check_collision": false}, {"head": [[0.9854834215122792, -0.14110948524195496, -0.09439565190834837, -0.008591536638325813], [0.13340954544441, 0.9875403977988935, -0.08346170319085922, -0.007835210686743263], [0.10499675761073521, 0.06965684381274873, 0.9920300423884747, -0.002732434436690684], [0.0, 0.0, 0.0, 1.0]], "antennas": [-0.1887275738095553, 0.28029903631138486], "body_yaw": 0.3140723397810006, "check_collision": false}, {"head": [[0.9855066107324226, -0.14112694227808606, -0.09412707562615066, -0.00871545845993201], [0.13344423461563235, 0.9875343450346376, -0.08347786308272127, -0.007979391370671362], [0.10473469554326967, 0.06970727035429845, 0.9920542021528922, -0.00257577662473007], [0.0, 0.0, 0.0, 1.0]], "antennas": [-0.1887275738095553, 0.28029903631138486], "body_yaw": 0.3140723397810006, "check_collision": false}, {"head": [[0.9855220966969891, -0.14111122806208676, -0.09398839416002465, -0.008726734248363309], [0.13343041426503366, 0.9875299243622058, -0.08355221743459405, -0.007936045822568606], [0.1046065077852804, 0.06980164614094651, 0.992061091226232, -0.00256841970022958], [0.0, 0.0, 0.0, 1.0]], "antennas": [-0.1887275738095553, 0.28029903631138486], "body_yaw": 0.3140723397810006, "check_collision": false}, {"head": [[0.9855298240873269, -0.14126500855173532, -0.09367584103321773, -0.008551327862091186], [0.1335791451321989, 0.9874877369865794, -0.08381277520089028, -0.008079495716861174], [0.10434355667770519, 0.0700868508352471, 0.9920686748002098, -0.0027049827665244167], [0.0, 0.0, 0.0, 1.0]], "antennas": [-0.1887275738095553, 0.28029903631138486], "body_yaw": 0.3140723397810006, "check_collision": false}, {"head": [[0.9855470019186782, -0.1414075568667412, -0.09327920384568157, -0.008495792137428819], [0.13373192959046096, 0.9874523610223526, -0.08398574712052838, -0.00817058706310414], [0.10398498938364543, 0.07029749335759207, 0.992091419381562, -0.0026715894433060276], [0.0, 0.0, 0.0, 1.0]], "antennas": [-0.1887275738095553, 0.28029903631138486], "body_yaw": 0.3140723397810006, "check_collision": false}, {"head": [[0.9855711212303191, -0.14142306137374724, -0.09300044466823502, -0.008463211784724096], [0.13374432126429028, 0.9874319981737567, -0.08420513946391152, -0.00815459935645746], [0.1037401635161929, 0.07055187236537237, 0.9920989929333535, -0.002705838893278129], [0.0, 0.0, 0.0, 1.0]], "antennas": [-0.1887275738095553, 0.28029903631138486], "body_yaw": 0.3140723397810006, "check_collision": false}, {"head": [[0.9856252193666308, -0.1412784997150647, -0.0926461681168785, -0.008514048304909299], [0.13363952465344278, 0.9874582762973503, -0.08406325012909827, -0.008181237415482727], [0.10336055533365861, 0.07047366948106187, 0.992144171736644, -0.002611429182885922], [0.0, 0.0, 0.0, 1.0]], "antennas": [-0.1887275738095553, 0.28029903631138486], "body_yaw": 0.3140723397810006, "check_collision": false}, {"head": [[0.985672353031316, -0.14113844092530148, -0.09235774446620246, -0.008490137289037582], [0.13352418849412628, 0.9874775233408978, -0.0840204259898268, -0.008167388872488364], [0.10305970869692094, 0.07048461810708855, 0.9921746897868359, -0.00264176927518533], [0.0, 0.0, 0.0, 1.0]], "antennas": [-0.1887275738095553, 0.28029903631138486], "body_yaw": 0.3140723397810006, "check_collision": false}, {"head": [[0.9857074564400764, -0.1410681992266949, -0.09209002923971978, -0.008506949524736207], [0.13347105923370067, 0.9874832120102445, -0.08403798156169892, -0.008231466353998289], [0.10279244459331087, 0.07054551130205242, 0.9921980871628725, -0.002597827682717319], [0.0, 0.0, 0.0, 1.0]], "antennas": [-0.1887275738095553, 0.28029903631138486], "body_yaw": 0.3140723397810006, "check_collision": false}, {"head": [[0.9858047956168022, -0.14069471788703908, -0.09161823670864706, -0.008491496849387414], [0.13316478709039253, 0.9875527764480189, -0.08370575373879682, -0.008207633325045207], [0.10225480144269818, 0.07031721047152079, 0.9922698450993149, -0.0026001846746125327], [0.0, 0.0, 0.0, 1.0]], "antennas": [-0.1887275738095553, 0.28029903631138486], "body_yaw": 0.3140723397810006, "check_collision": false}, {"head": [[0.9858819144346387, -0.1403816351992091, -0.0912679970717471, -0.008433490703456495], [0.1328915692567697, 0.987602394711035, -0.08355441808487982, -0.008280664233131098], [0.10186599830741094, 0.07024604230720677, 0.9923148753944028, -0.0026598929027202792], [0.0, 0.0, 0.0, 1.0]], "antennas": [-0.1887275738095553, 0.28029903631138486], "body_yaw": 0.3140723397810006, "check_collision": false}, {"head": [[0.9859333164582493, -0.14013338535762881, -0.09109407118933859, -0.008427358560427577], [0.13266389510125404, 0.9876401580519522, -0.08346980974986683, -0.008247673595069971], [0.10166506988244016, 0.07021077204621672, 0.9923379772307785, -0.002646236176999323], [0.0, 0.0, 0.0, 1.0]], "antennas": [-0.1887275738095553, 0.28029903631138486], "body_yaw": 0.3140723397810006, "check_collision": false}, {"head": [[0.9859823678676367, -0.14001336548827434, -0.09074705360933438, -0.008340474775458772], [0.1325558591717498, 0.9876443799904187, -0.08359140429841388, -0.00819617246384435], [0.10132973133966025, 0.07039059708504089, 0.9923595363519433, -0.0025986989327307867], [0.0, 0.0, 0.0, 1.0]], "antennas": [-0.1887275738095553, 0.28029903631138486], "body_yaw": 0.3140723397810006, "check_collision": false}, {"head": [[0.9860108490463121, -0.1399831070720548, -0.09048389523790586, -0.008319194707174174], [0.13251574299762503, 0.9876260350347896, -0.0838712869774152, -0.008171136120244542], [0.10110481403354678, 0.0707074582764377, 0.9923599507856652, -0.002597355903635296], [0.0, 0.0, 0.0, 1.0]], "antennas": [-0.1887275738095553, 0.28029903631138486], "body_yaw": 0.3140723397810006, "check_collision": false}, {"head": [[0.9860157546150159, -0.14007217433873953, -0.09029240071566566, -0.008375420676315483], [0.1326035947862798, 0.9876016838836077, -0.08401904926871354, -0.008293664440480079], [0.10094165790562726, 0.07087100934994625, 0.9923648934404032, -0.0025320160382978855], [0.0, 0.0, 0.0, 1.0]], "antennas": [-0.1887275738095553, 0.28029903631138486], "body_yaw": 0.3140723397810006, "check_collision": false}, {"head": [[0.9860320185032007, -0.14018549707508562, -0.0899382282253486, -0.008350854741067087], [0.13268825017638455, 0.9875447085362158, -0.08455339678126422, -0.008284723590620954], [0.100671181336234, 0.07143861037234617, 0.9923516706271196, -0.00255310086316784], [0.0, 0.0, 0.0, 1.0]], "antennas": [-0.1887275738095553, 0.28029903631138486], "body_yaw": 0.3140723397810006, "check_collision": false}, {"head": [[0.986070049514204, -0.14013850425417604, -0.08959384508133111, -0.008582636478719152], [0.1326555430090718, 0.9875402213828604, -0.08465706148963273, -0.0082420027502983], [0.10034123957787036, 0.07159267264527452, 0.9923739843745819, -0.002759471033279221], [0.0, 0.0, 0.0, 1.0]], "antennas": [-0.1887275738095553, 0.28029903631138486], "body_yaw": 0.3140723397810006, "check_collision": false}, {"head": [[0.9861218580295211, -0.14000510631586424, -0.08923144805441983, -0.008611749965046166], [0.13255817643968096, 0.9875618297077541, -0.08455745007543343, -0.008229100517865387], [0.09996004689570469, 0.07155559174345887, 0.9924151280159186, -0.002795428739114864], [0.0, 0.0, 0.0, 1.0]], "antennas": [-0.1887275738095553, 0.28029903631138486], "body_yaw": 0.3140723397810006, "check_collision": false}, {"head": [[0.9861661113321115, -0.13993527042596524, -0.08885111676795626, -0.008469206331109034], [0.13251880681199277, 0.9875697531388989, -0.08452661430756324, -0.00831763615305652], [0.0995749300839662, 0.07158283855775625, 0.9924518781899639, -0.0028503101931806], [0.0, 0.0, 0.0, 1.0]], "antennas": [-0.1887275738095553, 0.28029903631138486], "body_yaw": 0.3140723397810006, "check_collision": false}, {"head": [[0.9862151929716739, -0.13969216399123388, -0.0886887392586579, -0.008472969313062177], [0.13231723681795524, 0.9876225037853281, -0.08422552378976811, -0.008288009365287374], [0.09935664040568769, 0.07132944228189275, 0.9924919992982558, -0.002870820881804787], [0.0, 0.0, 0.0, 1.0]], "antennas": [-0.1887275738095553, 0.28029903631138486], "body_yaw": 0.3140723397810006, "check_collision": false}, {"head": [[0.9862682667358399, -0.1397476027590701, -0.08800859931265073, -0.008078155638859238], [0.13242502638229692, 0.98761088382278, -0.08419236629549512, -0.008152150423021101], [0.0986839319115809, 0.07138171809280017, 0.992555354579577, -0.002733469807945083], [0.0, 0.0, 0.0, 1.0]], "antennas": [-0.1887275738095553, 0.28029903631138486], "body_yaw": 0.3140723397810006, "check_collision": false}, {"head": [[0.9862977067337436, -0.1397627102753055, -0.08765397029375954, -0.00801380343537721], [0.13244631707308907, 0.9875913324972247, -0.08438799126730623, -0.008100797251175832], [0.09836059569529368, 0.07162223672056892, 0.9925701226722522, -0.002735152118432888], [0.0, 0.0, 0.0, 1.0]], "antennas": [-0.1887275738095553, 0.28029903631138486], "body_yaw": 0.3140723397810006, "check_collision": false}, {"head": [[0.9863276328621777, -0.13977445772782882, -0.08729777556950855, -0.007947296875039903], [0.13245622339264734, 0.9875660842168308, -0.08466745649417005, -0.008048949682130685], [0.09804667019868646, 0.07194671828184017, 0.9925777149379403, -0.0027392300356496816], [0.0, 0.0, 0.0, 1.0]], "antennas": [-0.1887275738095553, 0.28029903631138486], "body_yaw": 0.3140723397810006, "check_collision": false}, {"head": [[0.986312441214396, -0.14007611475701004, -0.08698534577892626, -0.008067149471847718], [0.13273908733204332, 0.9874915973917743, -0.08509218398241963, -0.008105311548715218], [0.09781668058135375, 0.07238112430200797, 0.9925688237320486, -0.00280861390986919], [0.0, 0.0, 0.0, 1.0]], "antennas": [-0.1887275738095553, 0.28029903631138486], "body_yaw": 0.3140723397810006, "check_collision": false}, {"head": [[0.9862991936689953, -0.14021200372725132, -0.08691659553088042, -0.008341307156375188], [0.1328531429222566, 0.9874525897647648, -0.08536641835369081, -0.008195621860901624], [0.09779541391889425, 0.07264968670027534, 0.9925512984419413, -0.0029474733724686956], [0.0, 0.0, 0.0, 1.0]], "antennas": [-0.1887275738095553, 0.28029903631138486], "body_yaw": 0.3140723397810006, "check_collision": false}, {"head": [[0.9863245546796268, -0.14013457208393787, -0.08675352755299136, -0.008349568427808166], [0.1327836988467867, 0.9874585243282115, -0.08540580807015971, -0.008147336999913577], [0.09763381666513844, 0.07271839133536112, 0.9925621760902414, -0.00297739452258749], [0.0, 0.0, 0.0, 1.0]], "antennas": [-0.1887275738095553, 0.28029903631138486], "body_yaw": 0.3140723397810006, "check_collision": false}, {"head": [[0.9863282492035165, -0.1402244336232036, -0.08656611945892984, -0.008255848374666606], [0.13289462690446033, 0.9874499564479488, -0.08533230133348424, -0.008166682456193114], [0.09744538451384055, 0.07266148722670099, 0.9925848605086387, -0.002894243061186569], [0.0, 0.0, 0.0, 1.0]], "antennas": [-0.1887275738095553, 0.28029903631138486], "body_yaw": 0.3140723397810006, "check_collision": false}, {"head": [[0.9863622271246014, -0.14009879740857775, -0.08638219646701974, -0.008245242275976136], [0.13279798730168949, 0.9874767544368285, -0.0851724956516373, -0.008124615564217967], [0.09723297522145881, 0.07253955067119004, 0.9926146090593294, -0.002917524644812758], [0.0, 0.0, 0.0, 1.0]], "antennas": [-0.1887275738095553, 0.28029903631138486], "body_yaw": 0.3140723397810006, "check_collision": false}, {"head": [[0.9864166027190663, -0.14001401434516675, -0.08589739033944514, -0.007856337204460708], [0.1327735345689251, 0.9875020831872867, -0.08491657210959103, -0.008061576080783228], [0.09671336204604826, 0.07235821644927662, 0.9926786056493961, -0.0029436704758690705], [0.0, 0.0, 0.0, 1.0]], "antennas": [-0.1887275738095553, 0.28029903631138486], "body_yaw": 0.3140723397810006, "check_collision": false}, {"head": [[0.9864425253504944, -0.13991002530780947, -0.0857690445236914, -0.007786109355772968], [0.1326929344052035, 0.9875254009582494, -0.0847712664833125, -0.008031458748140931], [0.09655946012211962, 0.07224103598797936, 0.9927021221798147, -0.002960029524507241], [0.0, 0.0, 0.0, 1.0]], "antennas": [-0.1887275738095553, 0.28029903631138486], "body_yaw": 0.3140723397810006, "check_collision": false}, {"head": [[0.9864679761475144, -0.13978924899410686, -0.085673204101928, -0.007918123556755466], [0.1325964537920988, 0.9875537572272423, -0.08459170779761381, -0.007980455636683162], [0.09643190590871276, 0.07208704774105167, 0.9927257149237108, -0.0030620912677713445], [0.0, 0.0, 0.0, 1.0]], "antennas": [-0.1887275738095553, 0.28029903631138486], "body_yaw": 0.3140723397810006, "check_collision": false}, {"head": [[0.9864892224278091, -0.13964185107159097, -0.08566894106428469, -0.007884919094541516], [0.13245761551931426, 0.9875798040866622, -0.0845050924565327, -0.00793586100526225], [0.09640536356818427, 0.07201585929119525, 0.9927334596385058, -0.0030750358477550314], [0.0, 0.0, 0.0, 1.0]], "antennas": [-0.1887275738095553, 0.28029903631138486], "body_yaw": 0.3140723397810006, "check_collision": false}, {"head": [[0.9865050681386043, -0.13949162443879237, -0.08573119180482033, -0.00822720890701101], [0.13232419731055156, 0.9876165979713877, -0.084283819429004, -0.007870683183381856], [0.09642643487636676, 0.0718021038887416, 0.9927468965119883, -0.003140657779993389], [0.0, 0.0, 0.0, 1.0]], "antennas": [-0.1887275738095553, 0.28029903631138486], "body_yaw": 0.3140723397810006, "check_collision": false}, {"head": [[0.9865218456937557, -0.13940650545813543, -0.08567656742036547, -0.0082606469299226], [0.13223845258360656, 0.9876241379104601, -0.08433002949669645, -0.007813962735190685], [0.0963724007549818, 0.07186367964814568, 0.9927476879450033, -0.0031590955493510046], [0.0, 0.0, 0.0, 1.0]], "antennas": [-0.1887275738095553, 0.28029903631138486], "body_yaw": 0.3140723397810006, "check_collision": false}, {"head": [[0.9865218055352003, -0.13952157320006459, -0.08548951874556104, -0.00804677940215619], [0.13236270828552255, 0.9876035297117653, -0.08437642772827103, -0.00786593290954416], [0.09620208240412614, 0.07192356159591587, 0.9927598705772048, -0.003155211403919495], [0.0, 0.0, 0.0, 1.0]], "antennas": [-0.1887275738095553, 0.28029903631138486], "body_yaw": 0.3140723397810006, "check_collision": false}, {"head": [[0.9865275291521107, -0.13949298006901129, -0.08547012774354582, -0.008043313101189902], [0.13233984370541307, 0.9876104320175164, -0.08433149078607349, -0.007813357066819007], [0.09617484074880733, 0.07188423388783652, 0.9927653584434242, -0.003178897178341184], [0.0, 0.0, 0.0, 1.0]], "antennas": [-0.1887275738095553, 0.28029903631138486], "body_yaw": 0.3140723397810006, "check_collision": false}, {"head": [[0.9865353546963233, -0.13944030279202926, -0.0854657585905985, -0.007814888916599257], [0.1322999187489252, 0.9876267866753654, -0.08420250435895404, -0.007821671056346817], [0.09614949523126505, 0.07176163458672802, 0.9927766830300827, -0.0031156134420550156], [0.0, 0.0, 0.0, 1.0]], "antennas": [-0.1887275738095553, 0.28029903631138486], "body_yaw": 0.3140723397810006, "check_collision": false}, {"head": [[0.9864983150855974, -0.13958091677231255, -0.08566353953858069, -0.007777499718978537], [0.1324251891676308, 0.9876089504197105, -0.08421478685358577, -0.007769002105088539], [0.09635685552774345, 0.07173373490818971, 0.9927585948602646, -0.003125696751144042], [0.0, 0.0, 0.0, 1.0]], "antennas": [-0.1887275738095553, 0.28029903631138486], "body_yaw": 0.3140723397810006, "check_collision": false}, {"head": [[0.9864874828057145, -0.13958902722221697, -0.08577499488079326, -0.007979400273415498], [0.1324538216644018, 0.987630147156961, -0.08392066225438251, -0.007739120246337581], [0.09642837442443891, 0.07142545698750878, 0.9927738779299068, -0.0031486000882687774], [0.0, 0.0, 0.0, 1.0]], "antennas": [-0.1887275738095553, 0.28029903631138486], "body_yaw": 0.3140723397810006, "check_collision": false}, {"head": [[0.9864966453250285, -0.13951467829485192, -0.08579057817003545, -0.007970491402964991], [0.13239297781524978, 0.9876511653516807, -0.08376917693685192, -0.007688901923015187], [0.0964181942771994, 0.0712799419174202, 0.9927853250791802, -0.0031556407317384575], [0.0, 0.0, 0.0, 1.0]], "antennas": [-0.1887275738095553, 0.28029903631138486], "body_yaw": 0.3140723397810006, "check_collision": false}, {"head": [[0.9865174058086585, -0.1393425612883186, -0.08583157140683059, -0.008138152077427952], [0.13223755587031696, 0.9876892927931463, -0.08356488328968903, -0.007748471343752368], [0.09641906893348162, 0.07108805466029947, 0.9927989986047603, -0.00297554904827268], [0.0, 0.0, 0.0, 1.0]], "antennas": [-0.1887275738095553, 0.28029903631138486], "body_yaw": 0.3140723397810006, "check_collision": false}, {"head": [[0.9865407699805383, -0.139225161393564, -0.08575350489130187, -0.008141321597887352], [0.132118354423305, 0.9876989121885634, -0.08363969922235648, -0.007688624768457816], [0.09634339412063725, 0.07118436131949454, 0.9927994445570822, -0.0029729550655644924], [0.0, 0.0, 0.0, 1.0]], "antennas": [-0.1887275738095553, 0.28029903631138486], "body_yaw": 0.3140723397810006, "check_collision": false}, {"head": [[0.9865846519379496, -0.1390649685628601, -0.08550823983152042, -0.00792624964905861], [0.1319824133434182, 0.9877230566624525, -0.08356916839019125, -0.007827632856597714], [0.09608000379122175, 0.07116247505526889, 0.9928265382308666, -0.0029684133005038974], [0.0, 0.0, 0.0, 1.0]], "antennas": [-0.1887275738095553, 0.28029903631138486], "body_yaw": 0.3140723397810006, "check_collision": false}, {"head": [[0.9866250463848526, -0.13890936084836786, -0.0852948258383011, -0.007886189468568519], [0.13184171011286844, 0.9877416403876612, -0.08357161790229503, -0.007760088624756703], [0.09585813121797519, 0.0712084356870081, 0.9928446894486607, -0.002988219132007525], [0.0, 0.0, 0.0, 1.0]], "antennas": [-0.1887275738095553, 0.28029903631138486], "body_yaw": 0.3140723397810006, "check_collision": false}, {"head": [[0.9866732814105985, -0.13876536062626468, -0.08497064458213997, -0.007801582813706683], [0.13170290272457633, 0.9877443734630829, -0.08375797338726923, -0.007884182762497308], [0.09555198147794965, 0.0714508739084724, 0.9928567829517775, -0.0031015687970820053], [0.0, 0.0, 0.0, 1.0]], "antennas": [-0.1887275738095553, 0.28029903631138486], "body_yaw": 0.3140723397810006, "check_collision": false}, {"head": [[0.9867013665498486, -0.1386683213073754, -0.08480277067676573, -0.007759589034775069], [0.13162182702307934, 0.9877586853738711, -0.08371662988671166, -0.007827924955063893], [0.09537351781164513, 0.07144141749907115, 0.9928746224805807, -0.003136881354715121], [0.0, 0.0, 0.0, 1.0]], "antennas": [-0.1887275738095553, 0.28029903631138486], "body_yaw": 0.3140723397810006, "check_collision": false}, {"head": [[0.9866905077964102, -0.1387311143614758, -0.08482640940465369, -0.008003195173693835], [0.13168242203625105, 0.987750112574928, -0.08372248703236473, -0.007818077183170057], [0.09540220936188776, 0.07143803620089889, 0.992872109303424, -0.0030948389783229616], [0.0, 0.0, 0.0, 1.0]], "antennas": [-0.1887275738095553, 0.28029903631138486], "body_yaw": 0.3140723397810006, "check_collision": false}, {"head": [[0.9866809719191337, -0.13880291242380963, -0.08481987476636695, -0.008017979613809298], [0.13174477476838645, 0.9877329778033148, -0.08382648078634787, -0.007745803370077874], [0.09541474715127145, 0.07153541823785654, 0.9928638929700255, -0.0031095895485738715], [0.0, 0.0, 0.0, 1.0]], "antennas": [-0.1887275738095553, 0.28029903631138486], "body_yaw": 0.3140723397810006, "check_collision": false}, {"head": [[0.9866661840078567, -0.1389037177479344, -0.08482687387365205, -0.008074613802540246], [0.1318541368340633, 0.9877262872387406, -0.08373331533694955, -0.007812485960165018], [0.0954166019889537, 0.07143205648289222, 0.9928711564807925, -0.0031369893672910047], [0.0, 0.0, 0.0, 1.0]], "antennas": [-0.1887275738095553, 0.28029903631138486], "body_yaw": 0.3140723397810006, "check_collision": false}, {"head": [[0.9866475302417769, -0.13905074716990742, -0.08480295265669059, -0.008101099352327959], [0.13199620378677288, 0.9877012722811292, -0.08380452804067232, -0.007745989955503437], [0.09541306647248658, 0.07149186279381448, 0.9928671916729789, -0.0031486297186513693], [0.0, 0.0, 0.0, 1.0]], "antennas": [-0.1887275738095553, 0.28029903631138486], "body_yaw": 0.3140723397810006, "check_collision": false}, {"head": [[0.9866325263181467, -0.13925011894142447, -0.0846502355925288, -0.00783320715810008], [0.1321820105992022, 0.9876544782011494, -0.08406276085858551, -0.007859834503682368], [0.09531093371184593, 0.07174981577686783, 0.9928583936548865, -0.0032992524213120104], [0.0, 0.0, 0.0, 1.0]], "antennas": [-0.1887275738095553, 0.28029903631138486], "body_yaw": 0.3140723397810006, "check_collision": false}, {"head": [[0.9866221978948633, -0.13934017763721104, -0.0846224173439866, -0.007804180098507344], [0.1322725004211184, 0.9876408782967736, -0.08408020664533897, -0.007819553041356892], [0.09529230951894599, 0.07176217954611008, 0.9928592877811726, -0.0033416683012692464], [0.0, 0.0, 0.0, 1.0]], "antennas": [-0.1887275738095553, 0.28029903631138486], "body_yaw": 0.3140723397810006, "check_collision": false}, {"head": [[0.9866167112253258, -0.13942918907862778, -0.08453973245639254, -0.007770632012512539], [0.132402485798859, 0.9876543831836156, -0.08371619396792271, -0.007775371643751848], [0.09516851835142284, 0.0714025252429365, 0.992897090590826, -0.003270383283075601], [0.0, 0.0, 0.0, 1.0]], "antennas": [-0.1887275738095553, 0.28029903631138486], "body_yaw": 0.3140723397810006, "check_collision": false}, {"head": [[0.9866049634506835, -0.13951855390922588, -0.08452939849279319, -0.007737696987576292], [0.13248147456991785, 0.9876338674727877, -0.08383318386250045, -0.0077137924348485674], [0.09518038133068811, 0.07151165594378327, 0.992888099472404, -0.0033195777945051966], [0.0, 0.0, 0.0, 1.0]], "antennas": [-0.1887275738095553, 0.28029903631138486], "body_yaw": 0.3140723397810006, "check_collision": false}, {"head": [[0.9866049562524314, -0.13948149223302764, -0.08459062372737307, -0.007986383384888572], [0.1324665331924728, 0.9876593525602846, -0.08355609423714835, -0.007595727488560787], [0.09520124937260886, 0.07123143003371174, 0.9929062420456661, -0.003199257014312668], [0.0, 0.0, 0.0, 1.0]], "antennas": [-0.1887275738095553, 0.28029903631138486], "body_yaw": 0.3140723397810006, "check_collision": false}, {"head": [[0.9866053623752981, -0.13948830126101483, -0.08457465780967635, -0.00801127465369367], [0.13249371113945022, 0.9876726460705535, -0.08335562795929058, -0.007512186308154763], [0.09515921101398123, 0.07103349924724328, 0.9929244515792172, -0.0032254793842629807], [0.0, 0.0, 0.0, 1.0]], "antennas": [-0.1887275738095553, 0.28029903631138486], "body_yaw": 0.3140723397810006, "check_collision": false}, {"head": [[0.9866170586168592, -0.13948489587284296, -0.08444372960474388, -0.008012931568701486], [0.1325123486023979, 0.9876813095925179, -0.08322324284408474, -0.007558960759958272], [0.09501187880519739, 0.070919634128717, 0.9929466996676888, -0.0031626076265155404], [0.0, 0.0, 0.0, 1.0]], "antennas": [-0.1887275738095553, 0.28029903631138486], "body_yaw": 0.3140723397810006, "check_collision": false}, {"head": [[0.9866310289982442, -0.1394992255083013, -0.0842566240746089, -0.008025637332286681], [0.13253701167565696, 0.9876752982164401, -0.08325530511116341, -0.007476574094443652], [0.09483223689206444, 0.07097514618266204, 0.9929599062753728, -0.0031867662404749756], [0.0, 0.0, 0.0, 1.0]], "antennas": [-0.1887275738095553, 0.28029903631138486], "body_yaw": 0.3140723397810006, "check_collision": false}, {"head": [[0.9866615109547776, -0.139559568700118, -0.08379850586181506, -0.007822426044564205], [0.13262522337478372, 0.9876590341724292, -0.08330775679595255, -0.007629458881452018], [0.09439074597239036, 0.07108276163615133, 0.9929942739376467, -0.003303647577894026], [0.0, 0.0, 0.0, 1.0]], "antennas": [-0.1887275738095553, 0.28029903631138486], "body_yaw": 0.3140723397810006, "check_collision": false}, {"head": [[0.9866660408282382, -0.1396205846027653, -0.08364338725512901, -0.007800597716361185], [0.1326873981461482, 0.9876417739051206, -0.0834133131505519, -0.007557658393984864], [0.09425591890982218, 0.0712026600116073, 0.9929984909141284, -0.003348629459170799], [0.0, 0.0, 0.0, 1.0]], "antennas": [-0.1887275738095553, 0.28029903631138486], "body_yaw": 0.3140723397810006, "check_collision": false}, {"head": [[0.9866695810166726, -0.13970835432793274, -0.0834548598187329, -0.007763162579808856], [0.1327830258897841, 0.9876237842197718, -0.08347412101346215, -0.007573980223735857], [0.09408403654146909, 0.07127998719414862, 0.993009243407968, -0.0033971138575377095], [0.0, 0.0, 0.0, 1.0]], "antennas": [-0.1887275738095553, 0.28029903631138486], "body_yaw": 0.3140723397810006, "check_collision": false}, {"head": [[0.9866819669870781, -0.13976562234785156, -0.08321217959065792, -0.007738160339067492], [0.13283817011100713, 0.9875988041402844, -0.08368167435131074, -0.007509322967820718], [0.09387607034846156, 0.07151344538195192, 0.9930121401803368, -0.0034517464595850093], [0.0, 0.0, 0.0, 1.0]], "antennas": [-0.1887275738095553, 0.28029903631138486], "body_yaw": 0.3140723397810006, "check_collision": false}, {"head": [[0.9866845596720387, -0.13981766525786798, -0.0830939238851682, -0.007866115661044065], [0.13291936876560773, 0.9876063286763971, -0.08346365056287029, -0.007501028114344041], [0.093733777859146, 0.07130750339317256, 0.9930403913477464, -0.0034552748086448207], [0.0, 0.0, 0.0, 1.0]], "antennas": [-0.1887275738095553, 0.28029903631138486], "body_yaw": 0.3140723397810006, "check_collision": false}, {"head": [[0.9866801488695659, -0.1398073002582202, -0.08316370976116574, -0.007879783005094797], [0.1329354474150352, 0.987632269576979, -0.08313042109113811, -0.007427264767521818], [0.0937574031599423, 0.07096773129199913, 0.9930625007863154, -0.00349807472567964], [0.0, 0.0, 0.0, 1.0]], "antennas": [-0.1887275738095553, 0.28029903631138486], "body_yaw": 0.3140723397810006, "check_collision": false}, {"head": [[0.9866814720691547, -0.13980906505478294, -0.08314504196855897, -0.00787260832819586], [0.132944931979359, 0.9876366823547091, -0.08306279990698068, -0.007443178249687137], [0.0937300257998981, 0.07090281373747431, 0.9930697222590464, -0.003594440788990844], [0.0, 0.0, 0.0, 1.0]], "antennas": [-0.1887275738095553, 0.28029903631138486], "body_yaw": 0.3140723397810006, "check_collision": false}, {"head": [[0.9866967027956418, -0.13975029743181658, -0.08306305472307253, -0.007869325799098213], [0.1329197282460914, 0.9876647951020509, -0.08276834152627185, -0.007375072935540503], [0.09360535526984852, 0.07062653101875502, 0.993101168351474, -0.003631482860878105], [0.0, 0.0, 0.0, 1.0]], "antennas": [-0.1887275738095553, 0.28029903631138486], "body_yaw": 0.3140723397810006, "check_collision": false}, {"head": [[0.9867310928874176, -0.1395359880231408, -0.0830148081706422, -0.007776568230180908], [0.13275227503402706, 0.9877260377654371, -0.08230496821869543, -0.0074550678226208995], [0.09348039260985512, 0.07019246659433143, 0.9931437125768411, -0.0037596517076109396], [0.0, 0.0, 0.0, 1.0]], "antennas": [-0.1887275738095553, 0.28029903631138486], "body_yaw": 0.3140723397810006, "check_collision": false}, {"head": [[0.9867549054165067, -0.13936136353975997, -0.08302509854736449, -0.007747579362947529], [0.132593014067257, 0.9877618178128638, -0.08213211242618158, -0.0073961423311583886], [0.09345506544335043, 0.0700357167691286, 0.9931571623462288, -0.0038251501532938718], [0.0, 0.0, 0.0, 1.0]], "antennas": [-0.1887275738095553, 0.28029903631138486], "body_yaw": 0.3140723397810006, "check_collision": false}, {"head": [[0.986806377541008, -0.13919268018696881, -0.08269565301006863, -0.007715993046986454], [0.13244972847412853, 0.9877830827899137, -0.08210755617593327, -0.0074508625380799755], [0.09311413787134086, 0.07007124329154318, 0.9931866784205546, -0.003665146596622865], [0.0, 0.0, 0.0, 1.0]], "antennas": [-0.1887275738095553, 0.28029903631138486], "body_yaw": 0.3140723397810006, "check_collision": false}, {"head": [[0.9868654912297962, -0.1390284136401677, -0.08226543879705103, -0.007665022982306971], [0.13231269817623179, 0.9877987727909717, -0.08213972470111831, -0.007395225697232902], [0.09268145510887438, 0.07017609759275988, 0.9932197456784441, -0.0037358530948330363], [0.0, 0.0, 0.0, 1.0]], "antennas": [-0.1887275738095553, 0.28029903631138486], "body_yaw": 0.3140723397810006, "check_collision": false}, {"head": [[0.9869093814591536, -0.13898330613847604, -0.08181389492457719, -0.007698232660349004], [0.13229286274999874, 0.9877954867619104, -0.08221115981550754, -0.007380855070743892], [0.09224137495354837, 0.07031157051026225, 0.9932511322918589, -0.0036630218799589224], [0.0, 0.0, 0.0, 1.0]], "antennas": [-0.1887275738095553, 0.28029903631138486], "body_yaw": 0.3140723397810006, "check_collision": false}, {"head": [[0.9869613130920776, -0.13890451540701904, -0.08131975196164408, -0.007663113839768013], [0.13224354607897665, 0.9877971464142129, -0.08227054185062672, -0.007322819117526531], [0.09175516868285778, 0.07044382964802064, 0.9932867943773848, -0.0037297981586892296], [0.0, 0.0, 0.0, 1.0]], "antennas": [-0.1887275738095553, 0.28029903631138486], "body_yaw": 0.3140723397810006, "check_collision": false}, {"head": [[0.9870652474488448, -0.1386460140090029, -0.08049521773475961, -0.0077893705086081386], [0.1321375549876122, 0.9878965214515737, -0.08124118084922453, -0.007314113929577416], [0.09078471149178556, 0.06955390501830953, 0.9934386697003783, -0.0037428745044829573], [0.0, 0.0, 0.0, 1.0]], "antennas": [-0.1887275738095553, 0.28029903631138486], "body_yaw": 0.3140723397810006, "check_collision": false}, {"head": [[0.9870971559786251, -0.13854794803067053, -0.08027247819396345, -0.007786757744058369], [0.1320349735076257, 0.9878921308873407, -0.08146105512273762, -0.007249244045227463], [0.09058681156631078, 0.0698112013029409, 0.9934386874603233, -0.0037805142256156447], [0.0, 0.0, 0.0, 1.0]], "antennas": [-0.1887275738095553, 0.28029903631138486], "body_yaw": 0.3140723397810006, "check_collision": false}, {"head": [[0.9871225852948767, -0.13862608665361595, -0.079823616178816, -0.00758205481699256], [0.13215515901683014, 0.987885511718113, -0.08134635629626112, -0.0073795123107567116], [0.09013332095288132, 0.0697497228420736, 0.9934842528281255, -0.0038125237501508372], [0.0, 0.0, 0.0, 1.0]], "antennas": [-0.1887275738095553, 0.28029903631138486], "body_yaw": 0.3140723397810006, "check_collision": false}, {"head": [[0.9871468101228378, -0.13849593589065626, -0.07974992793775507, -0.007567172440145889], [0.13206466727876562, 0.9879289631803875, -0.08096472914716266, -0.007309392796042152], [0.09000054955862677, 0.06939192641147601, 0.9935213443243428, -0.0038344571558053212], [0.0, 0.0, 0.0, 1.0]], "antennas": [-0.1887275738095553, 0.28029903631138486], "body_yaw": 0.3140723397810006, "check_collision": false}, {"head": [[0.9871395481589581, -0.1385835462687924, -0.07968759730406055, -0.007416934173767988], [0.13218357034130687, 0.987937343467547, -0.08066789394865587, -0.00738776786179365], [0.0899055960013248, 0.06909707725983985, 0.9935504907762841, -0.0036670949069508244], [0.0, 0.0, 0.0, 1.0]], "antennas": [-0.1887275738095553, 0.28029903631138486], "body_yaw": 0.3140723397810006, "check_collision": false},