{"description": "You look all around with a satisfied air.", "time": [0.0, 0.009998559951782227, 0.0202944278717041, 0.0302276611328125, 0.0403141975402832, 0.050319671630859375, 0.06043577194213867, 0.07053518295288086, 0.08051276206970215, 0.09062600135803223, 0.10077905654907227, 0.11072731018066406, 0.1207575798034668, 0.1308135986328125, 0.14089226722717285, 0.15104126930236816, 0.16102075576782227, 0.17104506492614746, 0.18118953704833984, 0.19156360626220703, 0.20133662223815918, 0.21132707595825195, 0.22139739990234375, 0.23145341873168945, 0.2414841651916504, 0.2515716552734375, 0.2615842819213867, 0.2716641426086426, 0.2818434238433838, 0.29183125495910645, 0.3018205165863037, 0.31198835372924805, 0.3220949172973633, 0.3320302963256836, 0.3423447608947754, 0.3523368835449219, 0.36234378814697266, 0.3721957206726074, 0.3823130130767822, 0.3923914432525635, 0.4023892879486084, 0.41248607635498047, 0.4225196838378906, 0.4325876235961914, 0.4426844120025635, 0.4527442455291748, 0.46280884742736816, 0.47284436225891113, 0.48297977447509766, 0.493027925491333, 0.5029792785644531, 0.5130796432495117, 0.5231270790100098, 0.5331897735595703, 0.5432112216949463, 0.5532681941986084, 0.563380241394043, 0.5734398365020752, 0.5835206508636475, 0.5935416221618652, 0.6035416126251221, 0.6136884689331055, 0.6237459182739258, 0.6337406635284424, 0.6439287662506104, 0.6539828777313232, 0.6639642715454102, 0.6740107536315918, 0.6841702461242676, 0.6941187381744385, 0.7041888236999512, 0.7142162322998047, 0.7243173122406006, 0.7344002723693848, 0.7443995475769043, 0.7545080184936523, 0.7645490169525146, 0.7746171951293945, 0.78481125831604, 0.7947540283203125, 0.8047943115234375, 0.8148543834686279, 0.8250117301940918, 0.834965705871582, 0.8450138568878174, 0.8551208972930908, 0.865208625793457, 0.8752553462982178, 0.8853375911712646, 0.8954310417175293, 0.9055664539337158, 0.91554856300354, 0.9255952835083008, 0.9356045722961426, 0.9457216262817383, 0.9558234214782715, 0.9658160209655762, 0.9758548736572266, 0.9859952926635742, 0.9959843158721924, 1.0060391426086426, 1.0161781311035156, 1.0274546146392822, 1.036381721496582, 1.0463683605194092, 1.0564203262329102, 1.0664544105529785, 1.076582908630371, 1.0866751670837402, 1.0968496799468994, 1.1069421768188477, 1.1170191764831543, 1.1270546913146973, 1.1370553970336914, 1.147334098815918, 1.157423734664917, 1.1674251556396484, 1.1774396896362305, 1.187514305114746, 1.1974999904632568, 1.20749831199646, 1.2176978588104248, 1.2282726764678955, 1.2377245426177979, 1.2479979991912842, 1.2580807209014893, 1.267838954925537, 1.277998447418213, 1.2880537509918213, 1.2980942726135254, 1.3081974983215332, 1.3182332515716553, 1.328284740447998, 1.3383204936981201, 1.3484292030334473, 1.3585505485534668, 1.36859130859375, 1.3786091804504395, 1.388695240020752, 1.398719310760498, 1.4088053703308105, 1.418928861618042, 1.428926706314087, 1.438950777053833, 1.4490163326263428, 1.4591073989868164, 1.4691193103790283, 1.4791643619537354, 1.4892382621765137, 1.4994683265686035, 1.5093178749084473, 1.5194318294525146, 1.5294773578643799, 1.5395569801330566, 1.5496630668640137, 1.5596473217010498, 1.569690227508545, 1.5798430442810059, 1.5899090766906738, 1.5999045372009277, 1.6099534034729004, 1.6200759410858154, 1.630075216293335, 1.6401093006134033, 1.6502351760864258, 1.6602399349212646, 1.670304298400879, 1.680375099182129, 1.6904518604278564, 1.7004735469818115, 1.7106029987335205, 1.7206244468688965, 1.7306606769561768, 1.740694522857666, 1.7508161067962646, 1.7609469890594482, 1.7708971500396729, 1.7810018062591553, 1.7910449504852295, 1.8011727333068848, 1.8112058639526367, 1.8212616443634033, 1.8312718868255615, 1.8413140773773193, 1.851433277130127, 1.861490249633789, 1.8714969158172607, 1.881697416305542, 1.8917465209960938, 1.901731014251709, 1.9119200706481934, 1.9221599102020264, 1.9319570064544678, 1.9420750141143799, 1.9521825313568115, 1.9623301029205322, 1.9721252918243408, 1.982236623764038, 1.9922983646392822, 2.002340316772461, 2.0124123096466064, 2.0225656032562256, 2.032639741897583, 2.0427136421203613, 2.0527522563934326, 2.0627779960632324, 2.072782278060913, 2.082885265350342, 2.0929856300354004, 2.1029889583587646, 2.113072156906128, 2.123106002807617, 2.1331520080566406, 2.143798589706421, 2.153306484222412, 2.1633551120758057, 2.1735053062438965, 2.1835732460021973, 2.1934919357299805, 2.2035624980926514, 2.213688850402832, 2.223721742630005, 2.2337958812713623, 2.243844509124756, 2.2539331912994385, 2.2640063762664795, 2.274054765701294, 2.2841084003448486, 2.2941806316375732, 2.304276466369629, 2.31428861618042, 2.3243653774261475, 2.3343498706817627, 2.3444738388061523, 2.3546102046966553, 2.364670753479004, 2.374706745147705, 2.3847897052764893, 2.394807815551758, 2.4048004150390625, 2.414914608001709, 2.425018072128296, 2.4349992275238037, 2.4452784061431885, 2.455199718475342, 2.4652271270751953, 2.4753499031066895, 2.4853508472442627, 2.4953856468200684, 2.5054471492767334, 2.515591621398926, 2.5256187915802, 2.5356268882751465, 2.545741081237793, 2.555898427963257, 2.565880060195923, 2.5759220123291016, 2.585972547531128, 2.596062660217285, 2.6060705184936523, 2.616152286529541, 2.6262457370758057, 2.636281967163086, 2.646446943283081, 2.656399726867676, 2.666459083557129, 2.676536798477173, 2.686645269393921, 2.696643352508545, 2.7066903114318848, 2.7167837619781494, 2.726808547973633, 2.7368624210357666, 2.746945381164551, 2.7570252418518066, 2.7670838832855225, 2.777106523513794, 2.787172794342041, 2.7972140312194824, 2.807262659072876, 2.817371368408203, 2.827382802963257, 2.837442636489868, 2.8476340770721436, 2.8576719760894775, 2.867626190185547, 2.8777267932891846, 2.8878705501556396, 2.898040533065796, 2.907978057861328, 2.918031692504883, 2.928060293197632, 2.938181161880493, 2.94818115234375, 2.9583165645599365, 2.968240261077881, 2.9784326553344727, 2.9884819984436035, 2.998459577560425, 3.008528470993042, 3.0187647342681885, 3.0288197994232178, 3.0387556552886963, 3.048861265182495, 3.0589427947998047, 3.0694618225097656, 3.079312801361084, 3.0894668102264404, 3.0995378494262695, 3.1096341609954834, 3.1196773052215576, 3.129643678665161, 3.139899969100952, 3.149982452392578, 3.1598474979400635, 3.169870138168335, 3.179947853088379, 3.1900277137756348, 3.2001047134399414, 3.2100627422332764, 3.2201755046844482, 3.2302067279815674, 3.2401907444000244, 3.250453233718872, 3.26041579246521, 3.2704484462738037, 3.280574083328247, 3.2906908988952637, 3.3006789684295654, 3.3107950687408447, 3.3209025859832764, 3.3308935165405273, 3.3409478664398193, 3.351022720336914, 3.361062526702881, 3.3713231086730957, 3.3812692165374756, 3.391287326812744, 3.4013123512268066, 3.411397695541382, 3.421431064605713, 3.431467294692993, 3.4415628910064697, 3.451626777648926, 3.4616336822509766, 3.4717025756835938, 3.481797218322754, 3.491868019104004, 3.501847267150879, 3.511951208114624, 3.522010326385498, 3.532090187072754, 3.5421135425567627, 3.552227020263672, 3.562276840209961, 3.5722858905792236, 3.582411050796509, 3.5924160480499268, 3.602445125579834, 3.6127030849456787, 3.6226370334625244, 3.6326420307159424, 3.6427879333496094, 3.65285062789917, 3.6629180908203125, 3.672853708267212, 3.6829822063446045, 3.693056106567383, 3.7031240463256836, 3.713137149810791, 3.7231528759002686, 3.733186960220337, 3.743306875228882, 3.753368854522705, 3.7634150981903076, 3.7734873294830322], "set_target_data": [{"head": [[0.9469651524844969, -0.3191876387722082, -0.03709786024875311, -0.004820578003881054], [0.3205666012757496, 0.9463659580060944, 0.04035502042772104, -0.011184342632393013], [0.022227328371358938, -0.050107133047397355, 0.9984964802598165, 0.002116734831923983], [0.0, 0.0, 0.0, 1.0]], "antennas": [-0.0, -0.0], "body_yaw": 0.3140723397810006, "check_collision": false}, {"head": [[0.9469679620234266, -0.3191870647707055, -0.03703102191756815, -0.004797215371241649], [0.32058082045486164, 0.9463257196379238, 0.04117729845744332, -0.011191830085098803], [0.021900147435251774, -0.05086501779049145, 0.9984653892386491, 0.0021207951212510734], [0.0, 0.0, 0.0, 1.0]], "antennas": [-0.0, -0.0], "body_yaw": 0.3140723397810006, "check_collision": false}, {"head": [[0.9469582749421875, -0.31923486453537003, -0.03686633672607471, -0.00475880036111722], [0.3206321391040173, 0.9462842340738673, 0.04172744560617642, -0.011162584853611952], [0.02156517776644814, -0.05133468231437912, 0.9984486433961355, 0.001998647567070133], [0.0, 0.0, 0.0, 1.0]], "antennas": [-0.0, -0.0], "body_yaw": 0.3140723397810006, "check_collision": false}, {"head": [[0.9469715967771707, -0.3192082575364634, -0.03675436324887889, -0.004733265887167305], [0.32060542321427765, 0.9462816910561948, 0.04198956748315507, -0.011173282175616871], [0.021376564337835097, -0.05154657595188423, 0.998441782481456, 0.0019829612604752023], [0.0, 0.0, 0.0, 1.0]], "antennas": [-0.0, -0.0], "body_yaw": 0.3140723397810006, "check_collision": false}, {"head": [[0.9470163865051612, -0.31908047260235806, -0.036709885515534835, -0.004846122861525082], [0.32048543594756873, 0.9463013888161275, 0.042459002227628856, -0.011491042302571874], [0.021190777149615255, -0.05197435452725517, 0.9984235661457872, 0.002092516899854735], [0.0, 0.0, 0.0, 1.0]], "antennas": [-0.0, -0.0], "body_yaw": 0.3140723397810006, "check_collision": false}, {"head": [[0.9470441114339772, -0.31900746247843315, -0.03662908518240441, -0.0048375386666603265], [0.3204093611595936, 0.9463248522897042, 0.04251017784214443, -0.011499144742642714], [0.02110194966181643, -0.05199531538456855, 0.9984243561224503, 0.0020663830044182485], [0.0, 0.0, 0.0, 1.0]], "antennas": [-0.0, -0.0], "body_yaw": 0.3140723397810006, "check_collision": false}, {"head": [[0.9470701244725347, -0.3189264146088975, -0.03666226119991753, -0.004815640941337136], [0.3203258788279869, 0.9463620385771516, 0.042311030396047854, -0.011099944682570584], [0.021201667025382346, -0.05181538386243104, 0.9984315977123989, 0.0019123391720255456], [0.0, 0.0, 0.0, 1.0]], "antennas": [-0.0, -0.0], "body_yaw": 0.3140723397810006, "check_collision": false}, {"head": [[0.9470902294534507, -0.3188611194829152, -0.036710812520448784, -0.004815776045571721], [0.3202573795895225, 0.9463972800860833, 0.042040445574652884, -0.011087461458831393], [0.021337949579608485, -0.05157300386602449, 0.9984412437294307, 0.0018769256601466888], [0.0, 0.0, 0.0, 1.0]], "antennas": [-0.0, -0.0], "body_yaw": 0.3140723397810006, "check_collision": false}, {"head": [[0.9469938267005096, -0.3191430057540277, -0.03674825260348761, -0.004807366459391296], [0.32053482715761344, 0.9463160804817187, 0.04175284901364475, -0.011391887366835298], [0.021450332635275834, -0.051318785059683264, 0.9984519345115387, 0.002088285909494114], [0.0, 0.0, 0.0, 1.0]], "antennas": [-0.0, -0.0], "body_yaw": 0.3140723397810006, "check_collision": false}, {"head": [[0.9469071149682915, -0.3194062877210118, -0.03669521749096755, -0.004803650207275537], [0.32077981454472754, 0.9462643135375025, 0.0410385124736477, -0.011383040567371511], [0.02161541586639951, -0.05063074451044299, 0.9984835008688132, 0.002065185257016655], [0.0, 0.0, 0.0, 1.0]], "antennas": [-0.0, -0.0], "body_yaw": 0.3140723397810006, "check_collision": false}, {"head": [[0.9468507841495855, -0.31957929488944486, -0.036642418496611213, -0.004830946669291965], [0.3209299649414877, 0.9462529819704351, 0.04011547973931656, -0.011621904982829757], [0.02185292103978438, -0.049743023531197444, 0.9985229498874846, 0.002086124579379567], [0.0, 0.0, 0.0, 1.0]], "antennas": [-0.0, -0.0], "body_yaw": 0.3140723397810006, "check_collision": false}, {"head": [[0.9468035708618977, -0.3197115711939754, -0.036708438373747536, -0.004821483983161491], [0.3210396403715461, 0.9462644980981043, 0.038949312564553605, -0.011617426218935613], [0.022283346096760717, -0.0486622120728445, 0.9985666936178622, 0.0020513417843745496], [0.0, 0.0, 0.0, 1.0]], "antennas": [-0.0, -0.0], "body_yaw": 0.3140723397810006, "check_collision": false}, {"head": [[0.9467834888131076, -0.3197807631603488, -0.036623610191579205, -0.0047980230814359814], [0.3210754728718464, 0.9463049867864187, 0.037648541847937256, -0.01154190516095513], [0.022617825514405606, -0.047403960760051794, 0.9986196966179163, 0.002125832285971463], [0.0, 0.0, 0.0, 1.0]], "antennas": [-0.0, -0.0], "body_yaw": 0.3140723397810006, "check_collision": false}, {"head": [[0.9467557303194899, -0.319874980036788, -0.03651827287364416, -0.0047872562333317464], [0.3211337459824543, 0.9463382465200584, 0.03629105075108649, -0.011532525939393756], [0.02295003918266757, -0.04608601002262935, 0.9986738082986397, 0.0020951836634433563], [0.0, 0.0, 0.0, 1.0]], "antennas": [-0.0, -0.0], "body_yaw": 0.3140723397810006, "check_collision": false}, {"head": [[0.9467607442052699, -0.31986658386919753, -0.03646178486762648, -0.004896580661601438], [0.3210936096186845, 0.9463993372455655, 0.03503124781103623, -0.011346941766158577], [0.023302083467520624, -0.044873856364302016, 0.9987208568569441, 0.002013944632948461], [0.0, 0.0, 0.0, 1.0]], "antennas": [-0.0, -0.0], "body_yaw": 0.3140723397810006, "check_collision": false}, {"head": [[0.9468439598842385, -0.31962580809838276, -0.03641233895522197, -0.004908647637545414], [0.32082428039324656, 0.9465316616471673, 0.033905672233530595, -0.01133819301194186], [0.023628303808985025, -0.043785343402877264, 0.9987615065480858, 0.0019979280691355683], [0.0, 0.0, 0.0, 1.0]], "antennas": [-0.0, -0.0], "body_yaw": 0.3140723397810006, "check_collision": false}, {"head": [[0.9469969379325217, -0.3192077885991677, -0.036099684819345716, -0.004855573215938047], [0.3203648939180214, 0.9467287846389966, 0.03272526670422767, -0.011216075880562126], [0.02373045071889552, -0.04255579905955242, 0.9988122294380863, 0.0019290343352062478], [0.0, 0.0, 0.0, 1.0]], "antennas": [-0.0, -0.0], "body_yaw": 0.3140723397810006, "check_collision": false}, {"head": [[0.9471101024954571, -0.31888957642666577, -0.035942896342211504, -0.004852442118995333], [0.32001198387173874, 0.9468882017956289, 0.031544626780401305, -0.011208600881821785], [0.023974651812263905, -0.04137839226773418, 0.9988558678427127, 0.0019116415651935226], [0.0, 0.0, 0.0, 1.0]], "antennas": [-0.0, -0.0], "body_yaw": 0.3140723397810006, "check_collision": false}, {"head": [[0.9471303377373856, -0.3188468775426991, -0.03578815472662933, -0.004825306858923989], [0.3199485758291361, 0.9469293483989767, 0.030947018686736286, -0.011183995065867716], [0.024021493758167436, -0.04076122939707154, 0.9988801179399187, 0.0019095842403969443], [0.0, 0.0, 0.0, 1.0]], "antennas": [-0.0, -0.0], "body_yaw": 0.3140723397810006, "check_collision": false}, {"head": [[0.947206273291077, -0.31864408651274245, -0.035584012821615676, -0.00480588825703504], [0.31972349789630927, 0.9470242964087526, 0.03036226118811085, -0.011181339675842856], [0.02402416972504375, -0.04013636931719488, 0.9989053564412673, 0.0019012520660643406], [0.0, 0.0, 0.0, 1.0]], "antennas": [-0.0, -0.0], "body_yaw": 0.3140723397810006, "check_collision": false}, {"head": [[0.9472628970723967, -0.31848879166290067, -0.03546679313266881, -0.00483413115360571], [0.31954551058699976, 0.9471080714246498, 0.029613640539020866, -0.011603170545016084], [0.024159273451486725, -0.03938515745031562, 0.9989319991265223, 0.002105488260684185], [0.0, 0.0, 0.0, 1.0]], "antennas": [-0.0, -0.0], "body_yaw": 0.3140723397810006, "check_collision": false}, {"head": [[0.9473043081902313, -0.31838664639980585, -0.0352773451171217, -0.004820929767273392], [0.31942172532985014, 0.9471680558653028, 0.029024736616279342, -0.011602269623574846], [0.024172485836778668, -0.03876360848305575, 0.9989559918163778, 0.002112333374954256], [0.0, 0.0, 0.0, 1.0]], "antennas": [-0.0, -0.0], "body_yaw": 0.3140723397810006, "check_collision": false}, {"head": [[0.9473364985588093, -0.3183077069753539, -0.03512495093844139, -0.004874795232122406], [0.3193203731083238, 0.9472229250981449, 0.02834130354228193, -0.011476340885068492], [0.024249903428603038, -0.038064863701412405, 0.9989809849717345, 0.0018537986443487586], [0.0, 0.0, 0.0, 1.0]], "antennas": [-0.0, -0.0], "body_yaw": 0.3140723397810006, "check_collision": false}, {"head": [[0.9473694987694715, -0.31819614452545414, -0.03524551617463757, -0.004885185786767693], [0.31919983079406494, 0.9472799965526946, 0.027786258333341717, -0.011469590269540655], [0.024545892167951014, -0.03757421642913079, 0.9989923310203218, 0.0018422966779542693], [0.0, 0.0, 0.0, 1.0]], "antennas": [-0.0, -0.0], "body_yaw": 0.3140723397810006, "check_collision": false}, {"head": [[0.9474586809545236, -0.3179137764875027, -0.035396025248162474, -0.004846443189340834], [0.3189099338618628, 0.9473931089919292, 0.0272534606761944, -0.0114579509989318], [0.024869699799890857, -0.03710967197457744, 0.9990016868243029, 0.0017774303124887814], [0.0, 0.0, 0.0, 1.0]], "antennas": [-0.0, -0.0], "body_yaw": 0.3140723397810006, "check_collision": false}, {"head": [[0.9475080488226942, -0.31775096194075453, -0.0355362294276699, -0.004834394434909829], [0.318739341542507, 0.9474652626694718, 0.026735896987342477, -0.011467042806738614], [0.025173985962892883, -0.03665927195668038, 0.9990106947427271, 0.0017640710087294953], [0.0, 0.0, 0.0, 1.0]], "antennas": [-0.0, -0.0], "body_yaw": 0.3140723397810006, "check_collision": false}, {"head": [[0.9475954029271122, -0.31748755698231373, -0.03556126421833021, -0.004845765307543465], [0.31846757531451625, 0.9475669396216163, 0.02636851170273071, -0.011372321399010742], [0.025325003942679322, -0.036311790062267875, 0.9990195684158429, 0.0018203233736914237], [0.0, 0.0, 0.0, 1.0]], "antennas": [-0.0, -0.0], "body_yaw": 0.3140723397810006, "check_collision": false}, {"head": [[0.9476635723474388, -0.31727758166073206, -0.03561867236728571, -0.00482365289310948], [0.3182479415922861, 0.9476534459697961, 0.02590741233399635, -0.011372328629500928], [0.025534316477309672, -0.03588708008585179, 0.999029587232004, 0.001817136969712474], [0.0, 0.0, 0.0, 1.0]], "antennas": [-0.0, -0.0], "body_yaw": 0.3140723397810006, "check_collision": false}, {"head": [[0.9477572425678741, -0.3169952728375894, -0.03563995172221009, -0.004782642194878797], [0.3179557691978013, 0.9477627515674765, 0.02549304954452674, -0.010998404347705493], [0.025697042514144435, -0.03549315060497468, 0.9990394878412756, 0.001681661700110082], [0.0, 0.0, 0.0, 1.0]], "antennas": [-0.0, -0.0], "body_yaw": 0.3140723397810006, "check_collision": false}, {"head": [[0.9478149014248365, -0.3168361499780939, -0.03552135560597558, -0.004766832719498938], [0.3177844387610628, 0.947828540870198, 0.025181493069069832, -0.010986975416591122], [0.02568974733903912, -0.035155528426267714, 0.9990516131325379, 0.0016699098257302314], [0.0, 0.0, 0.0, 1.0]], "antennas": [-0.0, -0.0], "body_yaw": 0.3140723397810006, "check_collision": false}, {"head": [[0.9478127254770675, -0.3168502052294821, -0.03545398242466433, -0.004733379917976857], [0.31779312864891723, 0.9478287205323956, 0.025064794382857435, -0.01141367578309481], [0.025662517555104482, -0.035023763075336195, 0.9990569409261801, 0.0019131205581856547], [0.0, 0.0, 0.0, 1.0]], "antennas": [-0.0, -0.0], "body_yaw": 0.3140723397810006, "check_collision": false}, {"head": [[0.9478306402801995, -0.3167783831437674, -0.03561647538496128, -0.004733073503629559], [0.3177274494414358, 0.9478502851810402, 0.025081960722011944, -0.011421064596713226], [0.025813663387184622, -0.03508978277278482, 0.9990507304073661, 0.0019276799576659065], [0.0, 0.0, 0.0, 1.0]], "antennas": [-0.0, -0.0], "body_yaw": 0.3140723397810006, "check_collision": false}, {"head": [[0.9478728445759662, -0.31665071869733863, -0.03562854001954997, -0.004806530465598112], [0.3176005001726714, 0.9478925291143637, 0.02509333655063627, -0.011286683316147732], [0.025826203854510378, -0.03510093442678478, 0.9990500145622497, 0.001838169248402688], [0.0, 0.0, 0.0, 1.0]], "antennas": [-0.0, -0.0], "body_yaw": 0.3140723397810006, "check_collision": false}, {"head": [[0.9478909631678823, -0.3165753480072936, -0.03581579230905496, -0.004819935233946082], [0.31753342676274543, 0.9479132535400882, 0.02515922596887181, -0.011291482958296226], [0.025985473499102622, -0.0352209142003093, 0.9990416619790798, 0.0018516024862290648], [0.0, 0.0, 0.0, 1.0]], "antennas": [-0.0, -0.0], "body_yaw": 0.3140723397810006, "check_collision": false}, {"head": [[0.947929193644049, -0.3164446203077599, -0.035958950424349795, -0.004853501712228474], [0.31741623707840505, 0.9479438112889768, 0.025484565484125754, -0.011574337399926044], [0.026022610866877093, -0.03557151834272232, 0.99902827327682, 0.0019710805235657602], [0.0, 0.0, 0.0, 1.0]], "antennas": [-0.0, -0.0], "body_yaw": 0.3140723397810006, "check_collision": false}, {"head": [[0.9480179936602431, -0.31617423350709956, -0.03599635762969918, -0.004847725748140824], [0.3171513537392477, 0.9480281459467343, 0.025644752175830086, -0.011583574491566766], [0.026017350321846704, -0.03572798005758579, 0.999022827028109, 0.001983847470349742], [0.0, 0.0, 0.0, 1.0]], "antennas": [-0.0, -0.0], "body_yaw": 0.3140723397810006, "check_collision": false}, {"head": [[0.9481576619978138, -0.31577418894687476, -0.03582889322576416, -0.004870881636978755], [0.3167592101923507, 0.9481445382707899, 0.026182767340159882, -0.011523781289806221], [0.02570312730307188, -0.03617452338613783, 0.9990148913327709, 0.0020525086065679155], [0.0, 0.0, 0.0, 1.0]], "antennas": [-0.0, -0.0], "body_yaw": 0.3140723397810006, "check_collision": false}, {"head": [[0.9483632234122398, -0.31515943838330723, -0.03580118541423313, -0.004868144082343498], [0.3161585421934279, 0.9483285779955435, 0.026770961041334463, -0.011521828236348806], [0.025514166207666132, -0.03670744549636401, 0.9990002956795653, 0.0020632006317084506], [0.0, 0.0, 0.0, 1.0]], "antennas": [-0.0, -0.0], "body_yaw": 0.3140723397810006, "check_collision": false}, {"head": [[0.9484395957861246, -0.3149219829407271, -0.03586750347784989, -0.004870035787501607], [0.31594126717215515, 0.9483811012935696, 0.02746638685465526, -0.012033605876106745], [0.02536629343648905, -0.037382233345228125, 0.9989790387127336, 0.0021226253194377986], [0.0, 0.0, 0.0, 1.0]], "antennas": [-0.0, -0.0], "body_yaw": 0.3140723397810006, "check_collision": false}, {"head": [[0.9485809976378062, -0.3144766639969106, -0.036034965267619054, -0.004874475091157869], [0.3155199298045824, 0.9485009905834892, 0.0281610503754915, -0.012060782863046546], [0.02532320707524479, -0.03808278697146197, 0.9989536708576181, 0.0021265166486968967], [0.0, 0.0, 0.0, 1.0]], "antennas": [-0.0, -0.0], "body_yaw": 0.3140723397810006, "check_collision": false}, {"head": [[0.9487174454929383, -0.31403840713262804, -0.03626413466436235, -0.004927199384687775], [0.3151106213464751, 0.9486132007444569, 0.028953267311218243, -0.011978013158480301], [0.02530819890848862, -0.038895683808852645, 0.9989227301693809, 0.0020517175743192673], [0.0, 0.0, 0.0, 1.0]], "antennas": [-0.0, -0.0], "body_yaw": 0.3140723397810006, "check_collision": false}, {"head": [[0.9488414289280837, -0.31363291497018436, -0.036528583287845605, -0.004949873488176958], [0.31474337224380183, 0.9487010058573405, 0.03005014332527494, -0.012003604974057416], [0.025229989661344963, -0.04000995041955271, 0.9988806993275589, 0.0020583111124767295], [0.0, 0.0, 0.0, 1.0]], "antennas": [-0.0, -0.0], "body_yaw": 0.3140723397810006, "check_collision": false}, {"head": [[0.9489977517939133, -0.31312229333651953, -0.03684693346502864, -0.00495934082090943], [0.31428304194757395, 0.9488056588213793, 0.0315276280856517, -0.012173970719228454], [0.025088575772193915, -0.041500014508507176, 0.998823463962234, 0.002174078550961245], [0.0, 0.0, 0.0, 1.0]], "antennas": [-0.0, -0.0], "body_yaw": 0.3140723397810006, "check_collision": false}, {"head": [[0.9492383564730612, -0.3123546455949722, -0.03716339564087969, -0.004967548751221039], [0.3135701840528284, 0.9489853663967955, 0.03317399641006127, -0.012195569879818995], [0.024905466737175724, -0.043143362641068515, 0.9987584132244516, 0.0021941831517936494], [0.0, 0.0, 0.0, 1.0]], "antennas": [-0.0, -0.0], "body_yaw": 0.3140723397810006, "check_collision": false}, {"head": [[0.9494908960095038, -0.3115533427374826, -0.03743732127397082, -0.004957289521978853], [0.3128192001599238, 0.9491784335931585, 0.034705175593039775, -0.011805683902398487], [0.02472218449844861, -0.044663361167056145, 0.9986961488675552, 0.001914473008579498], [0.0, 0.0, 0.0, 1.0]], "antennas": [-0.0, -0.0], "body_yaw": 0.3140723397810006, "check_collision": false}, {"head": [[0.9497624469771325, -0.3107024049952315, -0.03762060395831138, -0.00495279074482851], [0.31202502064800897, 0.9493662205377983, 0.036662866655317455, -0.011818013148003403], [0.024324489750424803, -0.04655958367463331, 0.9986193090294347, 0.0019114259029646141], [0.0, 0.0, 0.0, 1.0]], "antennas": [-0.0, -0.0], "body_yaw": 0.3140723397810006, "check_collision": false}, {"head": [[0.9499475491085342, -0.3100984315768686, -0.037929100651808226, -0.004907476057675032], [0.31148875078489874, 0.9494556293919014, 0.03884283654023621, -0.01164967466280939], [0.023966895442507432, -0.04871314555224723, 0.9985252212003728, 0.0018855933844705852], [0.0, 0.0, 0.0, 1.0]], "antennas": [-0.0, -0.0], "body_yaw": 0.3140723397810006, "check_collision": false}, {"head": [[0.9500935878467865, -0.3096289158069505, -0.038106545745220224, -0.004894387870256207], [0.3110846023863453, 0.9494882154710436, 0.04121284799358417, -0.011655904754194965], [0.023421026675824724, -0.05101042224707754, 0.998423453416247, 0.001889980824680948], [0.0, 0.0, 0.0, 1.0]], "antennas": [-0.0, -0.0], "body_yaw": 0.3140723397810006, "check_collision": false}, {"head": [[0.9503358710389226, -0.3088509421080063, -0.038377438367996286, -0.005042432790792362], [0.31036787298424556, 0.9496338082331502, 0.04321358212228829, -0.011675163303164322], [0.023097957397302887, -0.05297854112375584, 0.9983284822865022, 0.0019120282955542023], [0.0, 0.0, 0.0, 1.0]], "antennas": [-0.0, -0.0], "body_yaw": 0.3140723397810006, "check_collision": false}, {"head": [[0.9505316552546907, -0.3082094982220093, -0.03868433228730715, -0.0050387195599022674], [0.3097872662188333, 0.9497349063475076, 0.04511604319698891, -0.011658966822962042], [0.022834667666495077, -0.054868140763361835, 0.9982324704605299, 0.0019045831113961853], [0.0, 0.0, 0.0, 1.0]], "antennas": [-0.0, -0.0], "body_yaw": 0.3140723397810006, "check_collision": false}, {"head": [[0.9506571158064443, -0.3078119785275287, -0.03876640351568773, -0.005014045221682625], [0.3094313328251321, 0.9497727529154808, 0.04673294432636947, -0.011467296002324656], [0.02243431373221047, -0.05642254597514568, 0.9981548967334917, 0.0018580666585206185], [0.0, 0.0, 0.0, 1.0]], "antennas": [-0.0, -0.0], "body_yaw": 0.3140723397810006, "check_collision": false}, {"head": [[0.9507884463571802, -0.30741602801730344, -0.038687413867620125, -0.0049978073787494345], [0.30905700712967793, 0.9498370465985081, 0.04788894708667504, -0.011415407514038665], [0.022024909029238003, -0.05748887394173484, 0.9981031673906088, 0.0018452683232797473], [0.0, 0.0, 0.0, 1.0]], "antennas": [-0.0, -0.0], "body_yaw": 0.3140723397810006, "check_collision": false}, {"head": [[0.9509825316938263, -0.30681695457874725, -0.03867273970412807, -0.004943363527127549], [0.30848517013310817, 0.9499588201513429, 0.04914407212081092, -0.011204594328233224], [0.02165927563764798, -0.05866512081033413, 0.9980427242253515, 0.0018148027075690631], [0.0, 0.0, 0.0, 1.0]], "antennas": [-0.0, -0.0], "body_yaw": 0.3140723397810006, "check_collision": false}, {"head": [[0.9511701760257024, -0.30622681731562834, -0.038735417849498466, -0.004932978337956841], [0.3079304930352295, 0.9500630003510291, 0.05058761531324602, -0.0111488229932405], [0.021309802868982645, -0.06004524727854243, 0.9979681661160059, 0.0017977005100947019], [0.0, 0.0, 0.0, 1.0]], "antennas": [-0.0, -0.0], "body_yaw": 0.3140723397810006, "check_collision": false}, {"head": [[0.9513818233882276, -0.3055580770649627, -0.038818651017946924, -0.004932529043034498], [0.30730069025299483, 0.9501824863446535, 0.052149097920527965, -0.011016674823450878], [0.020950224259509258, -0.06154270212018835, 0.9978845544045771, 0.0017620174488298113], [0.0, 0.0, 0.0, 1.0]], "antennas": [-0.0, -0.0], "body_yaw": 0.3140723397810006, "check_collision": false}, {"head": [[0.9515083754073065, -0.3051387556613701, -0.03901475776137951, -0.004934797290063353], [0.3069251750070538, 0.9502210917175503, 0.05363593759781109, -0.01096877359936134], [0.020706242455786835, -0.0630096552009101, 0.9977980932407241, 0.001745131445410164], [0.0, 0.0, 0.0, 1.0]], "antennas": [-0.0, -0.0], "body_yaw": 0.3140723397810006, "check_collision": false}, {"head": [[0.9515619785584696, -0.30495777550561864, -0.03912232253529627, -0.004850667776522391], [0.30677902651972744, 0.9501913741280993, 0.05498164621183338, -0.011181483083830147], [0.020406612886498227, -0.06432035207630293, 0.9977206334737603, 0.0018628398611621466], [0.0, 0.0, 0.0, 1.0]], "antennas": [-0.0, -0.0], "body_yaw": 0.3140723397810006, "check_collision": false}, {"head": [[0.9516002599238186, -0.30483275584309605, -0.039165498567280896, -0.004839737677451897], [0.3066773064134602, 0.9501658473397077, 0.055981177910073614, -0.011140822296843614], [0.02014882239499217, -0.06528287305502153, 0.9976633557677541, 0.0018456560650579323], [0.0, 0.0, 0.0, 1.0]], "antennas": [-0.0, -0.0], "body_yaw": 0.3140723397810006, "check_collision": false}, {"head": [[0.9516384006390975, -0.30470217371082964, -0.03925480562880402, -0.004914694896980501], [0.30656888951521566, 0.9501533677396149, 0.05678110385044307, -0.010947523899211262], [0.019996759999241775, -0.06606938102451626, 0.9976146382649812, 0.0016574411208240547], [0.0, 0.0, 0.0, 1.0]], "antennas": [-0.0, -0.0], "body_yaw": 0.3140723397810006, "check_collision": false}, {"head": [[0.9517210150959354, -0.30445337629066976, -0.03918228030595826, -0.004911785461675679], [0.30632859666738405, 0.9501918613233975, 0.05743011003445088, -0.010907613694498684], [0.019745892954080326, -0.0666600955594111, 0.9975803383043678, 0.0016153079470546672], [0.0, 0.0, 0.0, 1.0]], "antennas": [-0.0, -0.0], "body_yaw": 0.3140723397810006, "check_collision": false}, {"head": [[0.9518584592393393, -0.3040090095762902, -0.0392937103230798, -0.004885380061620037], [0.30591308764536573, 0.9502618357419286, 0.058477571253079154, -0.011072899714505726], [0.01956160478564585, -0.06768283112299053, 0.9975151016347508, 0.0016860148883507398], [0.0, 0.0, 0.0, 1.0]], "antennas": [-0.0, -0.0], "body_yaw": 0.3140723397810006, "check_collision": false}, {"head": [[0.9520412172933685, -0.3034289521383859, -0.03934960709794361, -0.0048804945292164545], [0.30535333966806627, 0.9503926609324187, 0.05927164582964971, -0.011041016154695774], [0.019412844410851685, -0.06844458378862443, 0.9974660297082214, 0.001646683147844108], [0.0, 0.0, 0.0, 1.0]], "antennas": [-0.0, -0.0], "body_yaw": 0.3140723397810006, "check_collision": false}, {"head": [[0.9521777760512844, -0.3029902337651141, -0.039425892976462956, -0.004888892399196598], [0.3049327185654774, 0.9504887077069795, 0.05989368639333718, -0.011098499456711455], [0.019326664024020286, -0.06905168183670528, 0.9974258595470767, 0.001663620737451077], [0.0, 0.0, 0.0, 1.0]], "antennas": [-0.0, -0.0], "body_yaw": 0.3140723397810006, "check_collision": false}, {"head": [[0.9522389126246419, -0.3027895517577057, -0.03949101960961768, -0.004885744208871258], [0.3047419436657295, 0.9505334638681335, 0.06015381814715344, -0.011066808464574168], [0.019323588027923153, -0.06931537645584217, 0.9974076285714442, 0.0016301478552595006], [0.0, 0.0, 0.0, 1.0]], "antennas": [-0.0, -0.0], "body_yaw": 0.3140723397810006, "check_collision": false}, {"head": [[0.9522816749063644, -0.3026526620199516, -0.03950921170773155, -0.004840614728123707], [0.3046094893549956, 0.950566343972454, 0.0603049309901856, -0.010694339949979339], [0.0193046790291429, -0.06946216149155718, 0.9973977829775353, 0.0014944749063944829], [0.0, 0.0, 0.0, 1.0]], "antennas": [-0.0, -0.0], "body_yaw": 0.3140723397810006, "check_collision": false}, {"head": [[0.9523518027056568, -0.3024375794595602, -0.039465863907033216, -0.004837389445152621], [0.3043971960717431, 0.950616495392716, 0.06058568899444412, -0.01065004263639207], [0.0191935121055804, -0.06971218844587303, 0.9973824842432016, 0.0014633250032292655], [0.0, 0.0, 0.0, 1.0]], "antennas": [-0.0, -0.0], "body_yaw": 0.3140723397810006, "check_collision": false}, {"head": [[0.9525103521804225, -0.301936690363856, -0.03947485277044996, -0.004876984114421425], [0.30391117766038017, 0.950727448326098, 0.0612806257509476, -0.010861246127585905], [0.019026956724831085, -0.07036727940930933, 0.9973396717800429, 0.0017152444049042814], [0.0, 0.0, 0.0, 1.0]], "antennas": [-0.0, -0.0], "body_yaw": 0.3140723397810006, "check_collision": false}, {"head": [[0.9527136864786308, -0.30128115677829026, -0.039576459753657936, -0.004888039031329838], [0.303276386961985, 0.950888262246405, 0.06192693947949361, -0.010834701001087296], [0.01897537107889957, -0.0710012485266832, 0.9972957224414786, 0.0017207456783466246], [0.0, 0.0, 0.0, 1.0]], "antennas": [-0.0, -0.0], "body_yaw": 0.3140723397810006, "check_collision": false}, {"head": [[0.9528021675190206, -0.30097747067405406, -0.0397566562691718, -0.004902807673804625], [0.3029984024689801, 0.9509347356879894, 0.06257073248140606, -0.011220359795934238], [0.018973604620686653, -0.0716637328686039, 0.997248370126036, 0.0018626175639878673], [0.0, 0.0, 0.0, 1.0]], "antennas": [-0.0, -0.0], "body_yaw": 0.3140723397810006, "check_collision": false}, {"head": [[0.9528767542948021, -0.30072406105485605, -0.03988646671840528, -0.004909458355013628], [0.3027645583727522, 0.9509754513351716, 0.06308179730491927, -0.01122761115489759], [0.01896083642552617, -0.07218538675204152, 0.9972109890196269, 0.0018706921047171865], [0.0, 0.0, 0.0, 1.0]], "antennas": [-0.0, -0.0], "body_yaw": 0.3140723397810006, "check_collision": false}, {"head": [[0.9529912888131881, -0.3003645352294021, -0.039859119691780874, -0.0048738468672124835], [0.30240990628277853, 0.9510667912546489, 0.06340510353770465, -0.011075602695691515], [0.01886404061222225, -0.07247830398823629, 0.997191578094585, 0.0017060588506029317], [0.0, 0.0, 0.0, 1.0]], "antennas": [-0.0, -0.0], "body_yaw": 0.3140723397810006, "check_collision": false}, {"head": [[0.9531270578399833, -0.29994851268770106, -0.039745456969735166, -0.004858575756108256], [0.3019971962921544, 0.9511596670040648, 0.06397641203126646, -0.011076009242149899], [0.018614645980383766, -0.07298066594073001, 0.99715962481133, 0.0016913599297279647], [0.0, 0.0, 0.0, 1.0]], "antennas": [-0.0, -0.0], "body_yaw": 0.3140723397810006, "check_collision": false}, {"head": [[0.953315684008407, -0.29934974754636273, -0.039735818445224544, -0.004909703641643816], [0.30141589973234323, 0.951282250590649, 0.06488863613709021, -0.011020784402519253], [0.018375581953368886, -0.0738363620116712, 0.9971010628982182, 0.0016785621373003878], [0.0, 0.0, 0.0, 1.0]], "antennas": [-0.0, -0.0], "body_yaw": 0.3140723397810006, "check_collision": false}, {"head": [[0.9535048704511335, -0.2987621456605466, -0.039618712072377875, -0.004904966575265145], [0.3008386528871583, 0.9513979966416878, 0.0658631681231894, -0.01101083951814447], [0.01801574186669877, -0.07471969155778127, 0.997041824969496, 0.0016630655879111833], [0.0, 0.0, 0.0, 1.0]], "antennas": [-0.0, -0.0], "body_yaw": 0.3140723397810006, "check_collision": false}, {"head": [[0.9537262506895163, -0.29806933883467335, -0.03950832813950178, -0.004955767728935197], [0.30015402665966995, 0.951556203764188, 0.06669596208072194, -0.01082337342120128], [0.01771437342115093, -0.07546827362904009, 0.9969908428113812, 0.0016395336876309785], [0.0, 0.0, 0.0, 1.0]], "antennas": [-0.0, -0.0], "body_yaw": 0.3140723397810006, "check_collision": false}, {"head": [[0.9538862714728032, -0.2975498950675961, -0.03956059960333695, -0.00497487539809028], [0.2996543961205981, 0.951655273201061, 0.06752395037475939, -0.010806566069247757], [0.0175563088749522, -0.07626467684240054, 0.9969330344034202, 0.0016396898374411162], [0.0, 0.0, 0.0, 1.0]], "antennas": [-0.0, -0.0], "body_yaw": 0.3140723397810006, "check_collision": false}, {"head": [[0.9540804442289057, -0.2969761671446893, -0.03918752464782094, -0.004985140530583569], [0.2990595006848212, 0.9518178979656865, 0.06786828539404381, -0.0110560202887155], [0.017144124069762432, -0.07647120543205492, 0.9969243871777081, 0.0017381596010114242], [0.0, 0.0, 0.0, 1.0]], "antennas": [-0.0, -0.0], "body_yaw": 0.3140723397810006, "check_collision": false}, {"head": [[0.9541948258334214, -0.29660590131967207, -0.03920680623401524, -0.005001891998270169], [0.29870089291547725, 0.9518916927922699, 0.06841039222635349, -0.011050709911652287], [0.01702970710914542, -0.07698795032608587, 0.9968865755843866, 0.0017445653988220067], [0.0, 0.0, 0.0, 1.0]], "antennas": [-0.0, -0.0], "body_yaw": 0.3140723397810006, "check_collision": false}, {"head": [[0.9543277156653104, -0.2961900710931232, -0.0391158906185356, -0.004973089771522637], [0.29828900719240686, 0.95197848718376, 0.06899730521903004, -0.01121086946768357], [0.016801169637820523, -0.0775138808547889, 0.9968496972832117, 0.0019194404942298182], [0.0, 0.0, 0.0, 1.0]], "antennas": [-0.0, -0.0], "body_yaw": 0.3140723397810006, "check_collision": false}, {"head": [[0.9543889053907942, -0.29599779625781764, -0.039078406792975584, -0.004965306187622899], [0.2981031653112818, 0.9519981970022604, 0.0695265110288177, -0.011210914266966368], [0.016622878762608748, -0.07800472751674221, 0.9968143971606162, 0.0019240392369007653], [0.0, 0.0, 0.0, 1.0]], "antennas": [-0.0, -0.0], "body_yaw": 0.3140723397810006, "check_collision": false}, {"head": [[0.9544413137260311, -0.2958309295299671, -0.03906199926223601, -0.004939014190041564], [0.2979417785397737, 0.9520207661191633, 0.06990820751841141, -0.01088276369087627], [0.01650682445183464, -0.07836148295761454, 0.99678834400047, 0.0019069922900417646], [0.0, 0.0, 0.0, 1.0]], "antennas": [-0.0, -0.0], "body_yaw": 0.3140723397810006, "check_collision": false}, {"head": [[0.9544779571747, -0.2957332691795988, -0.03890581920431664, -0.004929024657983741], [0.29783747648813114, 0.9520293321614745, 0.07023523548304808, -0.010858281524115946], [0.016268585273279866, -0.07862559509806086, 0.9967714627379148, 0.0019106659547634686], [0.0, 0.0, 0.0, 1.0]], "antennas": [-0.0, -0.0], "body_yaw": 0.3140723397810006, "check_collision": false}, {"head": [[0.9546437259704622, -0.29523511331917596, -0.03862103479512423, -0.004961182601475142], [0.29731784193351196, 0.9521934126076538, 0.0702125761853906, -0.011136209614492323], [0.016045477033483205, -0.07851071805813166, 0.9967841340113537, 0.00184634839603115], [0.0, 0.0, 0.0, 1.0]], "antennas": [-0.0, -0.0], "body_yaw": 0.3140723397810006, "check_collision": false}, {"head": [[0.9547940800974578, -0.29475804052117277, -0.03854817971017379, -0.004969318250450994], [0.2968465281509602, 0.9522928841777095, 0.0708547914344591, -0.011138365925179892], [0.015824137751244527, -0.07909462872166599, 0.9967415093051013, 0.0018315659912541693], [0.0, 0.0, 0.0, 1.0]], "antennas": [-0.0, -0.0], "body_yaw": 0.3140723397810006, "check_collision": false}, {"head": [[0.9549537809446904, -0.2942214045488896, -0.038691618791654114, -0.004968975312502372], [0.296336806931132, 0.9523850844873968, 0.07174362483032781, -0.011228450295937518], [0.015740810566836013, -0.07997759655811429, 0.9966723689013789, 0.0019309592694466415], [0.0, 0.0, 0.0, 1.0]], "antennas": [-0.0, -0.0], "body_yaw": 0.3140723397810006, "check_collision": false}, {"head": [[0.955175931808048, -0.29349605026315334, -0.038717021767638596, -0.004986605898916988], [0.2