{"description": "You growl loudly, could be in response to injustice or extreme anger. Can be adapted to a desperate 'why?'", "time": [0.0, 0.010022640228271484, 0.020030498504638672, 0.030190229415893555, 0.040236473083496094, 0.05050468444824219, 0.060698747634887695, 0.07059097290039062, 0.08052897453308105, 0.09058141708374023, 0.10057544708251953, 0.11066102981567383, 0.12069416046142578, 0.13083100318908691, 0.14082765579223633, 0.150848388671875, 0.1610279083251953, 0.17101764678955078, 0.1810894012451172, 0.1911633014678955, 0.2012014389038086, 0.21131348609924316, 0.2212998867034912, 0.23141193389892578, 0.2414705753326416, 0.2514810562133789, 0.26156020164489746, 0.27164626121520996, 0.28170347213745117, 0.29175639152526855, 0.30177950859069824, 0.311861515045166, 0.3218672275543213, 0.33199429512023926, 0.34198713302612305, 0.35208702087402344, 0.36247992515563965, 0.3725700378417969, 0.3825240135192871, 0.3924527168273926, 0.4024226665496826, 0.41249918937683105, 0.42261195182800293, 0.43261170387268066, 0.4426841735839844, 0.45269274711608887, 0.46279406547546387, 0.47284746170043945, 0.48288702964782715, 0.4930095672607422, 0.5032773017883301, 0.5130620002746582, 0.5231711864471436, 0.5332088470458984, 0.5432643890380859, 0.5533349514007568, 0.5634467601776123, 0.5735001564025879, 0.5835680961608887, 0.593712568283081, 0.6036336421966553, 0.613659143447876, 0.6237294673919678, 0.6337647438049316, 0.6437954902648926, 0.653876781463623, 0.6639852523803711, 0.6740093231201172, 0.6840331554412842, 0.6944091320037842, 0.7044258117675781, 0.7142946720123291, 0.7243907451629639, 0.7344009876251221, 0.744680643081665, 0.7545421123504639, 0.7647824287414551, 0.7746341228485107, 0.7846589088439941, 0.7948386669158936, 0.8047745227813721, 0.8148741722106934, 0.8249921798706055, 0.8350114822387695, 0.8450539112091064, 0.8550577163696289, 0.8651936054229736, 0.875216007232666, 0.8853535652160645, 0.8957855701446533, 0.9058139324188232, 0.9160361289978027, 0.9261305332183838, 0.9361910820007324, 0.9461421966552734, 0.9561352729797363, 0.9662408828735352, 0.976198673248291, 0.9862480163574219, 0.9967401027679443, 1.0066249370574951, 1.0164978504180908, 1.026587963104248, 1.036548376083374, 1.046661376953125, 1.0567197799682617, 1.0667781829833984, 1.0768325328826904, 1.0870933532714844, 1.0971744060516357, 1.1070611476898193, 1.1170628070831299, 1.1272289752960205, 1.137211799621582, 1.1472535133361816, 1.157303810119629, 1.1674277782440186, 1.177474021911621, 1.1874849796295166, 1.197556495666504, 1.207636833190918, 1.2176523208618164, 1.2277662754058838, 1.2377829551696777, 1.2478337287902832, 1.257967472076416, 1.2679693698883057, 1.2780511379241943, 1.2882075309753418, 1.2981939315795898, 1.3082835674285889, 1.3182752132415771, 1.3284580707550049, 1.3384108543395996, 1.348423957824707, 1.3585638999938965, 1.3685598373413086, 1.3785698413848877, 1.3886573314666748, 1.3987064361572266, 1.4088032245635986, 1.4188416004180908, 1.4289131164550781, 1.4389474391937256, 1.4490649700164795, 1.4591736793518066, 1.4691298007965088, 1.4791953563690186, 1.4892587661743164, 1.4994711875915527, 1.5093567371368408, 1.5194272994995117, 1.5295658111572266, 1.5395207405090332, 1.5495762825012207, 1.5597593784332275, 1.5697109699249268, 1.5798039436340332, 1.5898478031158447, 1.5999140739440918, 1.6100080013275146, 1.6201035976409912, 1.630131483078003, 1.6401817798614502, 1.6502211093902588, 1.6603572368621826, 1.6704082489013672, 1.680396556854248, 1.6905279159545898, 1.7006118297576904, 1.7106542587280273, 1.7206456661224365, 1.7307064533233643, 1.7407662868499756, 1.7508060932159424, 1.7610673904418945, 1.77132248878479, 1.7811155319213867, 1.7910962104797363, 1.8011517524719238, 1.811283826828003, 1.82126784324646, 1.8314096927642822, 1.841423511505127, 1.8515124320983887, 1.8615574836730957, 1.871537685394287, 1.881615400314331, 1.8917062282562256, 1.9016904830932617, 1.9120075702667236, 1.9218783378601074, 1.9319450855255127, 1.9419407844543457, 1.9519810676574707, 1.9620978832244873, 1.9723498821258545, 1.98215651512146, 1.9922752380371094, 2.0023374557495117, 2.012471914291382, 2.0225627422332764, 2.032552480697632, 2.0425450801849365, 2.052748203277588, 2.0642359256744385, 2.0727248191833496, 2.0828237533569336, 2.0929644107818604, 2.1029481887817383, 2.113035202026367, 2.1230669021606445, 2.1331653594970703, 2.1432111263275146, 2.1532301902770996, 2.1633477210998535, 2.173356294631958, 2.1834239959716797, 2.1935644149780273, 2.203536033630371, 2.2136080265045166, 2.2237462997436523, 2.233712673187256, 2.2437469959259033, 2.2538669109344482, 2.2640042304992676, 2.2740087509155273, 2.2839999198913574, 2.2941293716430664, 2.3041815757751465, 2.3142013549804688, 2.3242716789245605, 2.334351062774658, 2.344447135925293, 2.354461431503296, 2.36448335647583, 2.3745315074920654, 2.3848824501037598, 2.395045280456543, 2.4048280715942383, 2.4148240089416504, 2.424919843673706, 2.4349632263183594, 2.4450817108154297, 2.4552016258239746, 2.4652280807495117, 2.475205659866333, 2.485445737838745, 2.495541572570801, 2.505592107772827, 2.515592575073242, 2.5255661010742188, 2.535496234893799, 2.5455703735351562, 2.5555930137634277, 2.5657269954681396, 2.575713872909546, 2.585819959640503, 2.59592866897583, 2.6060030460357666, 2.61594820022583, 2.626073122024536, 2.6361663341522217, 2.6462008953094482, 2.656291961669922, 2.666318893432617, 2.6764180660247803, 2.686492919921875, 2.696502208709717, 2.7065091133117676, 2.716575860977173, 2.7267379760742188, 2.736851215362549, 2.746751070022583, 2.756885528564453, 2.766963481903076, 2.777007579803467, 2.7870538234710693, 2.797142267227173, 2.807209014892578, 2.81738018989563, 2.8273720741271973, 2.8373491764068604, 2.847435712814331, 2.857501268386841, 2.8675482273101807, 2.877565860748291, 2.8876590728759766, 2.8979873657226562, 2.908090591430664, 2.9179391860961914, 2.928039789199829, 2.9379830360412598, 2.9480667114257812, 2.958228826522827, 2.9682350158691406, 2.978248119354248, 2.988342046737671, 2.9983997344970703, 3.0083861351013184, 3.018446922302246, 3.0286033153533936, 3.038587808609009, 3.0485899448394775, 3.058668375015259, 3.068711280822754, 3.0788557529449463, 3.088815689086914, 3.0989246368408203, 3.1089673042297363, 3.1192209720611572, 3.129086494445801, 3.1390676498413086, 3.1490845680236816, 3.159227132797241, 3.1693263053894043, 3.179316759109497, 3.1894314289093018, 3.199535846710205, 3.2096424102783203, 3.219686269760132, 3.2296767234802246, 3.239720106124878, 3.249830484390259, 3.2598190307617188, 3.2699217796325684, 3.2800257205963135, 3.290022850036621, 3.300316095352173, 3.3103883266448975, 3.3202433586120605, 3.330432176589966, 3.340381145477295, 3.3504064083099365, 3.360523223876953, 3.370847463607788, 3.38063383102417, 3.390760898590088, 3.400750160217285, 3.4108495712280273, 3.420849561691284, 3.430976629257202, 3.4409730434417725, 3.451026201248169, 3.4611687660217285, 3.471173048019409, 3.4812004566192627, 3.491290807723999, 3.5014848709106445, 3.511446237564087, 3.521484613418579, 3.5316176414489746, 3.541632652282715, 3.551652193069458, 3.5617568492889404, 3.571805953979492, 3.5818917751312256, 3.5919406414031982, 3.6021008491516113, 3.6119837760925293, 3.6220386028289795, 3.6321401596069336, 3.642133951187134, 3.652238607406616, 3.6623871326446533, 3.6724016666412354, 3.6824166774749756, 3.6925315856933594, 3.7025413513183594, 3.7127342224121094, 3.7228171825408936, 3.7327475547790527, 3.7428138256073, 3.7531261444091797, 3.7630767822265625, 3.7733027935028076, 3.7830495834350586, 3.7931370735168457, 3.8032047748565674, 3.8138351440429688, 3.8236021995544434, 3.833812952041626, 3.8434433937072754, 3.85349702835083, 3.863551139831543, 3.873549699783325, 3.8836026191711426, 3.8937108516693115, 3.9036967754364014, 3.9137463569641113, 3.923851251602173, 3.933962345123291, 3.9439659118652344, 3.954012632369995, 3.964188814163208, 3.9742817878723145, 3.9841904640197754, 3.99434494972229, 4.004342079162598, 4.014406681060791, 4.02450156211853, 4.034478664398193, 4.0445592403411865, 4.054604768753052, 4.064759016036987, 4.074761629104614, 4.084775924682617, 4.0949177742004395, 4.104973316192627, 4.11501669883728, 4.125126123428345, 4.135154485702515, 4.145194053649902, 4.155229330062866, 4.165349006652832, 4.175368785858154, 4.185391902923584, 4.195518970489502, 4.205515384674072, 4.215670108795166, 4.225738763809204, 4.235691785812378, 4.245739698410034, 4.255793809890747, 4.265988826751709, 4.275972366333008, 4.28605580329895, 4.296120643615723, 4.306126594543457, 4.31617283821106, 4.326372146606445, 4.3363072872161865, 4.346423625946045, 4.356519460678101, 4.3665080070495605, 4.376617193222046, 4.38672137260437, 4.396728038787842, 4.40671443939209, 4.416771173477173, 4.426913499832153, 4.436973810195923, 4.446938991546631, 4.457079172134399, 4.467087268829346, 4.47718620300293, 4.487223386764526, 4.497298240661621, 4.5073559284210205, 4.517477989196777, 4.527511835098267, 4.537513256072998, 4.547584533691406, 4.557662725448608, 4.567722320556641, 4.577739000320435, 4.587812423706055, 4.597953796386719, 4.6079792976379395, 4.617981195449829, 4.628095626831055, 4.6381988525390625, 4.64816951751709, 4.6583380699157715, 4.668344974517822, 4.678413391113281, 4.688440322875977, 4.698527812957764, 4.708604574203491, 4.718663454055786, 4.728747606277466, 4.738689422607422, 4.748754978179932, 4.758986473083496, 4.769043684005737, 4.779320955276489, 4.789091348648071, 4.799113750457764, 4.809213161468506, 4.81917405128479, 4.82935357093811, 4.8392815589904785, 4.849372148513794, 4.859448194503784, 4.8695056438446045, 4.879587888717651, 4.889631748199463, 4.900041103363037, 4.910459518432617, 4.92051362991333, 4.93080472946167, 4.94068455696106, 4.950687885284424, 4.960785150527954, 4.97074556350708, 4.980823278427124, 4.991111993789673, 5.0010621547698975, 5.01113224029541, 5.021311044692993, 5.031237602233887, 5.0412917137146, 5.051371335983276, 5.061539649963379, 5.071413278579712, 5.081502914428711], "set_target_data": [{"head": [[0.9813818013090665, 0.1685435293840112, 0.09210232766957084, -0.008526296955115432], [-0.16296005072871542, 0.9844785847382218, -0.06516086293414548, 0.008884316097475642], [-0.10165521101186374, 0.04893868505189884, 0.9936152289390117, 0.018928788315176803], [0.0, 0.0, 0.0, 1.0]], "antennas": [0.12926371621133495, 0.04909746890346941], "body_yaw": -0.0, "check_collision": false}, {"head": [[0.9813941839914778, 0.1685670578930577, 0.09192715932182316, -0.008493042902440915], [-0.16301620394314953, 0.9844847476720664, -0.06492687311917257, 0.009025164427449871], [-0.1014454182290497, 0.048733239111987854, 0.993646767481275, 0.018882261348628526], [0.0, 0.0, 0.0, 1.0]], "antennas": [0.12926371621133495, 0.04909746890346941], "body_yaw": -0.0, "check_collision": false}, {"head": [[0.9814020454152617, 0.16851654052848206, 0.09193585167415794, -0.008487730907589973], [-0.16296951352127434, 0.9844953278856486, -0.06488364226804795, 0.008953027772337982], [-0.10144438337029554, 0.04869419821335284, 0.9936487871189593, 0.01892600539533168], [0.0, 0.0, 0.0, 1.0]], "antennas": [0.12926371621133495, 0.04909746890346941], "body_yaw": -0.0, "check_collision": false}, {"head": [[0.9814424596935994, 0.1683385356951835, 0.09183047266882181, -0.008462010344730429], [-0.16279343663583326, 0.9845227172556871, -0.06491006236149943, 0.009038310152627332], [-0.1013360513286004, 0.048756093029284464, 0.9936568059917102, 0.018898968778399083], [0.0, 0.0, 0.0, 1.0]], "antennas": [0.12926371621133495, 0.04909746890346941], "body_yaw": -0.0, "check_collision": false}, {"head": [[0.9814690282956663, 0.16825292586792956, 0.09170332291275698, -0.008459242471083307], [-0.16272475556024196, 0.9845411455153534, -0.06480267521618902, 0.00896731486150325], [-0.1011889342972831, 0.048679417870352376, 0.9936755576402105, 0.018950294051548577], [0.0, 0.0, 0.0, 1.0]], "antennas": [0.12926371621133495, 0.04909746890346941], "body_yaw": -0.0, "check_collision": false}, {"head": [[0.9815145346485995, 0.16797335485431583, 0.09172878682577786, -0.00845489787431877], [-0.16245928649925198, 0.9845954618029065, -0.06464330458195253, 0.00901341715413695], [-0.10117409996484707, 0.04854614975574496, 0.9936835878891206, 0.01892761173047247], [0.0, 0.0, 0.0, 1.0]], "antennas": [0.12926371621133495, 0.04909746890346941], "body_yaw": -0.0, "check_collision": false}, {"head": [[0.9815488219232337, 0.16783295892797548, 0.09161881945644738, -0.008452263557732941], [-0.16232773989437863, 0.9846196738955466, -0.06460497379158166, 0.008941528013186857], [-0.10105253604880761, 0.04854066002135213, 0.9936962258571763, 0.018985868650226834], [0.0, 0.0, 0.0, 1.0]], "antennas": [0.12926371621133495, 0.04909746890346941], "body_yaw": -0.0, "check_collision": false}, {"head": [[0.9815560593638216, 0.16786479486078318, 0.09148285616722282, -0.008452344546824865], [-0.1623776507097439, 0.9846187468083187, -0.06449358094880386, 0.009095426239408337], [-0.1009019369296249, 0.04844929390571852, 0.993715988119285, 0.018928627782862917], [0.0, 0.0, 0.0, 1.0]], "antennas": [0.12926371621133495, 0.04909746890346941], "body_yaw": -0.0, "check_collision": false}, {"head": [[0.9815855368524563, 0.16775845858191166, 0.09136155327213129, -0.008453877172657437], [-0.1622931060064586, 0.9846431296367498, -0.06433393351819443, 0.00903011899031847], [-0.10075108726386946, 0.04832190842017838, 0.9937374963146859, 0.018982161683262777], [0.0, 0.0, 0.0, 1.0]], "antennas": [0.12926371621133495, 0.04909746890346941], "body_yaw": -0.0, "check_collision": false}, {"head": [[0.9816159086027431, 0.1674779910088313, 0.09154960680230784, -0.008417492863124095], [-0.1619768233377453, 0.9846786038750189, -0.06458758218230909, 0.009011153106197019], [-0.10096393751941432, 0.04857128368068422, 0.9937037353870551, 0.018939276229163637], [0.0, 0.0, 0.0, 1.0]], "antennas": [0.12926371621133495, 0.04909746890346941], "body_yaw": -0.0, "check_collision": false}, {"head": [[0.9816651780409557, 0.16726817103652525, 0.09140479845125363, -0.008402593694750778], [-0.16174991536066202, 0.9847006597830714, -0.06481956111855534, 0.008984161073938447], [-0.10084861477797916, 0.048846387592934595, 0.9937019610106862, 0.01895337733827046], [0.0, 0.0, 0.0, 1.0]], "antennas": [0.12926371621133495, 0.04909746890346941], "body_yaw": -0.0, "check_collision": false}, {"head": [[0.981713545497461, 0.16706554743680196, 0.09125578034538853, -0.008388233229930013], [-0.16154546659890334, 0.9847286630325205, -0.06490394767290315, 0.00891144347844138], [-0.10070539612228693, 0.04897512697100463, 0.9937101489519098, 0.019001262003850328], [0.0, 0.0, 0.0, 1.0]], "antennas": [0.12926371621133495, 0.04909746890346941], "body_yaw": -0.0, "check_collision": false}, {"head": [[0.9817393789283462, 0.16700712414846872, 0.09108464384869139, -0.008394164601398066], [-0.16149716207149803, 0.9847377812093865, -0.06488581433307763, 0.009008387025081102], [-0.10053088333560634, 0.04899104757475883, 0.9937270343274808, 0.01894470614587951], [0.0, 0.0, 0.0, 1.0]], "antennas": [0.12926371621133495, 0.04909746890346941], "body_yaw": -0.0, "check_collision": false}, {"head": [[0.9817747155719871, 0.16680425609161934, 0.09107550720838747, -0.008382694826194711], [-0.16127886678902845, 0.9847636058952993, -0.06503666374695391, 0.00893687314468966], [-0.10053623720226643, 0.049162797457111926, 0.9937180104815453, 0.018982925640167514], [0.0, 0.0, 0.0, 1.0]], "antennas": [0.12926371621133495, 0.04909746890346941], "body_yaw": -0.0, "check_collision": false}, {"head": [[0.98179689073903, 0.16660716253883615, 0.09119714209299912, -0.008365638223102066], [-0.16106820778928685, 0.9847935637166528, -0.06510506356499096, 0.008928833194986482], [-0.1006573284700123, 0.049230988747050744, 0.9937023759518075, 0.0189916031575878], [0.0, 0.0, 0.0, 1.0]], "antennas": [0.12926371621133495, 0.04909746890346941], "body_yaw": -0.0, "check_collision": false}, {"head": [[0.9818068758204077, 0.1665518780115779, 0.09119062738345349, -0.008362300452201628], [-0.16100793175062295, 0.9848000599338198, -0.0651558736241979, 0.009029494036134827], [-0.10065636842822279, 0.04928807041427147, 0.9936996435591997, 0.018974603607074425], [0.0, 0.0, 0.0, 1.0]], "antennas": [0.12926371621133495, 0.04909746890346941], "body_yaw": -0.0, "check_collision": false}, {"head": [[0.9818247452957757, 0.1663761540122182, 0.09131891863676415, -0.008360002152283044], [-0.16080002198462326, 0.9848175180415849, -0.06540496225942835, 0.008916289946185466], [-0.10081429687613748, 0.04953212628703936, 0.9936714980368788, 0.01901953441069809], [0.0, 0.0, 0.0, 1.0]], "antennas": [0.12926371621133495, 0.04909746890346941], "body_yaw": -0.0, "check_collision": false}, {"head": [[0.9818641329157084, 0.1660640492604519, 0.09146341365215978, -0.008348339595491746], [-0.16045912860762626, 0.9848596261739871, -0.06560781034995225, 0.00888351347901239], [-0.1009737220278877, 0.04974181616764968, 0.9936448355343968, 0.019038160742517518], [0.0, 0.0, 0.0, 1.0]], "antennas": [0.12926371621133495, 0.04909746890346941], "body_yaw": -0.0, "check_collision": false}, {"head": [[0.9818938964824813, 0.16588417970407932, 0.0914702955847147, -0.008351178403754314], [-0.16024730765816947, 0.9848737123580303, -0.06591336051529888, 0.00880917708840423], [-0.10102067332362391, 0.05006205778847386, 0.9936239801510555, 0.01907703653698345], [0.0, 0.0, 0.0, 1.0]], "antennas": [0.12926371621133495, 0.04909746890346941], "body_yaw": -0.0, "check_collision": false}, {"head": [[0.9819157536760852, 0.16571390197089886, 0.0915442809590264, -0.008343159041376249], [-0.1600735063727023, 0.9849024576817479, -0.06590615608576722, 0.00883603824665384], [-0.10108375359212911, 0.05006047888337066, 0.993617644375186, 0.019084666914675308], [0.0, 0.0, 0.0, 1.0]], "antennas": [0.12926371621133495, 0.04909746890346941], "body_yaw": -0.0, "check_collision": false}, {"head": [[0.9819568271240259, 0.165440609087333, 0.09159800505102804, -0.008339585185776441], [-0.15979739288869654, 0.984947771695265, -0.0658990156110662, 0.008749587468040148], [-0.10112162424769215, 0.050072865879079276, 0.9936131667868358, 0.019140410357764814], [0.0, 0.0, 0.0, 1.0]], "antennas": [0.12926371621133495, 0.04909746890346941], "body_yaw": -0.0, "check_collision": false}, {"head": [[0.982018546322688, 0.1651221963870946, 0.09151084601606564, -0.008353726939912839], [-0.15945884369612004, 0.9849870993592417, -0.06613086467726927, 0.008967171757827389], [-0.10105667640176318, 0.05034952190605885, 0.9936057939638135, 0.019082110392184215], [0.0, 0.0, 0.0, 1.0]], "antennas": [0.12926371621133495, 0.04909746890346941], "body_yaw": -0.0, "check_collision": false}, {"head": [[0.9820328472344473, 0.16500434460974742, 0.09156993618274514, -0.008353401821333909], [-0.159315768328694, 0.984995805391466, -0.06634568051542439, 0.00898048497522581], [-0.1011433285711035, 0.0505651027995057, 0.9935860292216436, 0.019065955916311605], [0.0, 0.0, 0.0, 1.0]], "antennas": [0.12926371621133495, 0.04909746890346941], "body_yaw": -0.0, "check_collision": false}, {"head": [[0.9820600671124886, 0.16481850207190255, 0.09161269539637089, -0.008333434884682247], [-0.15910277565747413, 0.9850140624511632, -0.06658531032850251, 0.009052036814260337], [-0.10121428437281686, 0.05081494020688975, 0.9935660574368814, 0.019060250867062256], [0.0, 0.0, 0.0, 1.0]], "antennas": [0.12926371621133495, 0.04909746890346941], "body_yaw": -0.0, "check_collision": false}, {"head": [[0.9821232772042737, 0.16450345331329233, 0.09150126896135521, -0.008352263373264389], [-0.15877269406525266, 0.9850541457530744, -0.0667799487416854, 0.009207026359022173], [-0.101119236512142, 0.051058239126333844, 0.9935632623162549, 0.019005518188927928], [0.0, 0.0, 0.0, 1.0]], "antennas": [0.12926371621133495, 0.04909746890346941], "body_yaw": -0.0, "check_collision": false}, {"head": [[0.982162866313129, 0.1641918712796337, 0.091635874204763, -0.008354210709711547], [-0.15843326574250938, 0.9850954879338384, -0.06697596552910998, 0.009143708671098538], [-0.10126699532296964, 0.0512631354687296, 0.993537662396435, 0.019052552199499417], [0.0, 0.0, 0.0, 1.0]], "antennas": [0.12926371621133495, 0.04909746890346941], "body_yaw": -0.0, "check_collision": false}, {"head": [[0.9821988383434299, 0.16378181532807823, 0.09198347093177273, -0.008382242008800797], [-0.15801665105275492, 0.9851708115791832, -0.06685215032058164, 0.009111870033334694], [-0.10156859724781517, 0.05112718435678848, 0.9935138806644114, 0.019040372903843195], [0.0, 0.0, 0.0, 1.0]], "antennas": [0.12926371621133495, 0.04909746890346941], "body_yaw": -0.0, "check_collision": false}, {"head": [[0.9822199388338229, 0.1634883844953672, 0.09227968298805525, -0.008385376693386862], [-0.1577111601121027, 0.9852224882404473, -0.06681196480718216, 0.009234965887138565], [-0.10183899907881902, 0.05107050812745472, 0.9934891149208569, 0.019016053730536886], [0.0, 0.0, 0.0, 1.0]], "antennas": [0.12926371621133495, 0.04909746890346941], "body_yaw": -0.0, "check_collision": false}, {"head": [[0.9822818597702522, 0.16291661778822839, 0.09263111580208228, -0.008385819153453421], [-0.1570796321482744, 0.985297006183275, -0.06719969323172434, 0.009258946557800808], [-0.10221710781692697, 0.051458578047973325, 0.9934302580527851, 0.01898904771410742], [0.0, 0.0, 0.0, 1.0]], "antennas": [0.12926371621133495, 0.04909746890346941], "body_yaw": -0.0, "check_collision": false}, {"head": [[0.982333285398081, 0.16226836921970247, 0.09322173968442567, -0.008373622147286392], [-0.156322213752519, 0.9853667946775424, -0.06793854159766619, 0.00922120433769325], [-0.10288188317932499, 0.05216566205545913, 0.9933247514362015, 0.01902248285465291], [0.0, 0.0, 0.0, 1.0]], "antennas": [0.12926371621133495, 0.04909746890346941], "body_yaw": -0.0, "check_collision": false}, {"head": [[0.9823322287859717, 0.161861191833309, 0.09393799479809456, -0.008378656876959677], [-0.15579159588808844, 0.9853946855209683, -0.06874803559139105, 0.009146025622570756], [-0.10369363981956001, 0.05289866090302635, 0.9932015710497234, 0.019023876740600187], [0.0, 0.0, 0.0, 1.0]], "antennas": [0.12926371621133495, 0.04909746890346941], "body_yaw": -0.0, "check_collision": false}, {"head": [[0.9823454098938124, 0.16137187290776978, 0.09463939082008176, -0.00833197074304785], [-0.15519654460742277, 0.9854440927725736, -0.06938279730275754, 0.009219546385431208], [-0.10445826057557063, 0.05347016601692852, 0.993090838314224, 0.01899538862747502], [0.0, 0.0, 0.0, 1.0]], "antennas": [0.12926371621133495, 0.04909746890346941], "body_yaw": -0.0, "check_collision": false}, {"head": [[0.9823539863002019, 0.16079454950304015, 0.0955288357001033, -0.008246903169865802], [-0.15451112312150614, 0.9855129938228051, -0.06993176558719713, 0.009343266851207553], [-0.10538955561076123, 0.053937480999081584, 0.99296716446801, 0.018957667433184056], [0.0, 0.0, 0.0, 1.0]], "antennas": [0.12926371621133495, 0.04909746890346941], "body_yaw": -0.0, "check_collision": false}, {"head": [[0.9823711652311211, 0.16008568404674786, 0.09653738905592198, -0.008207184852553378], [-0.15367880584324287, 0.9855990937728807, -0.07054963492939913, 0.009297716704968845], [-0.10644114973563788, 0.05447017640288539, 0.9928259069573045, 0.018986010464489667], [0.0, 0.0, 0.0, 1.0]], "antennas": [0.12926371621133495, 0.04909746890346941], "body_yaw": -0.0, "check_collision": false}, {"head": [[0.9824166686704872, 0.1594432588160834, 0.09713565944847449, -0.008164643637623875], [-0.15293179594052342, 0.9856689187091074, -0.0711944413646554, 0.009311481300996042], [-0.10709507415744515, 0.05508747506399881, 0.9927215194515957, 0.019012451968922706], [0.0, 0.0, 0.0, 1.0]], "antennas": [0.12926371621133495, 0.04909746890346941], "body_yaw": -0.0, "check_collision": false}, {"head": [[0.9824498043558383, 0.1588218372447209, 0.09781618442459389, -0.008122675391145537], [-0.15218382240786774, 0.9857267653222719, -0.07199186290561552, 0.009259036864811443], [-0.10785391100236166, 0.055842350787746665, 0.9925971820129214, 0.01904576648302725], [0.0, 0.0, 0.0, 1.0]], "antennas": [0.12926371621133495, 0.04909746890346941], "body_yaw": -0.0, "check_collision": false}, {"head": [[0.9824196817661985, 0.15828388543373964, 0.0989837385149709, -0.008095292189201015], [-0.15150615700103628, 0.9857830384801343, -0.07264768018080002, 0.00916644948868015], [-0.1090754476001758, 0.056373865016275414, 0.9924336421514278, 0.01905312060778752], [0.0, 0.0, 0.0, 1.0]], "antennas": [0.12926371621133495, 0.04909746890346941], "body_yaw": -0.0, "check_collision": false}, {"head": [[0.9824030644587847, 0.15767018193142462, 0.10012158943854349, -0.00804861550297334], [-0.15074007869771677, 0.9858434966689847, -0.07341681516979177, 0.009098593029285264], [-0.11027986042879706, 0.0570325679343011, 0.9922628878370007, 0.019076176400519895], [0.0, 0.0, 0.0, 1.0]], "antennas": [0.12926371621133495, 0.04909746890346941], "body_yaw": -0.0, "check_collision": false}, {"head": [[0.9823501807449002, 0.15713267275181425, 0.10147632997075104, -0.007989896053988981], [-0.15000565933808518, 0.9858776009292619, -0.07445574626923628, 0.00911731854534294], [-0.11174267115568623, 0.0579195920206091, 0.9920478296449007, 0.01902442229202922], [0.0, 0.0, 0.0, 1.0]], "antennas": [0.12926371621133495, 0.04909746890346941], "body_yaw": -0.0, "check_collision": false}, {"head": [[0.9822689229169911, 0.1567603952232898, 0.10282967257038542, -0.007965517832885202], [-0.14938932263661267, 0.9858619212744363, -0.07588875057116014, 0.009062615886961755], [-0.11327220909679805, 0.0591815061528151, 0.9917998568137707, 0.01901982466126173], [0.0, 0.0, 0.0, 1.0]], "antennas": [0.12926371621133495, 0.04909746890346941], "body_yaw": -0.0, "check_collision": false}, {"head": [[0.9821965668026116, 0.15646188453050291, 0.1039691437414345, -0.008032150154004826], [-0.148771759350868, 0.9857864870787972, -0.07805104427547559, 0.009188796367035436], [-0.11470339045037382, 0.06119379529011424, 0.9915132130421567, 0.01892532056219437], [0.0, 0.0, 0.0, 1.0]], "antennas": [0.12926371621133495, 0.04909746890346941], "body_yaw": -0.0, "check_collision": false}, {"head": [[0.982155414032905, 0.1560534007894962, 0.10496703667288153, -0.00807392226255886], [-0.1480870755342671, 0.9857435756158115, -0.07987378288188984, 0.009150039132074123], [-0.11593515750436299, 0.06290420680835168, 0.9912628813893167, 0.018936233195626095], [0.0, 0.0, 0.0, 1.0]], "antennas": [0.12926371621133495, 0.04909746890346941], "body_yaw": -0.0, "check_collision": false}, {"head": [[0.9821335598745895, 0.15563481824080497, 0.10578976282806642, -0.008117118827234811], [-0.14740943138999082, 0.9857026206559064, -0.08161374375286673, 0.009110553832346865], [-0.11697918663312086, 0.06456118790132825, 0.9910336638638586, 0.018955176084574255], [0.0, 0.0, 0.0, 1.0]], "antennas": [0.12926371621133495, 0.04909746890346941], "body_yaw": -0.0, "check_collision": false}, {"head": [[0.9821831079758053, 0.1549817241194782, 0.10628738211068152, -0.008116987024207897], [-0.1465572433892235, 0.9857141216659284, -0.08299785996349289, 0.009063413160668941], [-0.11763212493677046, 0.06594191032508555, 0.9908654538561423, 0.018908445954114672], [0.0, 0.0, 0.0, 1.0]], "antennas": [0.12926371621133495, 0.04909746890346941], "body_yaw": -0.0, "check_collision": false}, {"head": [[0.9821564694796626, 0.15456570145406806, 0.10713595751780387, -0.008123914448586435], [-0.1459561871784607, 0.9857134369228844, -0.0840583826515908, 0.009077790893463273], [-0.11859789578053616, 0.06692132846624474, 0.9906846495796442, 0.01891085495538425], [0.0, 0.0, 0.0, 1.0]], "antennas": [0.12926371621133495, 0.04909746890346941], "body_yaw": -0.0, "check_collision": false}, {"head": [[0.9820948296737364, 0.1542455978920751, 0.1081574826770255, -0.008138625193467936], [-0.14540830519382242, 0.9856824622456613, -0.08536104733419611, 0.009035930330758314], [-0.11977549961813976, 0.06810564699235258, 0.9904622408446363, 0.018915968618056278], [0.0, 0.0, 0.0, 1.0]], "antennas": [0.12926371621133495, 0.04909746890346941], "body_yaw": -0.0, "check_collision": false}, {"head": [[0.9819996806707111, 0.1538957603984011, 0.10951128751877362, -0.008149930312482189], [-0.1447857352291654, 0.9856470170138916, -0.0868161777882872, 0.008991541989740313], [-0.12130011556784107, 0.06939778658585154, 0.9901869667796144, 0.01890760657278251], [0.0, 0.0, 0.0, 1.0]], "antennas": [0.12926371621133495, 0.04909746890346941], "body_yaw": -0.0, "check_collision": false}, {"head": [[0.9817042544156577, 0.15353008221232362, 0.11262890711569021, -0.008091495940422052], [-0.14395268360685676, 0.9855939698206075, -0.0887814819409971, 0.008843073359636917], [-0.1246369999020428, 0.07094392510379273, 0.9896628606481531, 0.018756313253574075], [0.0, 0.0, 0.0, 1.0]], "antennas": [0.12926371621133495, 0.04909746890346941], "body_yaw": -0.0, "check_collision": false}, {"head": [[0.9814434185223069, 0.1532713283473173, 0.11522463341619654, -0.008016520894686213], [-0.1433603302992347, 0.9855773354816648, -0.08991735917694851, 0.008838668930639624], [-0.12734454026672032, 0.07173015886996831, 0.9892614176105055, 0.018707485160646353], [0.0, 0.0, 0.0, 1.0]], "antennas": [0.12926371621133495, 0.04909746890346941], "body_yaw": -0.0, "check_collision": false}, {"head": [[0.9812742001514039, 0.15286816242996046, 0.11718476450678082, -0.008005191231203593], [-0.14264266826056413, 0.9855618642569066, -0.09121886270918614, 0.008675632278171492], [-0.12943729489111364, 0.07279516905494429, 0.9889119526295215, 0.018746739081363983], [0.0, 0.0, 0.0, 1.0]], "antennas": [0.12926371621133495, 0.04909746890346941], "body_yaw": -0.0, "check_collision": false}, {"head": [[0.9811094878602424, 0.15259067154707973, 0.11891282431859042, -0.008025949492473573], [-0.14205766391723423, 0.9855208471882192, -0.09256500353693452, 0.008754298165354604], [-0.13131562341545977, 0.07392392518140393, 0.9885805279959661, 0.01872501721364056], [0.0, 0.0, 0.0, 1.0]], "antennas": [0.12926371621133495, 0.04909746890346941], "body_yaw": -0.0, "check_collision": false}, {"head": [[0.9809616917783531, 0.15242833850670537, 0.12033187808488616, -0.008008164094466327], [-0.14167989616089657, 0.9854992326438057, -0.09337060288070977, 0.008706353588903188], [-0.1328192993777193, 0.07454437657231351, 0.9883330256721448, 0.018723375116361962], [0.0, 0.0, 0.0, 1.0]], "antennas": [0.12926371621133495, 0.04909746890346941], "body_yaw": -0.0, "check_collision": false}, {"head": [[0.9808714123366948, 0.15213880345659478, 0.12142922606775353, -0.008005671132102989], [-0.14121649875099104, 0.9855030223433945, -0.09403027933887387, 0.008658568896835316], [-0.133974523477896, 0.07508380274620441, 0.9881362505363519, 0.01873589352863997], [0.0, 0.0, 0.0, 1.0]], "antennas": [0.12926371621133495, 0.04909746890346941], "body_yaw": -0.0, "check_collision": false}, {"head": [[0.9807662600649317, 0.15223610226365902, 0.1221544607692079, -0.008014671298733466], [-0.14116458960640965, 0.9854442118059875, -0.09472203576428476, 0.008653042664032598], [-0.1347965198345311, 0.07565629243919675, 0.9879807810149214, 0.018763546836805478], [0.0, 0.0, 0.0, 1.0]], "antennas": [0.12926371621133495, 0.04909746890346941], "body_yaw": -0.0, "check_collision": false}, {"head": [[0.9806973083845764, 0.15204080644161558, 0.12294869866668104, -0.008007794668476531], [-0.14084294393650285, 0.9854450783440791, -0.09519066503986001, 0.008672829124328603], [-0.1356320554682641, 0.07603677231455117, 0.9878372106705835, 0.01880155468750172], [0.0, 0.0, 0.0, 1.0]], "antennas": [0.12926371621133495, 0.04909746890346941], "body_yaw": -0.0, "check_collision": false}, {"head": [[0.9806777194607411, 0.15188767064814618, 0.12329373892603193, -0.008030547738596074], [-0.14061699722861637, 0.9854454468357636, -0.09552031930992305, 0.00863471654879148], [-0.13600761244756684, 0.07633745355814953, 0.9877623816184589, 0.01884279771633396], [0.0, 0.0, 0.0, 1.0]], "antennas": [0.12371901482178999, 0.04909746890346941], "body_yaw": -0.0, "check_collision": false}, {"head": [[0.9806328771782926, 0.1518423245881222, 0.12370557247229859, -0.007977900967658052], [-0.14049127472264727, 0.9854295073153369, -0.0958691182762112, 0.008664834377065563], [-0.13646011110881243, 0.07663285572081896, 0.9876770947532613, 0.01874452693280748], [0.0, 0.0, 0.0, 1.0]], "antennas": [0.11529969735161348, 0.059979145117533175], "body_yaw": -0.0, "check_collision": false}, {"head": [[0.9806048461380191, 0.15188395762867002, 0.1238765480051976, -0.007987479683415054], [-0.14049982044571824, 0.985414240475767, -0.09601341115848303, 0.008621295913961893], [-0.1366526113374808, 0.07674658352408498, 0.9876416484393659, 0.01878334944306781], [0.0, 0.0, 0.0, 1.0]], "antennas": [0.10113114772017393, 0.07537807517258935], "body_yaw": -0.0, "check_collision": false}, {"head": [[0.9805961713339238, 0.15180075424990533, 0.12404708692431884, -0.007943033412005874], [-0.14038119778302985, 0.9854158769248256, -0.09616999955016496, 0.008601755051738571], [-0.13683664740942583, 0.07689005471214545, 0.9876050077901143, 0.018815945884892715], [0.0, 0.0, 0.0, 1.0]], "antennas": [0.07998138760720064, 0.10022217234972054], "body_yaw": -0.0, "check_collision": false}, {"head": [[0.9805977362600957, 0.1515630173502419, 0.12432510371307333, -0.007933445721254161], [-0.140074127572466, 0.9854268962148477, -0.0965042537983929, 0.008568942878073655], [-0.13713977696638083, 0.07721712237620872, 0.9875374411056774, 0.01884270596126192], [0.0, 0.0, 0.0, 1.0]], "antennas": [0.04815448205188168, 0.13163682056829523], "body_yaw": -0.0, "check_collision": false}, {"head": [[0.980545185250589, 0.15139701079210136, 0.12494032497598523, -0.00791692823768221], [-0.13987082848053592, 0.9854640947940676, -0.09641923673146267, 0.008571577608087091], [-0.13772178847973532, 0.07706791157755401, 0.9874680987166207, 0.018875577770076757], [0.0, 0.0, 0.0, 1.0]], "antennas": [0.008935706574938787, 0.1733179547891254], "body_yaw": -0.0, "check_collision": false}, {"head": [[0.9805295484903874, 0.15125772702588977, 0.12523140401751737, -0.007886976776167617], [-0.13970155791498098, 0.9854835844082173, -0.09646543203686878, 0.008528209887553038], [-0.1380046348981238, 0.07709218427891351, 0.9874267141766734, 0.018908492587073444], [0.0, 0.0, 0.0, 1.0]], "antennas": [-0.037264279383537824, 0.22362293725185015], "body_yaw": -0.0, "check_collision": false}, {"head": [[0.9805456804277808, 0.15113673662301785, 0.12525116940517741, -0.007896026781738126], [-0.13954975894222066, 0.98548501100799, -0.09667035666505663, 0.008646544226081323], [-0.13804359229456478, 0.07731093015561047, 0.987404165833265, 0.018936833247548024], [0.0, 0.0, 0.0, 1.0]], "antennas": [-0.08346426534201443, 0.275981216915026], "body_yaw": -0.0, "check_collision": false}, {"head": [[0.9805441476350932, 0.15099925864060199, 0.1254288580373645, -0.00785943723776162], [-0.13936916226229384, 0.9854906168852227, -0.09687352910620131, 0.00859779658204335], [-0.1382367937593865, 0.07750785715765987, 0.9873616971150708, 0.018971005029092547], [0.0, 0.0, 0.0, 1.0]], "antennas": [-0.12966425130049103, 0.32833949657820183], "body_yaw": -0.0, "check_collision": false}, {"head": [[0.9805499153897834, 0.15076491421833338, 0.1256654450110594, -0.007827656985236298], [-0.1391051694912751, 0.9855210457986671, -0.09694338610088717, 0.00881902003346352], [-0.13846160207758915, 0.07757711601136406, 0.9873247570184125, 0.01889260262634218], [0.0, 0.0, 0.0, 1.0]], "antennas": [-0.17586423725896766, 0.3806977762413777], "body_yaw": -0.0, "check_collision": false}, {"head": [[0.9805371050518628, 0.15068297600272895, 0.12586352275172139, -0.007783636275368223], [-0.138975096749969, 0.9855169049249162, -0.0971717684852456, 0.008771521388394215], [-0.13868276064402826, 0.07778862931158016, 0.9872770741033018, 0.018915129784714046], [0.0, 0.0, 0.0, 1.0]], "antennas": [-0.22206422321744426, 0.4330560559045535], "body_yaw": -0.0, "check_collision": false}, {"head": [[0.9805260815406671, 0.15043504173217545, 0.126245402441213, -0.007686153484294696], [-0.13870618610427013, 0.9855621566928983, -0.09709700938366084, 0.008931143380963708], [-0.13902948376122518, 0.07769513185445898, 0.9872356705119633, 0.01891711595214196], [0.0, 0.0, 0.0, 1.0]], "antennas": [-0.26826420917592086, 0.48541433556772934], "body_yaw": -0.0, "check_collision": false}, {"head": [[0.9804821971686529, 0.1504624454620652, 0.12655320438813825, -0.007635624674293585], [-0.13868565331649005, 0.9855484653253398, -0.09726516364580877, 0.008891868419559523], [-0.13935907074715007, 0.07781564752954691, 0.9871797072468863, 0.018939486228440328], [0.0, 0.0, 0.0, 1.0]], "antennas": [-0.3144641951343975, 0.5377726152309051], "body_yaw": -0.0, "check_collision": false}, {"head": [[0.980426175083956, 0.15053658450884558, 0.12689858917519642, -0.007575389234315362], [-0.1387315746905736, 0.9855411334945455, -0.09727396555173555, 0.009005729345629418], [-0.13970706995037113, 0.0777651008788494, 0.9871345013174165, 0.0188019993208558], [0.0, 0.0, 0.0, 1.0]], "antennas": [-0.36066418109287407, 0.590130894894081], "body_yaw": -0.0, "check_collision": false}, {"head": [[0.9803616335311308, 0.15064401123652058, 0.12726920043256454, -0.007529546131328845], [-0.13873374463449864, 0.9854875013087282, -0.09781274387302266, 0.008972704570364805], [-0.14015711041493026, 0.07823532861087035, 0.987033544393141, 0.01880187733421651], [0.0, 0.0, 0.0, 1.0]], "antennas": [-0.4068641670513507, 0.6424891745572568], "body_yaw": -0.0, "check_collision": false}, {"head": [[0.9803281649588143, 0.1505657336099329, 0.12761915550177702, -0.007473131172209395], [-0.1385543988575069, 0.9854618686598051, -0.09832387286290127, 0.008943804138947022], [-0.14056801750653994, 0.07870746648208034, 0.9869375700490145, 0.018688875061586008], [0.0, 0.0, 0.0, 1.0]], "antennas": [-0.4530641530098273, 0.6948474542204327], "body_yaw": -0.0, "check_collision": false}, {"head": [[0.9802822389260467, 0.1505907854349182, 0.1279419688305269, -0.0074318005157294025], [-0.13849351804508683, 0.985428277083611, -0.09874541094917272, 0.008902933129338882], [-0.1409477829042809, 0.07907923915997309, 0.9868536854206136, 0.018674857359568697], [0.0, 0.0, 0.0, 1.0]], "antennas": [-0.4992641389683039, 0.7472057338836086], "body_yaw": -0.0, "check_collision": false}, {"head": [[0.9802253643897825, 0.1506662699671273, 0.1282883864623403, -0.007403252999288717], [-0.13842336636366998, 0.9853551458221517, -0.09957011723582167, 0.008864040019630844], [-0.14141147991399872, 0.07984304413033604, 0.9867258391531731, 0.018661792324273174], [0.0, 0.0, 0.0, 1.0]], "antennas": [-0.5454641249267805, 0.7995640135467844], "body_yaw": -0.0, "check_collision": false}, {"head": [[0.9801543014011928, 0.15077451932041755, 0.12870349555640273, -0.0074125991590950745], [-0.13836823050289795, 0.9852709854247712, -0.1004754600268007, 0.008940138767041986], [-0.14195695908350828, 0.08067297939085526, 0.9865799978531725, 0.018693316454627684], [0.0, 0.0, 0.0, 1.0]], "antennas": [-0.5916641108852572, 0.8519222932099602], "body_yaw": -0.0, "check_collision": false}, {"head": [[0.9800435649739406, 0.150886711722029, 0.1294133338527483, -0.007420577001128156], [-0.13829185083068063, 0.985189066426343, -0.10137981745799211, 0.009082863316414596], [-0.14279346885272573, 0.08145982825727259, 0.9863946074636162, 0.018664781582570844], [0.0, 0.0, 0.0, 1.0]], "antennas": [-0.6378640968437337, 0.904280572873136], "body_yaw": -0.0, "check_collision": false}, {"head": [[0.9798829063491155, 0.15115386648901197, 0.13031499718080103, -0.0074148067958350605], [-0.1383160975092892, 0.9850653047234941, -0.10254268672026387, 0.009057722500787242], [-0.1438685059858864, 0.08245516403131659, 0.9861556666723349, 0.018638501221013792], [0.0, 0.0, 0.0, 1.0]], "antennas": [-0.6840640828022103, 0.9566388525363119], "body_yaw": -0.0, "check_collision": false}, {"head": [[0.97967383138