{"description": "When a stressful or difficult situation is finally resolved.", "time": [0.0, 0.010077238082885742, 0.02014899253845215, 0.030219316482543945, 0.040293216705322266, 0.050379276275634766, 0.06041431427001953, 0.07042765617370605, 0.08050203323364258, 0.09059691429138184, 0.10062599182128906, 0.11070752143859863, 0.12081623077392578, 0.13083481788635254, 0.14087724685668945, 0.15091443061828613, 0.16101646423339844, 0.1710033416748047, 0.1810610294342041, 0.1911940574645996, 0.20120573043823242, 0.21127653121948242, 0.2213120460510254, 0.2313694953918457, 0.2414875030517578, 0.25154590606689453, 0.2616443634033203, 0.27163195610046387, 0.2816922664642334, 0.29180026054382324, 0.3018217086791992, 0.311887264251709, 0.3220057487487793, 0.33200502395629883, 0.34204745292663574, 0.3521285057067871, 0.3622593879699707, 0.3724391460418701, 0.3825399875640869, 0.3927879333496094, 0.4024217128753662, 0.41260313987731934, 0.4227137565612793, 0.4326493740081787, 0.44270873069763184, 0.4528205394744873, 0.46289730072021484, 0.4728522300720215, 0.4828989505767822, 0.4930868148803711, 0.5031006336212158, 0.5131008625030518, 0.5231544971466064, 0.5332169532775879, 0.5432660579681396, 0.553347110748291, 0.5633819103240967, 0.573418378829956, 0.5835254192352295, 0.5936393737792969, 0.6035938262939453, 0.613701581954956, 0.6237716674804688, 0.6338074207305908, 0.6438524723052979, 0.6539204120635986, 0.6641957759857178, 0.6740405559539795, 0.6841120719909668, 0.6942827701568604, 0.7042272090911865, 0.7143170833587646, 0.7244210243225098, 0.734377384185791, 0.7450730800628662, 0.754558801651001, 0.7646851539611816, 0.7748205661773682, 0.7849318981170654, 0.7949142456054688, 0.8048861026763916, 0.8148682117462158, 0.8249506950378418, 0.8349988460540771, 0.8452696800231934, 0.855161190032959, 0.8651888370513916, 0.8752017021179199, 0.8852217197418213, 0.8953840732574463, 0.9053859710693359, 0.9154486656188965, 0.9255826473236084, 0.9355769157409668, 0.9456038475036621, 0.9557371139526367, 0.9657700061798096, 0.9758541584014893, 0.9859552383422852, 0.9959390163421631, 1.0059726238250732, 1.0160133838653564, 1.0263254642486572, 1.0363359451293945, 1.046259880065918, 1.0563139915466309, 1.0664417743682861, 1.0766487121582031, 1.0866680145263672, 1.0965576171875, 1.106611967086792, 1.1170518398284912, 1.1267642974853516, 1.136768102645874, 1.1469438076019287, 1.1569671630859375, 1.1669597625732422, 1.1769952774047852, 1.1870520114898682, 1.1972768306732178, 1.2071282863616943, 1.2172033786773682, 1.2272922992706299, 1.237334966659546, 1.247410535812378, 1.257509469985962, 1.2674708366394043, 1.2776503562927246, 1.2877020835876465, 1.2977335453033447, 1.3077540397644043, 1.3179247379302979, 1.3280003070831299, 1.3379039764404297, 1.3480300903320312, 1.3581202030181885, 1.3681166172027588, 1.3782281875610352, 1.3893885612487793, 1.3986926078796387, 1.4087145328521729, 1.4184386730194092, 1.4285392761230469, 1.4385511875152588, 1.4487242698669434, 1.4588055610656738, 1.4688036441802979, 1.478788137435913, 1.4888906478881836, 1.4989244937896729, 1.508969783782959, 1.5191445350646973, 1.5292418003082275, 1.5391972064971924, 1.5492610931396484, 1.5593781471252441, 1.5694053173065186, 1.5794715881347656, 1.5895111560821533, 1.5996160507202148, 1.6096816062927246, 1.6197431087493896, 1.6298608779907227, 1.6398248672485352, 1.649892807006836, 1.6600420475006104, 1.6699750423431396, 1.680044174194336, 1.6902549266815186, 1.700270175933838, 1.7102456092834473, 1.720365285873413, 1.7304062843322754, 1.740490436553955, 1.750558853149414, 1.7606487274169922, 1.7705910205841064, 1.7807261943817139, 1.7907869815826416, 1.800827980041504, 1.8109650611877441, 1.8212010860443115, 1.8312699794769287, 1.8414185047149658, 1.8512163162231445, 1.8613004684448242, 1.8712668418884277, 1.881424903869629, 1.8914904594421387, 1.901449203491211, 1.9115006923675537, 1.9216334819793701, 1.9316728115081787, 1.94173264503479, 1.951786756515503, 1.9618842601776123, 1.9720752239227295, 1.9819622039794922, 1.992109775543213, 2.0020804405212402, 2.0124871730804443, 2.0224578380584717, 2.0323104858398438, 2.0423872470855713, 2.052452325820923, 2.062530517578125, 2.0725207328796387, 2.0826163291931152, 2.092712163925171, 2.1027064323425293, 2.1128032207489014, 2.122847557067871, 2.132948160171509, 2.143071413040161, 2.1530447006225586, 2.1630640029907227, 2.173126459121704, 2.183669090270996, 2.1933772563934326, 2.2033042907714844, 2.2134454250335693, 2.2234930992126465, 2.2335920333862305, 2.2435801029205322, 2.2536704540252686, 2.263763189315796, 2.2737743854522705, 2.2839176654815674, 2.2939400672912598, 2.303870916366577, 2.314068555831909, 2.32405424118042, 2.334040880203247, 2.3441660404205322, 2.3542726039886475, 2.3643417358398438, 2.37434983253479, 2.3843839168548584, 2.39456844329834, 2.4045181274414062, 2.414597988128662, 2.4247193336486816, 2.4348881244659424, 2.444944143295288, 2.4549732208251953, 2.4649100303649902, 2.47501802444458, 2.4851057529449463, 2.4952406883239746, 2.5051145553588867, 2.5152275562286377, 2.525308609008789, 2.5353496074676514, 2.545372486114502, 2.5554468631744385, 2.565535068511963, 2.5756442546844482, 2.5856244564056396, 2.595750570297241, 2.6057229042053223, 2.615919351577759, 2.6259255409240723, 2.635881185531616, 2.6459527015686035, 2.6560230255126953, 2.666126012802124, 2.6766982078552246, 2.686938524246216, 2.6966800689697266, 2.7065601348876953, 2.716507911682129, 2.726529121398926, 2.736508369445801, 2.7466485500335693, 2.7573907375335693, 2.7667994499206543, 2.7770135402679443, 2.7871649265289307, 2.7971487045288086, 2.807119846343994, 2.817227840423584, 2.8272910118103027, 2.8372910022735596, 2.847421407699585, 2.857468366622925, 2.8674535751342773, 2.8775594234466553, 2.887655019760132, 2.897761583328247, 2.907711982727051, 2.9177873134613037, 2.927912950515747, 2.937859058380127, 2.9479167461395264, 2.95802903175354, 2.9680588245391846, 2.978161096572876, 2.9882009029388428, 2.9982686042785645, 3.0083236694335938, 3.0185935497283936, 3.028498888015747, 3.0384795665740967, 3.0486044883728027, 3.0586934089660645, 3.0686964988708496, 3.078758478164673, 3.088789701461792, 3.0989108085632324, 3.1088790893554688, 3.1189181804656982, 3.129058361053467, 3.139068126678467, 3.14923357963562, 3.1592319011688232, 3.1692280769348145, 3.179368257522583, 3.1894757747650146, 3.199467658996582, 3.209482431411743, 3.2195632457733154, 3.2296769618988037, 3.239678382873535, 3.2497620582580566, 3.2607970237731934, 3.2701241970062256, 3.2800984382629395, 3.290154457092285, 3.3001151084899902, 3.310180187225342, 3.3202836513519287, 3.330277442932129, 3.340388774871826, 3.350395679473877, 3.3604676723480225, 3.370483636856079, 3.3805480003356934, 3.3906216621398926, 3.400718927383423, 3.410724401473999, 3.42083477973938, 3.4308602809906006, 3.440908193588257, 3.450948715209961, 3.461031913757324, 3.471026659011841, 3.4811880588531494, 3.4914169311523438, 3.5012896060943604, 3.511293649673462, 3.521395444869995, 3.5315256118774414, 3.541719913482666, 3.551731586456299, 3.5619137287139893, 3.5719008445739746, 3.5825657844543457, 3.5920422077178955, 3.6019275188446045, 3.6120083332061768, 3.6222057342529297, 3.632157325744629, 3.6421568393707275, 3.652186632156372, 3.662371873855591, 3.6723220348358154, 3.682387590408325, 3.692627191543579, 3.702552080154419, 3.712613582611084, 3.7227182388305664, 3.7326912879943848, 3.7427611351013184, 3.7530596256256104, 3.76318097114563, 3.773167371749878, 3.7832064628601074, 3.7933499813079834, 3.803443193435669, 3.8134377002716064, 3.823500394821167, 3.833968162536621, 3.8439226150512695, 3.8541147708892822, 3.8641464710235596, 3.874103546142578, 3.8841910362243652, 3.8942720890045166, 3.904256582260132, 3.914324998855591, 3.9244792461395264, 3.9345922470092773, 3.9445443153381348, 3.954533576965332, 3.964986562728882, 3.9748375415802, 3.984767436981201, 3.99489426612854, 4.004887819290161, 4.014988899230957, 4.025120735168457, 4.035081624984741, 4.045206069946289, 4.05533766746521, 4.065295696258545, 4.0753538608551025, 4.085400819778442, 4.095579385757446, 4.105486869812012, 4.115595102310181, 4.1256959438323975, 4.1357457637786865, 4.145902395248413, 4.1559271812438965, 4.165930509567261, 4.175983667373657, 4.18607497215271, 4.196186780929565, 4.206157922744751, 4.21625280380249, 4.226348161697388, 4.236298561096191, 4.246397256851196, 4.256580114364624, 4.266580104827881, 4.276608228683472, 4.286642074584961, 4.296753406524658, 4.306786775588989, 4.3170366287231445, 4.326952695846558, 4.336958408355713, 4.347094297409058, 4.357173681259155, 4.367143869400024, 4.377249240875244, 4.387265205383301, 4.397418975830078, 4.407420635223389, 4.417471170425415, 4.427595853805542, 4.437652826309204, 4.447630405426025, 4.457799673080444, 4.4679882526397705, 4.477951288223267, 4.488004922866821, 4.497993230819702, 4.508023738861084, 4.518097162246704, 4.528165102005005, 4.538159132003784, 4.548252582550049, 4.558427572250366, 4.568590879440308, 4.578658580780029, 4.588564157485962, 4.598653316497803, 4.608643054962158, 4.618699550628662, 4.6288557052612305, 4.638839960098267, 4.648959398269653, 4.659061431884766, 4.6689817905426025, 4.679123163223267, 4.689378499984741, 4.701635122299194, 4.709286689758301, 4.719348192214966, 4.7294745445251465, 4.739594459533691, 4.750094175338745, 4.759949207305908, 4.770253896713257, 4.780332326889038, 4.790528297424316, 4.80048942565918, 4.81046724319458, 4.820678472518921, 4.8305604457855225, 4.8406641483306885, 4.850769996643066, 4.86086893081665, 4.870830774307251, 4.880934238433838, 4.890990495681763, 4.90103006362915, 4.911048889160156, 4.921170473098755, 4.931211233139038, 4.941307783126831, 4.951300144195557, 4.961436748504639, 4.971422433853149, 4.9817094802856445, 4.991757154464722, 5.001662731170654, 5.011729955673218], "set_target_data": [{"head": [[0.9998371782509974, 0.01639504544376367, 0.007537869193625421, -0.01179877494157992], [-0.016107445445555528, 0.9991946581922547, -0.036750309403891956, -0.002297037011737446], [-0.008134321625171663, 0.03662290983742637, 0.9992960498704766, -0.0018821569193601118], [0.0, 0.0, 0.0, 1.0]], "antennas": [-0.0, -0.0], "body_yaw": -0.0, "check_collision": false}, {"head": [[0.9999366671801353, 0.00916410164662176, 0.006533059749704374, -0.011765573155642865], [-0.008925774415657433, 0.9993255239695698, -0.03562060771555068, -0.0023812345864885724], [-0.006855084227317577, 0.03556003914444889, 0.9993440305701942, -0.0018990903052362729], [0.0, 0.0, 0.0, 1.0]], "antennas": [-0.0, -0.0], "body_yaw": -0.0, "check_collision": false}, {"head": [[0.9999766079288517, 0.003505240778573904, 0.00587340465082199, -0.01169774209053221], [-0.003298879988562177, 0.9993894253180232, -0.03478352991478423, -0.002338385731566266], [-0.0059917431461252385, 0.03476334059891034, 0.9993776108981406, -0.0019385061975527584], [0.0, 0.0, 0.0, 1.0]], "antennas": [-0.0, -0.0], "body_yaw": -0.0, "check_collision": false}, {"head": [[0.9999857973243499, -0.0017650507968187768, 0.005028891057636013, -0.01167245286520198], [0.0019351776262034953, 0.999418994568123, -0.03402834677144527, -0.002430755451931447], [-0.004965907484031843, 0.03403759527533251, 0.9994082158311154, -0.0019499895068355588], [0.0, 0.0, 0.0, 1.0]], "antennas": [-0.0, -0.0], "body_yaw": -0.0, "check_collision": false}, {"head": [[0.9999688498836876, -0.0065473951505523615, 0.004408047077492797, -0.011494367440327145], [0.0066917359966370375, 0.9994140363221481, -0.03356791133841045, -0.0022214895422279016], [-0.004185681742103844, 0.033596363181371235, 0.9994267178984856, -0.001913405147909275], [0.0, 0.0, 0.0, 1.0]], "antennas": [-0.0, -0.0], "body_yaw": -0.0, "check_collision": false}, {"head": [[0.9999405557643016, -0.010295720592949505, 0.0035893001060609267, -0.011469761855366543], [0.01040909447353608, 0.9993963190356709, -0.03314586324403539, -0.002314837204215851], [-0.003245872767138931, 0.033181254277426145, 0.9994440798136512, -0.0019069305329298958], [0.0, 0.0, 0.0, 1.0]], "antennas": [-0.0, -0.0], "body_yaw": -0.0, "check_collision": false}, {"head": [[0.9999027415168599, -0.0135562034308434, 0.003276714148188221, -0.011458906438842242], [0.013656036757618216, 0.9993734019310622, -0.03265449697683325, -0.0024117728710441374], [-0.0028319899614806924, 0.032696067978841455, 0.9994613284022452, -0.0018853735027521967], [0.0, 0.0, 0.0, 1.0]], "antennas": [-0.0, -0.0], "body_yaw": -0.0, "check_collision": false}, {"head": [[0.9998622484509032, -0.016338709016989916, 0.002920737982391084, -0.0114575602997504], [0.016424695652870733, 0.9993417038280021, -0.0323479267164925, -0.0025099109383911657], [-0.002390291909834183, 0.0323914429719198, 0.999472401283188, -0.0018472512733807012], [0.0, 0.0, 0.0, 1.0]], "antennas": [-0.0, -0.0], "body_yaw": -0.0, "check_collision": false}, {"head": [[0.9998048366338234, -0.019522796989476125, 0.0030247382236169985, -0.011456354208573136], [0.019609896152694085, 0.999292340327403, -0.032097827587896685, -0.0026075889429311334], [-0.0023959583665542693, 0.03215087807027189, 0.9994801550920439, -0.0018183587166825665], [0.0, 0.0, 0.0, 1.0]], "antennas": [-0.0, -0.0], "body_yaw": -0.0, "check_collision": false}, {"head": [[0.999732308761189, -0.02286851753492314, 0.0035130791021050255, -0.011451568370996935], [0.022968827687416385, 0.9992297564864079, -0.03181708199662573, -0.002703806422408849], [-0.00278276367816397, 0.031889256151079216, 0.9994875344737635, -0.0018024351862986343], [0.0, 0.0, 0.0, 1.0]], "antennas": [-0.0, -0.0], "body_yaw": -0.0, "check_collision": false}, {"head": [[0.9996457071658214, -0.026362366777354387, 0.003672296671135816, -0.011588624702378831], [0.026464940861388724, 0.9991550835489864, -0.03144401252100134, -0.0027476880354439844], [-0.00284025529623501, 0.03153005924691441, 0.999498768540381, -0.001975256132179526], [0.0, 0.0, 0.0, 1.0]], "antennas": [-0.0, -0.0], "body_yaw": -0.0, "check_collision": false}, {"head": [[0.9995646544913082, -0.02918480885998619, 0.0043299449740173135, -0.011622637687158655], [0.029305602516388998, 0.9990862717769348, -0.03110953564450257, -0.002833285337937844], [-0.003418062729582499, 0.03122288389420863, 0.9995066024636884, -0.001957054660765123], [0.0, 0.0, 0.0, 1.0]], "antennas": [-0.0, -0.0], "body_yaw": -0.0, "check_collision": false}, {"head": [[0.9994749183020523, -0.032109979052861885, 0.004340153261246077, -0.011628494241415408], [0.03222821974327069, 0.9990098632804988, -0.030669772096623263, -0.002831618456674864], [-0.003351050176555233, 0.030793543373638002, 0.9995201489460882, -0.001917581037264915], [0.0, 0.0, 0.0, 1.0]], "antennas": [-0.0, -0.0], "body_yaw": -0.0, "check_collision": false}, {"head": [[0.9993894341179378, -0.034608604626806434, 0.004796192157676219, -0.011654007674402826], [0.03473930572410457, 0.9989292027472242, -0.030555335648656926, -0.0028914090376630248], [-0.003733578877586263, 0.030703295988871965, 0.9995215695542464, -0.0018874844780447653], [0.0, 0.0, 0.0, 1.0]], "antennas": [-0.0, -0.0], "body_yaw": -0.0, "check_collision": false}, {"head": [[0.9993221681684279, -0.03651631175005378, 0.004665102713267454, -0.01189095983306952], [0.03664240848937389, 0.9988586114018243, -0.030639979251255372, -0.002947732952903001], [-0.0035409189838671905, 0.03079015109726459, 0.999519598851447, -0.0019575361479574616], [0.0, 0.0, 0.0, 1.0]], "antennas": [-0.0, -0.0], "body_yaw": -0.0, "check_collision": false}, {"head": [[0.9992540313028574, -0.03828802222414799, 0.005040662570665757, -0.011941695663825169], [0.03842476588965019, 0.9987924265170868, -0.030614148664226154, -0.002994630204297773], [-0.0038624203957798465, 0.030784997746839522, 0.9995185669223026, -0.0019278597687760746], [0.0, 0.0, 0.0, 1.0]], "antennas": [-0.0, -0.0], "body_yaw": -0.0, "check_collision": false}, {"head": [[0.9991844850254965, -0.04004848900755771, 0.0051462037022800165, -0.012102584601647443], [0.04018816720812786, 0.9987191183410186, -0.030741403295730906, -0.0029220468722078764], [-0.003908465272378405, 0.030923149715880296, 0.9995141233173569, -0.0020319203895627913], [0.0, 0.0, 0.0, 1.0]], "antennas": [-0.0, -0.0], "body_yaw": -0.0, "check_collision": false}, {"head": [[0.9991259670674493, -0.041436925432809295, 0.005503012103398934, -0.012161828985053587], [0.04158834523702196, 0.9986518873784341, -0.03106150955664688, -0.00296075473472048], [-0.004208499967996442, 0.0312632219415593, 0.9995023259011718, -0.0019994114832621035], [0.0, 0.0, 0.0, 1.0]], "antennas": [-0.0, -0.0], "body_yaw": -0.0, "check_collision": false}, {"head": [[0.9990682851090997, -0.042720403025652796, 0.006126079862988565, -0.012048539776281808], [0.04289190832287985, 0.9985888989336841, -0.031312858809657576, -0.002969123522595747], [-0.0047797373969276314, 0.03154644340868992, 0.999490858396753, -0.002021321547151844], [0.0, 0.0, 0.0, 1.0]], "antennas": [-0.0, -0.0], "body_yaw": -0.0, "check_collision": false}, {"head": [[0.9990257629001837, -0.043679980323625016, 0.006291611926485871, -0.012075740183193748], [0.04385692877738614, 0.9985426315028513, -0.031451277709755865, -0.0030194234329206596], [-0.004908651537952923, 0.03169656748432924, 0.9994854840115439, -0.001982451181023581], [0.0, 0.0, 0.0, 1.0]], "antennas": [-0.0, -0.0], "body_yaw": -0.0, "check_collision": false}, {"head": [[0.9989887220934204, -0.044474787193382236, 0.006597456650758341, -0.012035835697200646], [0.04466107192364454, 0.9985068494784917, -0.0314556862771766, -0.0030327355695866347], [-0.005188620701720409, 0.03171852532260083, 0.9994833732316779, -0.0020603790789082144], [0.0, 0.0, 0.0, 1.0]], "antennas": [-0.0, -0.0], "body_yaw": -0.0, "check_collision": false}, {"head": [[0.9989612441609804, -0.04507299323564274, 0.006697607418068561, -0.012065016984821923], [0.04526327173243832, 0.9984731013390789, -0.03166547227498696, -0.003085899228909575], [-0.005260123232616615, 0.03193573520528722, 0.9994760827155776, -0.0020241573956988335], [0.0, 0.0, 0.0, 1.0]], "antennas": [-0.0, -0.0], "body_yaw": -0.0, "check_collision": false}, {"head": [[0.9989324785758226, -0.04571477214075964, 0.0066379857247948195, -0.012199271257828031], [0.04590238415226, 0.9984466640324428, -0.03157895203494308, -0.0030741131046632814], [-0.005184050106094963, 0.03184994019782945, 0.9994792178599275, -0.0021203902347313175], [0.0, 0.0, 0.0, 1.0]], "antennas": [-0.0, -0.0], "body_yaw": -0.0, "check_collision": false}, {"head": [[0.9989132922512705, -0.046099061862867725, 0.006863749637836256, -0.01224711374126047], [0.04629314316345046, 0.998431757378638, -0.03147968795671808, -0.003128111400126452], [-0.005401801530571325, 0.031763223280510365, 0.9994808243218357, -0.002078777121376829], [0.0, 0.0, 0.0, 1.0]], "antennas": [-0.0, -0.0], "body_yaw": -0.0, "check_collision": false}, {"head": [[0.9988874231318422, -0.04658586258581415, 0.007326207488431863, -0.012301785655680927], [0.04679437473755195, 0.9984085551367368, -0.031474490030739405, -0.0031011059434911965], [-0.0058482819656265955, 0.031782297539812876, 0.9994777051846335, -0.002092930060967557], [0.0, 0.0, 0.0, 1.0]], "antennas": [-0.0, -0.0], "body_yaw": -0.0, "check_collision": false}, {"head": [[0.9988551464930034, -0.04720934504163131, 0.007724899040131799, -0.012352384729521805], [0.04743065498123329, 0.9983764039437787, -0.03154186133283222, -0.0031443292027345648], [-0.0062232863095985705, 0.031872147543405484, 0.999472579372981, -0.00206373933376236], [0.0, 0.0, 0.0, 1.0]], "antennas": [-0.0, -0.0], "body_yaw": -0.0, "check_collision": false}, {"head": [[0.9987946752215943, -0.04833296245784154, 0.008551110398022468, -0.012230813087780037], [0.048578844890046345, 0.998326784746799, -0.03136441751838221, -0.003020235104302025], [-0.007020867335244656, 0.03174201627445023, 0.9994714362225134, -0.0019598288523946517], [0.0, 0.0, 0.0, 1.0]], "antennas": [-0.0, -0.0], "body_yaw": -0.0, "check_collision": false}, {"head": [[0.9987439284769862, -0.049349738576793055, 0.008669984588187395, -0.012295475301155708], [0.049599683335015805, 0.9982732044419644, -0.03147190344161955, -0.003034185451522866], [-0.007101883089954276, 0.03186240097002504, 0.9994670333037516, -0.0019116952037095958], [0.0, 0.0, 0.0, 1.0]], "antennas": [-0.0, -0.0], "body_yaw": -0.0, "check_collision": false}, {"head": [[0.9986724819866609, -0.05080485426074277, 0.008493556742989848, -0.01234429075149663], [0.051049287869027044, 0.9981964625155824, -0.03158785256142254, -0.0025871011175077254], [-0.006873422049234938, 0.03197950914134937, 0.9994648903610426, -0.002014495424997209], [0.0, 0.0, 0.0, 1.0]], "antennas": [-0.0, -0.0], "body_yaw": -0.0, "check_collision": false}, {"head": [[0.9985922188410656, -0.052355236119534306, 0.008515263997392952, -0.01242236102933046], [0.05260292594278521, 0.998100396454372, -0.03207071530046511, -0.0025640104428505395], [-0.006820018499633332, 0.032473494553149684, 0.9994493281298314, -0.0019626006939070795], [0.0, 0.0, 0.0, 1.0]], "antennas": [-0.0, -0.0], "body_yaw": -0.0, "check_collision": false}, {"head": [[0.9985140224977938, -0.053796607928575726, 0.008698956871623559, -0.012534751100902056], [0.05405097053437781, 0.9980164692001743, -0.03227413499242447, -0.002408173221102025], [-0.006945463236320952, 0.03269636341547051, 0.9994411980501084, -0.0019173587249041724], [0.0, 0.0, 0.0, 1.0]], "antennas": [-0.0, -0.0], "body_yaw": -0.0, "check_collision": false}, {"head": [[0.9984358511803424, -0.05515940217389677, 0.009126413841357733, -0.012590431954810632], [0.05542970575812729, 0.9979291440033509, -0.032633897534727056, -0.0024028978645626014], [-0.007307448073906707, 0.033088727696270644, 0.9994257037429493, -0.0018700747042048604], [0.0, 0.0, 0.0, 1.0]], "antennas": [-0.0, -0.0], "body_yaw": -0.0, "check_collision": false}, {"head": [[0.9983688851031485, -0.05624336565410113, 0.009810865292914408, -0.012485691808439583], [0.05653764937206051, 0.997859299811864, -0.03286809976951476, -0.002370479499857041], [-0.007941250618043792, 0.03336917138431681, 0.999411544329835, -0.0018782008157804952], [0.0, 0.0, 0.0, 1.0]], "antennas": [-0.0, -0.0], "body_yaw": -0.0, "check_collision": false}, {"head": [[0.998316910689416, -0.057144020143930614, 0.0098947861690268, -0.012490428847173654], [0.05744267054208022, 0.997799231774205, -0.033121483538639564, -0.0023868419069545538], [-0.007980315315496084, 0.03363412006573673, 0.9994023516756747, -0.0018316031720299053], [0.0, 0.0, 0.0, 1.0]], "antennas": [-0.0, -0.0], "body_yaw": -0.0, "check_collision": false}, {"head": [[0.9982678928502152, -0.05801081891010153, 0.009795866157278914, -0.012353329284374256], [0.05830669698477904, 0.9977448585096421, -0.0332494572030904, -0.0023936458090038255], [-0.00784494685240599, 0.03376303018027836, 0.9993990767465863, -0.0018629515586792156], [0.0, 0.0, 0.0, 1.0]], "antennas": [-0.0, -0.0], "body_yaw": -0.0, "check_collision": false}, {"head": [[0.9982481615272055, -0.05844895616037584, 0.00918300230408075, -0.012375145584769789], [0.05872300026522844, 0.9977246761535874, -0.0331221954898688, -0.0024178321133181205], [-0.007226150247833873, 0.03360342420024435, 0.9994091217487532, -0.0018124355271285086], [0.0, 0.0, 0.0, 1.0]], "antennas": [-0.0, -0.0], "body_yaw": -0.0, "check_collision": false}, {"head": [[0.9982122176811928, -0.05913402255220399, 0.008691136219729298, -0.012473614445815514], [0.05939014024833684, 0.9976903236716335, -0.03296709409811081, -0.002380942024737839], [-0.006721585622257666, 0.03342432390918688, 0.9994186484441522, -0.0017901418066320618], [0.0, 0.0, 0.0, 1.0]], "antennas": [-0.0, -0.0], "body_yaw": -0.0, "check_collision": false}, {"head": [[0.9981730988155644, -0.0598588562190884, 0.008208662075889373, -0.012508521471540326], [0.06009778290710957, 0.9976516020081944, -0.032856315985414705, -0.002397641348645686], [-0.0062226433758950685, 0.03328961313421938, 0.999426375660954, -0.0017317254653129721], [0.0, 0.0, 0.0, 1.0]], "antennas": [-0.0, -0.0], "body_yaw": -0.0, "check_collision": false}, {"head": [[0.9981237724140751, -0.06073713100743153, 0.007741825293942068, -0.012669929546185808], [0.06095922933548101, 0.9976041027219377, -0.032711260923146364, -0.0024234045901079613], [-0.00573648853568566, 0.03312182285660061, 0.99943485908284, -0.0015970999437202593], [0.0, 0.0, 0.0, 1.0]], "antennas": [-0.0, -0.0], "body_yaw": -0.0, "check_collision": false}, {"head": [[0.9980567206451841, -0.061833748011537536, 0.007705191874711402, -0.012704074553379716], [0.06205357840176263, 0.9975394206757409, -0.03262602650405114, -0.0024492708506267703], [-0.005668843137425796, 0.03304075974841418, 0.9994379282440358, -0.001524306434794509], [0.0, 0.0, 0.0, 1.0]], "antennas": [-0.0, -0.0], "body_yaw": -0.0, "check_collision": false}, {"head": [[0.9979980442147206, -0.06274178416475566, 0.007960669784366287, -0.012554307928207992], [0.06296737566865183, 0.9974943365963851, -0.032251481509232766, -0.0023448877159023395], [-0.005917207533573448, 0.0326881779541278, 0.9994480825320762, -0.001474456864159146], [0.0, 0.0, 0.0, 1.0]], "antennas": [-0.0, -0.0], "body_yaw": -0.0, "check_collision": false}, {"head": [[0.9979561680931535, -0.0633879675830753, 0.008090249101010631, -0.012513439410717416], [0.06361719747403408, 0.9974545631410056, -0.03220631389549433, -0.0023528771790996827], [-0.006028163101572532, 0.032655168578225924, 0.9994484985304386, -0.0013998854439510877], [0.0, 0.0, 0.0, 1.0]], "antennas": [-0.0, -0.0], "body_yaw": -0.0, "check_collision": false}, {"head": [[0.9979154773009332, -0.06400516974786569, 0.00824853979791208, -0.012457895985299946], [0.06423927051369918, 0.9974146379247445, -0.032208014178443455, -0.0025529105667965162], [-0.006165734921209382, 0.03267075602121771, 0.9994471498853171, -0.0012936076889021875], [0.0, 0.0, 0.0, 1.0]], "antennas": [-0.0, -0.0], "body_yaw": -0.0, "check_collision": false}, {"head": [[0.9978684915930315, -0.06470203187857336, 0.008492382270746139, -0.012407102149109481], [0.06494409621046655, 0.99736725524301, -0.03226178135860897, -0.002570783012427285], [-0.006382621189924194, 0.0327445451916667, 0.9994433735369589, -0.001236139870211983], [0.0, 0.0, 0.0, 1.0]], "antennas": [-0.0, -0.0], "body_yaw": -0.0, "check_collision": false}, {"head": [[0.9978239699737977, -0.06538124165601832, 0.008521630433610792, -0.012629795049530046], [0.06562301607476818, 0.997327388884607, -0.032120073814713296, -0.0024903220502214135], [-0.006398805121303737, 0.03260939466057672, 0.9994476888126214, -0.001121619312313915], [0.0, 0.0, 0.0, 1.0]], "antennas": [-0.0, -0.0], "body_yaw": -0.0, "check_collision": false}, {"head": [[0.9977859960924265, -0.06592601994464165, 0.008767319778760926, -0.01262362303343968], [0.06617477457005633, 0.9972946319238453, -0.03200494253211852, -0.002485919160498614], [-0.0066336424720184715, 0.032514258874233835, 0.9994492572199015, -0.0010643570895362275], [0.0, 0.0, 0.0, 1.0]], "antennas": [-0.0, -0.0], "body_yaw": -0.0, "check_collision": false}, {"head": [[0.9977420804228595, -0.06653848947047528, 0.009130737782417556, -0.012590388663808703], [0.06679903845200127, 0.9972517561908184, -0.0320440827020566, -0.0025946115577842547], [-0.006973479429371936, 0.032581654244614976, 0.9994447490438539, -0.0010864454449881489], [0.0, 0.0, 0.0, 1.0]], "antennas": [-0.0, -0.0], "body_yaw": -0.0, "check_collision": false}, {"head": [[0.9976911485585107, -0.06723954979571158, 0.009550656064887673, -0.012570572157361914], [0.06751295536345349, 0.9972058089712803, -0.03197773306578753, -0.0026118260876674577], [-0.007373801332561783, 0.03254869424730348, 0.999442949625792, -0.0010493110631267788], [0.0, 0.0, 0.0, 1.0]], "antennas": [-0.0, -0.0], "body_yaw": -0.0, "check_collision": false}, {"head": [[0.9976500301150758, -0.06774866445932697, 0.010224278721033807, -0.012365042151120362], [0.06804368144495061, 0.9971700792621503, -0.03196702112700734, -0.0024885419022844645], [-0.008029621834553762, 0.03258759715434655, 0.9994366281485283, -0.001291499224891579], [0.0, 0.0, 0.0, 1.0]], "antennas": [-0.0, -0.0], "body_yaw": -0.0, "check_collision": false}, {"head": [[0.9975946254609709, -0.06842274102152505, 0.011103682384093254, -0.012301769817038382], [0.06874682184711782, 0.9971193340396963, -0.03204540794175328, -0.0025143147697911147], [-0.008879061735687664, 0.03273166960810362, 0.9994247345685218, -0.0012936496216761073], [0.0, 0.0, 0.0, 1.0]], "antennas": [-0.0, -0.0], "body_yaw": -0.0, "check_collision": false}, {"head": [[0.9975714874361652, -0.06857800841144893, 0.012173093966435101, -0.012290608624604257], [0.06894770001602932, 0.997070388891368, -0.033118790112489374, -0.0023799657923280534], [-0.009866210868213307, 0.0338776675456669, 0.9993772868765672, -0.001360457736641063], [0.0, 0.0, 0.0, 1.0]], "antennas": [-0.0, -0.0], "body_yaw": -0.0, "check_collision": false}, {"head": [[0.9975137078158849, -0.06936936510773185, 0.012421509729329828, -0.012241331874708935], [0.06975422211201955, 0.9969904742392469, -0.03382813583023517, -0.0023781676969036516], [-0.010037490570490434, 0.034610481949143554, 0.999350470717003, -0.001344624739613276], [0.0, 0.0, 0.0, 1.0]], "antennas": [-0.0, -0.0], "body_yaw": -0.0, "check_collision": false}, {"head": [[0.9975265889099759, -0.06915312312283972, 0.012591663114369003, -0.012446020253523336], [0.06953308811813758, 0.9970413941085501, -0.03276595933029674, -0.002391867618047737], [-0.010288540925889707, 0.03356045286399922, 0.9993837310708935, -0.0011365704039835167], [0.0, 0.0, 0.0, 1.0]], "antennas": [-0.0, -0.0], "body_yaw": -0.0, "check_collision": false}, {"head": [[0.9974945847686668, -0.06956071303533985, 0.012878686237371005, -0.012455052011338338], [0.06994914233887013, 0.9970153197184783, -0.03267368563106263, -0.0024170751504774372], [-0.010567442606517163, 0.03349267753817427, 0.9993830945678851, -0.0011226777336814653], [0.0, 0.0, 0.0, 1.0]], "antennas": [-0.0, -0.0], "body_yaw": -0.0, "check_collision": false}, {"head": [[0.9974616898880074, -0.06987582337805219, 0.013694762246914705, -0.01231864094786118], [0.07030333336696733, 0.9969555576379506, -0.033720281913052215, -0.002577501112979044], [-0.011296836869377441, 0.03459747681611928, 0.9993374785700297, -0.0011256404749858673], [0.0, 0.0, 0.0, 1.0]], "antennas": [-0.0, -0.0], "body_yaw": -0.0, "check_collision": false}, {"head": [[0.9974121346111801, -0.07053376212716218, 0.013929182695254748, -0.012280298544358961], [0.07096486761393457, 0.9969209025496965, -0.03335718249545552, -0.0026142840549486495], [-0.011533485808966178, 0.03425934120334605, 0.999346424542264, -0.0011124241007289815], [0.0, 0.0, 0.0, 1.0]], "antennas": [-0.0, -0.0], "body_yaw": -0.0, "check_collision": false}, {"head": [[0.9973836131787487, -0.07082625160534095, 0.014476541231979091, -0.012026953005690035], [0.0712642577256524, 0.9969314633049463, -0.032389242712209505, -0.0025161403811931726], [-0.0121381107803499, 0.033336159889758764, 0.9993704852108093, -0.0012844468774596551], [0.0, 0.0, 0.0, 1.0]], "antennas": [-0.0, -0.0], "body_yaw": -0.0, "check_collision": false}, {"head": [[0.9973348251693868, -0.07134582911766942, 0.015264965504741306, -0.011951934660741742], [0.07180951565547779, 0.9968933401911942, -0.032358333451668796, -0.0025457869976417847], [-0.012908910320949592, 0.03336826261518586, 0.9993597545850891, -0.0013070665011332139], [0.0, 0.0, 0.0, 1.0]], "antennas": [-0.0, -0.0], "body_yaw": -0.0, "check_collision": false}, {"head": [[0.9972991325673364, -0.07169715059268575, 0.015936084127790247, -0.01189697489366973], [0.07217906310735173, 0.996876251623913, -0.032061219521434946, -0.0024015488364356324], [-0.013587605726661402, 0.03312487803972187, 0.999358854178753, -0.0014475130846967055], [0.0, 0.0, 0.0, 1.0]], "antennas": [-0.0, -0.0], "body_yaw": -0.0, "check_collision": false}, {"head": [[0.997294132506474, -0.07169009151199437, 0.016277101927586198, -0.011845665995753285], [0.07217645647199816, 0.9968921147214856, -0.03157009244949729, -0.002432584870651698], [-0.013963251745381993, 0.0326594915013373, 0.9993689935231975, -0.0014575984030932299], [0.0, 0.0, 0.0, 1.0]], "antennas": [-0.0, -0.0], "body_yaw": -0.0, "check_collision": false}, {"head": [[0.9973032174120804, -0.07152848596914685, 0.016430710102575238, -0.011883267208480654], [0.07201187392809402, 0.9969218926620498, -0.031000482971743556, -0.002223888849750052], [-0.01416271700195963, 0.03210008763350396, 0.9993843113742802, -0.001454199782450094], [0.0, 0.0, 0.0, 1.0]], "antennas": [-0.0, -0.0], "body_yaw": -0.0, "check_collision": false}, {"head": [[0.9973028811866891, -0.0714912265360885, 0.016612275734955793, -0.01187273115122114], [0.07198635853447047, 0.9969108575797568, -0.03141188030889225, -0.0022334501451888693], [-0.014315284198198655, 0.032523015972679675, 0.9993684636160806, -0.0014605967526588604], [0.0, 0.0, 0.0, 1.0]], "antennas": [-0.0, -0.0], "body_yaw": -0.0, "check_collision": false}, {"head": [[0.9972753086391652, -0.07182102813687061, 0.01684335762312704, -0.011769968032368083], [0.0723152871867857, 0.9969047677421359, -0.03084450181297786, -0.002121371609392875], [-0.014575939686703556, 0.03197849230906495, 0.9993822682096619, -0.001590139868537288], [0.0, 0.0, 0.0, 1.0]], "antennas": [-0.0, -0.0], "body_yaw": -0.0, "check_collision": false}, {"head": [[0.9972993036235355, -0.07148807052812178, 0.016839084422190845, -0.011743830335722582], [0.07197305890558611, 0.9969489319313177, -0.030211023034280984, -0.0021334724329869215], [-0.014627979484003063, 0.03134139264887749, 0.9994016906744978, -0.0015876102684445614], [0.0, 0.0, 0.0, 1.0]], "antennas": [-0.0, -0.0], "body_yaw": -0.0, "check_collision": false}, {"head": [[0.9973276441950326, -0.07106314834607438, 0.01695874616622119, -0.01172100335919658], [0.07155677660988996, 0.9969691138672245, -0.03053217509453678, -0.0023516308409361527], [-0.014737633649565344, 0.03166409547018473, 0.9993899074998037, -0.0014377762387761672], [0.0, 0.0, 0.0, 1.0]], "antennas": [-0.0, -0.0], "body_yaw": -0.0, "check_collision": false}, {"head": [[0.9973069686267693, -0.07129620780696415, 0.017194798074716376, -0.011682973346363996], [0.07179629904423869, 0.9969537978775126, -0.03046992519114376, -0.002343732974647031], [-0.014970029126034998, 0.03162239159124165, 0.999387773878596, -0.0014349482918354362], [0.0, 0.0, 0.0, 1.0]], "antennas": [-0.0, -0.0], "body_yaw": -0.0, "check_collision": false}, {"head": [[0.9973052807082317, -0.07130323067849062, 0.017263440163692648, -0.011779080246621023], [0.07179773289360122, 0.9969692994118482, -0.029954992598694802, -0.0023120683461631056], [-0.015075232098197805, 0.031113748167951788, 0.9994021573181273, -0.0013127048045953327], [0.0, 0.0, 0.0, 1.0]], "antennas": [-0.0, -0.0], "body_yaw": -0.0, "check_collision": false}, {"head": [[0.9972902002351905, -0.07154169716524014, 0.017147655279078813, -0.011797203529863475], [0.07203434687218171, 0.996948544989711, -0.030077425315275762, -0.0023044149844903532], [-0.014943539927047176, 0.03123114166364812, 0.9994004734863965, -0.0013008446376204796], [0.0, 0.0, 0.0, 1.0]], "antennas": [-0.0, -0.0], "body_yaw": -0.0, "check_collision": false}, {"head": [[0.9973099690086644, -0.07132456684232308, 0.01690064734535162, -0.011779260337097057], [0.07180889588175382, 0.9969662059809348, -0.030031093956498073, -0.002036833661683262], [-0.014707419494268627, 0.031163926208607976, 0.9994060743837233, -0.0013815965531546182], [0.0, 0.0, 0.0, 1.0]], "antennas": [-0.0, -0.0], "body_yaw": -0.0, "check_collision": false}, {"head": [[0.9973233897076856, -0.07118830567687083, 0.016681770794147587, -0.011798771843605295], [0.0716596129240726, 0.9969898186030915, -0.02960070062256976, -0.0020164397208064684], [-0.014524331913866515, 0.030716880320620386, 0.9994225918228109, -0.001361462036703398], [0.0, 0.0, 0.0, 1.0]], "antennas": [-0.0, -0.0], "body_yaw": -0.0, "check_collision": false}, {"head": [[0.9973433328095791, -0.07093759387081779, 0.01655700081840517, -0.011726935626607331], [0.07139943424791474, 0.9970201714472481, -0.029204426314829588, -0.0019958078626137066], [-0.01443597206146694, 0.030309000364900297, 0.9994363247388608, -0.0015449122989142916], [0.0, 0.0, 0.0, 1.0]], "antennas": [-0.0, -0.0], "body_yaw": -0.0, "check_collision": false}, {"head": [[0.9973687992813257, -0.07060948955214146, 0.016424926341147932, -0.011715034790839317], [0.07106189854409543, 0.9970555199555993, -0.02881833967073419, -0.0019778486387129705], [-0.014341715219414904, 0.029909699283930453, 0.9994497111377388, -0.0015454278483858497], [0.0, 0.0, 0.0, 1.0]], "antennas": [-0.0, -0.0], "body_yaw": -0.0, "check_collision": false}, {"head": [[0.9973775555016545, -0.07051429851961052, 0.01630170193051166, -0.01173274203200652], [0.07096185692739992, 0.9970650677485556, -0.02873439640889345, -0.0021484000251704577], [-0.014227671733604829, 0.029815841089183753, 0.9994541455100305, -0.0014741505336185456], [0.0, 0.0, 0.0, 1.0]], "antennas": [-0.0, -0.0], "body_yaw": -0.0, "check_collision": false}, {"head": [[0.9973769505208758, -0.07048977046294301, 0.01644417312484948, -0.011708984184961895], [0.07094002628778785, 0.9970697408983809, -0.028625940248729102, -0.0021428098981811656], [-0.01437815147946295, 0.029717403064827994, 0.9994549238035282, -0.001480663605235688], [0.0, 0.0, 0.0, 1.0]], "antennas": [-0.0, -0.0], "body_yaw": -0.0, "check_collision": false}, {"head": [[0.9974043177748292, -0.07009567379073886, 0.016468861525609002, -0.011913444758098014], [0.07054466684997715, 0.9971019948348279, -0.02847914808122365, -0.0023019673152420792], [-0.014424869606103684, 0.029567015612483705, 0.9994587108653452, -0.0013142611262738635], [0.0, 0.0, 0.0, 1.0]], "antennas": [-0.0, -0.0], "body_yaw": -0.0, "check_collision": false}, {"head": [[0.9974338424266367, -0.06968699704337153, 0.016415006095419155, -0.011926384432672509], [0.07013181206584401, 0.9971364755825523, -0.028290952602687068, -0.0023016637890409756], [-0.01439648979427475, 0.02936956768295164, 0.999464941644138, -0.0012992453793914116], [0.0, 0.0, 0.0, 1.0]], "antennas": [-0.0, -0.0], "body_yaw": -0.0, "check_collision": false}, {"head": [[0.9974647936481716, -0.0693122619117069, 0.016118181693140856, -0.011862787946653512], [0.0697430618611213, 0.9971745323937462, -0.027908014396390284, -0.002479760795390102], [-0.014138272689616887, 0.028961393163939156, 0.9994805385555826, -0.0012824371737960583], [0.0, 0.0, 0.0, 1.0]], "antennas": [-0.0, -0.0], "body_yaw": -0.0, "check_collision": false}, {"head": [[0.9974995840461486, -0.06890067377705197, 0.0157250431105485, -0.011893211804114413], [0.06931436009765815, 0.997216219356522, -0.02748329195232714, -0.0024951909228944514], [-0.01378765070679273, 0.028504543591380944, 0.9994985701253576, -0.0012707656750230445], [0.0, 0.0, 0.0, 1.0]], "antennas": [-0.0, -0.0], "body_yaw": -0.0, "check_collision": false}, {"head": [[0.9975301423731805, -0.06855973637044785, 0.015270154084242487, -0.011876905918521143], [0.06895719268504918, 0.9972478951410279, -0.027231254355720033, -0.002644483298075262], [-0.01336116139932522, 0.0282169839919792, 0.9995125217727174, -0.0011776416398687761], [0.0, 0.0, 0.0, 1.0]], "antennas": [-0.0, -0.0], "body_yaw": -0.0, "check_collision": false}, {"head": [[0.9975489197110986, -0.06841177062187213, 0.014696340483283183, -0.011919088709582125], [0.0687906441624863, 0.9972645878109366, -0.02704050986932312, -0.002659881044589616], [-0.012806250775711982, 0.027985202137256856, 0.9995263020063087, -0.001156265659660205], [0.0, 0.0, 0.0, 1.0]], "antennas": [-0.0, -0.0], "body_yaw": -0.0, "check_collision": false}, {"head": [[0.997566166158377, -0.06825936971469478, 0.014226826147446983, -0.011931864928252897], [0.06862368986735105, 0.9972792955869764, -0.026922031545440747, -0.002497751859211599], [-0.01235043825403339, 0.02783280509931934, 0.9995362933056691, -0.0011811696222000512], [0.0, 0.0, 0.0, 1.0]], "antennas": [-0.0, -0.0], "body_yaw": -0.0, "check_collision": false}, {"head": [[0.99758314830680