{"description": "A feeling close to relief. Can also be used to calm mild annoyance.", "time": [0.0, 0.009982824325561523, 0.020012378692626953, 0.030068635940551758, 0.04014253616333008, 0.05011892318725586, 0.06023406982421875, 0.07027578353881836, 0.0803060531616211, 0.09042096138000488, 0.10044693946838379, 0.11049818992614746, 0.12060332298278809, 0.1306445598602295, 0.1406693458557129, 0.15073680877685547, 0.16080904006958008, 0.17089557647705078, 0.1809537410736084, 0.19118428230285645, 0.20127463340759277, 0.21112418174743652, 0.22127342224121094, 0.23125433921813965, 0.24126386642456055, 0.25138020515441895, 0.2614278793334961, 0.2714676856994629, 0.28150320053100586, 0.2918567657470703, 0.3018159866333008, 0.3118720054626465, 0.32181835174560547, 0.33190107345581055, 0.3419475555419922, 0.3520493507385254, 0.3620593547821045, 0.3722362518310547, 0.3821451663970947, 0.39232683181762695, 0.40221118927001953, 0.41248655319213867, 0.42275238037109375, 0.4324827194213867, 0.4425368309020996, 0.4526050090789795, 0.4627063274383545, 0.47273778915405273, 0.4828026294708252, 0.4929049015045166, 0.502938985824585, 0.5129504203796387, 0.5230646133422852, 0.5330376625061035, 0.5430879592895508, 0.5531487464904785, 0.5632035732269287, 0.5732038021087646, 0.5832931995391846, 0.5933959484100342, 0.6035270690917969, 0.6135354042053223, 0.6236181259155273, 0.6336853504180908, 0.6438617706298828, 0.6539151668548584, 0.6638100147247314, 0.6738743782043457, 0.6839542388916016, 0.6939647197723389, 0.7039933204650879, 0.7140400409698486, 0.7242653369903564, 0.7343332767486572, 0.744307279586792, 0.7543604373931885, 0.7643749713897705, 0.7745013236999512, 0.7851033210754395, 0.7946019172668457, 0.8046069145202637, 0.8147201538085938, 0.8248143196105957, 0.8348474502563477, 0.844862699508667, 0.8549668788909912, 0.8650057315826416, 0.8753805160522461, 0.8853738307952881, 0.8955199718475342, 0.9054515361785889, 0.9155592918395996, 0.9256465435028076, 0.9355943202972412, 0.9457099437713623, 0.9558107852935791, 0.9658198356628418, 0.9758696556091309, 0.9859287738800049, 0.9960567951202393, 1.0060505867004395, 1.0160784721374512, 1.026231288909912, 1.0362191200256348, 1.0462698936462402, 1.0563349723815918, 1.0664222240447998, 1.076507568359375, 1.0865821838378906, 1.0966169834136963, 1.1066248416900635, 1.116743803024292, 1.1268723011016846, 1.1368305683135986, 1.14691162109375, 1.1569876670837402, 1.1670575141906738, 1.17716646194458, 1.1871836185455322, 1.1975154876708984, 1.2073605060577393, 1.217360258102417, 1.2274699211120605, 1.2374680042266846, 1.2475829124450684, 1.2576463222503662, 1.2676279544830322, 1.277752161026001, 1.287855863571167, 1.2978591918945312, 1.3078734874725342, 1.317911148071289, 1.3281347751617432, 1.3380720615386963, 1.3482489585876465, 1.358290433883667, 1.368269681930542, 1.3783447742462158, 1.388411283493042, 1.3984477519989014, 1.4085564613342285, 1.4186077117919922, 1.4287173748016357, 1.438826084136963, 1.4488530158996582, 1.4588847160339355, 1.4689562320709229, 1.4790408611297607, 1.4890789985656738, 1.4991428852081299, 1.509308099746704, 1.5193431377410889, 1.5292606353759766, 1.5393054485321045, 1.549577236175537, 1.5594699382781982, 1.5694365501403809, 1.5795884132385254, 1.5896461009979248, 1.5996930599212646, 1.6097075939178467, 1.6198375225067139, 1.6299118995666504, 1.6399896144866943, 1.649954080581665, 1.6600499153137207, 1.6700718402862549, 1.680145263671875, 1.6902408599853516, 1.7002215385437012, 1.7103359699249268, 1.7204220294952393, 1.730626106262207, 1.7405226230621338, 1.7506213188171387, 1.760707139968872, 1.7707672119140625, 1.781073808670044, 1.7911698818206787, 1.801579475402832, 1.8116209506988525, 1.8219373226165771, 1.8317618370056152, 1.8417589664459229, 1.8518869876861572, 1.8618817329406738, 1.8719189167022705, 1.8819677829742432, 1.892129898071289, 1.9020695686340332, 1.9121088981628418, 1.9222173690795898, 1.9322566986083984, 1.942333459854126, 1.9523823261260986, 1.9624593257904053, 1.9725432395935059, 1.982649326324463, 1.9926865100860596, 2.0029382705688477, 2.012787342071533, 2.0228750705718994, 2.032924175262451, 2.042954444885254, 2.0529983043670654, 2.0631039142608643, 2.0730955600738525, 2.0832135677337646, 2.093294143676758, 2.1033010482788086, 2.1133620738983154, 2.1234617233276367, 2.133816957473755, 2.1436352729797363, 2.153690814971924, 2.163717269897461, 2.173787832260132, 2.1839241981506348, 2.1939241886138916, 2.203925371170044, 2.214064598083496, 2.2240467071533203, 2.234097480773926, 2.244114398956299, 2.2542221546173096, 2.264266014099121, 2.2743139266967773, 2.28436541557312, 2.2945141792297363, 2.304537057876587, 2.3145968914031982, 2.324719190597534, 2.3347597122192383, 2.344848394393921, 2.354942798614502, 2.364898920059204, 2.374931573867798, 2.385014772415161, 2.395029067993164, 2.4051003456115723, 2.4151413440704346, 2.4252209663391113, 2.4353652000427246, 2.445406198501587, 2.455465793609619, 2.4654719829559326, 2.47554612159729, 2.485907793045044, 2.4958078861236572, 2.505734920501709, 2.515935182571411, 2.5259268283843994, 2.535872220993042, 2.545950412750244, 2.5559937953948975, 2.566169023513794, 2.576150894165039, 2.586204767227173, 2.5962750911712646, 2.6063742637634277, 2.6165647506713867, 2.626551389694214, 2.636523723602295, 2.6470611095428467, 2.656750440597534, 2.666745662689209, 2.6767590045928955, 2.686837673187256, 2.6970937252044678, 2.70699405670166, 2.71698260307312, 2.727407693862915, 2.7372536659240723, 2.747175693511963, 2.7572689056396484, 2.767368793487549, 2.7773537635803223, 2.7874436378479004, 2.7976784706115723, 2.8074874877929688, 2.817613124847412, 2.827700614929199, 2.8376946449279785, 2.8478121757507324, 2.85793399810791, 2.8679721355438232, 2.8780112266540527, 2.8881285190582275, 2.8981194496154785, 2.908130168914795, 2.9181594848632812, 2.928283214569092, 2.938326120376587, 2.948627471923828, 2.958517074584961, 2.9684557914733887, 2.978545665740967, 2.9886674880981445, 2.998701810836792, 3.0087528228759766, 3.0188233852386475, 3.0289368629455566, 3.0389490127563477, 3.0489742755889893, 3.0590407848358154, 3.06911301612854, 3.079125165939331, 3.0892772674560547, 3.099294424057007, 3.1093273162841797, 3.119415760040283, 3.1294896602630615, 3.1395227909088135, 3.149669885635376, 3.1597557067871094, 3.1698126792907715, 3.1798694133758545, 3.189862012863159, 3.200007200241089, 3.2099270820617676, 3.2199904918670654, 3.2303197383880615, 3.2403078079223633, 3.250389337539673, 3.2605457305908203, 3.2705204486846924, 3.280583143234253, 3.2906832695007324, 3.3005361557006836, 3.310605764389038, 3.320693254470825, 3.330803394317627, 3.340772867202759, 3.350980281829834, 3.3609673976898193, 3.3709867000579834, 3.3809897899627686, 3.3910720348358154, 3.401094675064087, 3.4111878871917725, 3.4214251041412354, 3.4312939643859863, 3.441469430923462, 3.4514763355255127, 3.461545944213867, 3.4715325832366943, 3.481640577316284, 3.4917445182800293, 3.5017590522766113, 3.5117905139923096, 3.52191424369812, 3.5319712162017822, 3.5419485569000244, 3.552164077758789, 3.5620570182800293, 3.5721020698547363, 3.582197904586792, 3.5923588275909424, 3.6023013591766357, 3.6123745441436768, 3.6225037574768066, 3.632553815841675, 3.642608165740967, 3.6527180671691895, 3.6627988815307617, 3.67283296585083, 3.6828551292419434, 3.6929917335510254, 3.7029480934143066, 3.7130186557769775, 3.723201274871826, 3.7332603931427, 3.7432291507720947, 3.753343343734741, 3.7639243602752686, 3.774135112762451, 3.784229278564453, 3.7942938804626465, 3.8042876720428467, 3.814384698867798, 3.824436902999878, 3.8344428539276123, 3.8444936275482178, 3.854562520980835, 3.8646576404571533, 3.8746416568756104, 3.8847312927246094, 3.8949129581451416, 3.9048562049865723, 3.915034532546997, 3.9249472618103027, 3.934980869293213, 3.94508695602417, 3.9552009105682373, 3.965221881866455, 3.975240468978882, 3.9853031635284424, 3.9954166412353516, 4.005468368530273, 4.0155556201934814, 4.025604009628296, 4.035608768463135, 4.045705556869507, 4.055789232254028, 4.065774202346802, 4.07587456703186, 4.08591103553772, 4.09596848487854, 4.105992794036865, 4.116038084030151, 4.126154661178589, 4.136264801025391, 4.146270275115967, 4.156364917755127, 4.166387557983398, 4.1764585971832275, 4.18668532371521, 4.1965553760528564, 4.206593751907349, 4.216733455657959, 4.2269697189331055, 4.236792325973511, 4.246888875961304, 4.256970643997192, 4.266963005065918, 4.276958703994751, 4.287054538726807, 4.297125577926636, 4.30715537071228, 4.317235231399536, 4.3273351192474365, 4.337378740310669, 4.34758448600769, 4.357548236846924, 4.367641448974609, 4.37762188911438, 4.387710809707642, 4.397753715515137, 4.4078049659729, 4.417859792709351, 4.427934885025024, 4.438045501708984, 4.44802713394165, 4.45810866355896, 4.468088150024414, 4.478160858154297, 4.4884161949157715, 4.498363256454468, 4.508419752120972, 4.518514156341553, 4.528557300567627, 4.53865385055542, 4.548649549484253, 4.558736801147461, 4.568765878677368, 4.578831434249878, 4.58892822265625, 4.599061727523804, 4.60896897315979, 4.619082927703857, 4.629110813140869, 4.639145851135254, 4.649179458618164, 4.6593005657196045, 4.6694464683532715, 4.67932653427124, 4.68942666053772, 4.699469089508057, 4.709950685501099, 4.719701766967773, 4.7298126220703125, 4.7398786544799805, 4.749959945678711, 4.760010719299316, 4.770436525344849, 4.779994964599609, 4.7901036739349365, 4.800199508666992, 4.8102357387542725, 4.8203277587890625, 4.83031964302063, 4.840315818786621, 4.850468635559082, 4.861125230789185, 4.870878219604492, 4.881036281585693, 4.8911120891571045, 4.901085376739502, 4.911144733428955, 4.921194553375244, 4.931259632110596, 4.94134783744812, 4.951382398605347, 4.961477994918823, 4.971485376358032, 4.9815614223480225, 4.991663932800293, 5.0016701221466064, 5.011716365814209, 5.0218727588653564, 5.031879663467407, 5.041914224624634, 5.051922798156738, 5.062102556228638, 5.072153568267822, 5.082377672195435, 5.0923638343811035, 5.102281093597412, 5.112356424331665, 5.122488260269165, 5.132435083389282, 5.142523288726807, 5.152599811553955, 5.1627020835876465, 5.172719717025757, 5.182802677154541, 5.1928629875183105, 5.2030861377716064, 5.212966680526733, 5.223018646240234, 5.233076572418213, 5.24316143989563, 5.253436803817749, 5.263252258300781, 5.273322582244873, 5.283788681030273, 5.293632984161377, 5.303493499755859, 5.313615322113037, 5.323720693588257, 5.333745241165161, 5.343811273574829, 5.353921890258789, 5.363890886306763, 5.373944997787476, 5.383965015411377, 5.3940675258636475, 5.404064893722534, 5.4141809940338135, 5.424290180206299, 5.434267520904541, 5.444556951522827, 5.4545135498046875, 5.4645750522613525, 5.474530935287476, 5.484652757644653, 5.494779825210571, 5.505014181137085, 5.515044212341309, 5.525108575820923, 5.534994840621948, 5.5450520515441895, 5.555163145065308, 5.565191268920898, 5.575214862823486, 5.585259914398193, 5.595418453216553, 5.60537576675415, 5.615487098693848, 5.62553858757019, 5.6357433795928955, 5.645653486251831, 5.655772686004639, 5.6658055782318115, 5.6758873462677, 5.685916423797607, 5.69596004486084, 5.706293821334839, 5.716200113296509, 5.726351261138916, 5.73616623878479, 5.746241092681885, 5.756346940994263, 5.766395568847656, 5.776429653167725, 5.786717653274536, 5.797234058380127, 5.8071818351745605, 5.817246198654175, 5.827273368835449, 5.8372955322265625, 5.847365379333496, 5.857489585876465, 5.867476940155029, 5.877530813217163, 5.887633323669434, 5.897681474685669, 5.907780647277832, 5.917786121368408, 5.927904844284058, 5.937899112701416, 5.947953939437866, 5.95813512802124, 5.968097448348999, 5.978158473968506, 5.988232135772705, 5.998286962509155, 6.008312225341797, 6.018492698669434, 6.028486013412476, 6.03852653503418, 6.049086332321167, 6.05881929397583, 6.0687079429626465, 6.078782558441162, 6.088891983032227, 6.0989649295806885, 6.108988285064697, 6.1190149784088135, 6.12912392616272, 6.139180898666382, 6.149261474609375, 6.159353971481323, 6.169325590133667, 6.179384231567383, 6.189449787139893, 6.199535131454468, 6.209559917449951, 6.219662666320801, 6.229710578918457, 6.23975682258606, 6.24983811378479, 6.259963750839233, 6.2700488567352295, 6.28001856803894, 6.290057182312012, 6.300053119659424, 6.310218572616577, 6.320258378982544, 6.330261707305908, 6.340319633483887, 6.350550174713135, 6.360494613647461, 6.370479583740234, 6.380604267120361, 6.390685558319092, 6.400675296783447, 6.410777807235718, 6.420793533325195, 6.430899620056152, 6.440916061401367, 6.450924396514893, 6.46114706993103, 6.471097946166992, 6.481104612350464, 6.491233825683594, 6.501248359680176, 6.511296033859253, 6.521393299102783, 6.5313825607299805, 6.5414488315582275, 6.551549911499023, 6.561653137207031, 6.571650266647339, 6.5817577838897705, 6.592154264450073, 6.6019065380096436, 6.611971616744995, 6.622050046920776, 6.632059574127197, 6.642089128494263, 6.65218448638916, 6.662217378616333, 6.67220401763916, 6.682255506515503, 6.692414045333862, 6.70237922668457, 6.71246337890625, 6.722793102264404, 6.732947826385498, 6.742961645126343, 6.752929925918579, 6.762951612472534, 6.773082494735718, 6.783060312271118, 6.793126583099365, 6.8031165599823, 6.813165664672852, 6.8232948780059814, 6.833529710769653, 6.843513488769531, 6.853858470916748, 6.864003419876099, 6.873629808425903, 6.883743524551392, 6.893723249435425, 6.90372371673584], "set_target_data": [{"head": [[0.9821848615045308, 0.1859752838996101, -0.026946087095996468, -0.01638923275274174], [-0.1876956597160817, 0.9778502495850709, -0.09262412596164762, 0.0042023923961972305], [0.009123439870490545, 0.09603167792386913, 0.9953364655633068, 0.018233422854419423], [0.0, 0.0, 0.0, 1.0]], "antennas": [-0.019162997511892814, 0.44184544884475907], "body_yaw": -0.12878280041229254, "check_collision": false}, {"head": [[0.9822901282189751, 0.18542704186663225, -0.026887100032172363, -0.016347955877213126], [-0.18714732429685563, 0.977922571346189, -0.09296947595950972, 0.004214710192194722], [0.009054447088441327, 0.09635484728984067, 0.9953058627334989, 0.018203064664525592], [0.0, 0.0, 0.0, 1.0]], "antennas": [-0.019162997511892814, 0.44184544884475907], "body_yaw": -0.12878280041229254, "check_collision": false}, {"head": [[0.9823031235868592, 0.18535151272572759, -0.026933067441044012, -0.016321948966681862], [-0.18707709952181067, 0.9779304117964164, -0.09302832105438547, 0.004260332609026449], [0.009095725699795824, 0.09642057049185987, 0.9952991215509126, 0.01821877752472678], [0.0, 0.0, 0.0, 1.0]], "antennas": [-0.019162997511892814, 0.44184544884475907], "body_yaw": -0.12878280041229254, "check_collision": false}, {"head": [[0.9823049785442741, 0.18532418222732386, -0.027053218087810853, -0.016338312068086985], [-0.1870593417356298, 0.9779556969707527, -0.09279793872647281, 0.0044213526046496116], [0.009259146643501954, 0.09621643437699708, 0.995317369465243, 0.01817339717394839], [0.0, 0.0, 0.0, 1.0]], "antennas": [-0.019162997511892814, 0.44184544884475907], "body_yaw": -0.12878280041229254, "check_collision": false}, {"head": [[0.9823119574706226, 0.18529528346509225, -0.026997706121535514, -0.016314795704064182], [-0.18702328257079118, 0.9779824900720059, -0.09258801698386737, 0.004423964565565614], [0.009247161006475055, 0.09599951582247712, 0.9953384263531526, 0.018172711169583022], [0.0, 0.0, 0.0, 1.0]], "antennas": [-0.019162997511892814, 0.44184544884475907], "body_yaw": -0.12878280041229254, "check_collision": false}, {"head": [[0.9823041276984951, 0.18534988780010983, -0.026907616003385773, -0.01629357955483808], [-0.18706660152155377, 0.977998756174216, -0.09232832456436557, 0.004415949350824001], [0.009202570384147431, 0.09572801060386299, 0.9953649886770941, 0.01817610191733915], [0.0, 0.0, 0.0, 1.0]], "antennas": [-0.019162997511892814, 0.44184544884475907], "body_yaw": -0.12878280041229254, "check_collision": false}, {"head": [[0.9823113753380429, 0.1853104298745313, -0.026914800040109522, -0.01628579098081128], [-0.18702593314417001, 0.9780275854727625, -0.09210506167345454, 0.004551796306471682], [0.009255388324382448, 0.09550961540093662, 0.9953854786729261, 0.01810629671589087], [0.0, 0.0, 0.0, 1.0]], "antennas": [-0.019162997511892814, 0.44184544884475907], "body_yaw": -0.12878280041229254, "check_collision": false}, {"head": [[0.982331743984316, 0.18520909307920805, -0.026868877935436294, -0.01626351990465502], [-0.1869195642164421, 0.9780589525247853, -0.09198783560479636, 0.004537617462213546], [0.009242363002365524, 0.09538488992967871, 0.9953975595204337, 0.018107792268589606], [0.0, 0.0, 0.0, 1.0]], "antennas": [-0.019162997511892814, 0.44184544884475907], "body_yaw": -0.12878280041229254, "check_collision": false}, {"head": [[0.982357303418302, 0.18507788805852332, -0.026838475599752373, -0.01625033287773859], [-0.1867862915720631, 0.9780817509234729, -0.09201613875418366, 0.00463181165563652], [0.009220070578798359, 0.09540578526624924, 0.9953957637222753, 0.0180490007851849], [0.0, 0.0, 0.0, 1.0]], "antennas": [-0.019162997511892814, 0.44184544884475907], "body_yaw": -0.12878280041229254, "check_collision": false}, {"head": [[0.9823739480805475, 0.18500340151813996, -0.026742616913004252, -0.016210398007965116], [-0.18670431312645888, 0.9780837279445292, -0.09216138339949786, 0.004641185636321252], [0.009106349027739076, 0.09552990399267622, 0.9953849063807101, 0.018008036118295045], [0.0, 0.0, 0.0, 1.0]], "antennas": [-0.019162997511892814, 0.44184544884475907], "body_yaw": -0.12878280041229254, "check_collision": false}, {"head": [[0.9823968042801613, 0.18490105403203702, -0.026610508412430053, -0.01617608956300181], [-0.18659050316541645, 0.978098003761844, -0.09224033372431172, 0.004628581219226477], [0.008972350227393509, 0.09558187723066229, 0.9953811338760945, 0.017994013036387035], [0.0, 0.0, 0.0, 1.0]], "antennas": [-0.019162997511892814, 0.44184544884475907], "body_yaw": -0.12878280041229254, "check_collision": false}, {"head": [[0.9823902619920104, 0.18496163350445932, -0.026430423277567477, -0.016140769810760926], [-0.18663294436305244, 0.9780969362761873, -0.09216576004956485, 0.00461404854313642], [0.008804386500324021, 0.09547553287883896, 0.9953928397370834, 0.01797824978357282], [0.0, 0.0, 0.0, 1.0]], "antennas": [-0.019162997511892814, 0.44184544884475907], "body_yaw": -0.12878280041229254, "check_collision": false}, {"head": [[0.9823952994988087, 0.18496410777555203, -0.026225071161774333, -0.01603029525129672], [-0.18661536423983197, 0.9781050489424815, -0.09211524880746237, 0.0044980987552137724], [0.008612859704012085, 0.0953875886476843, 0.9954029468409762, 0.017953943390775218], [0.0, 0.0, 0.0, 1.0]], "antennas": [-0.019162997511892814, 0.44184544884475907], "body_yaw": -0.12878280041229254, "check_collision": false}, {"head": [[0.9823849272073558, 0.18503842410275662, -0.02608900920630426, -0.015991521706446864], [-0.18667545912941397, 0.978103708840921, -0.09200765028223146, 0.00446709787598739], [0.00849280605104947, 0.09525710659684816, 0.9954164735868982, 0.01794256413065759], [0.0, 0.0, 0.0, 1.0]], "antennas": [-0.019162997511892814, 0.44184544884475907], "body_yaw": -0.12878280041229254, "check_collision": false}, {"head": [[0.9823747479466702, 0.18508183184447463, -0.026164290890626045, -0.015997651464251417], [-0.1867245235253227, 0.9781088242457431, -0.09185358047921031, 0.004501499887399837], [0.008591094863687728, 0.09512015272119352, 0.9954287265471795, 0.01797320113794615], [0.0, 0.0, 0.0, 1.0]], "antennas": [-0.019162997511892814, 0.44184544884475907], "body_yaw": -0.12878280041229254, "check_collision": false}, {"head": [[0.9823750385060354, 0.18506195616555118, -0.026293651333457443, -0.01597590051240795], [-0.18671770715339067, 0.9781030001222102, -0.09192942394746409, 0.004468195898777418], [0.008705260228532104, 0.09521866167990153, 0.9954183165444778, 0.018036291870137833], [0.0, 0.0, 0.0, 1.0]], "antennas": [-0.019162997511892814, 0.44184544884475907], "body_yaw": -0.12878280041229254, "check_collision": false}, {"head": [[0.9823712312220688, 0.18507669949273994, -0.026332097753703307, -0.015948629187886483], [-0.186735761366033, 0.9781026215702678, -0.09189677417851692, 0.004433235271606637], [0.008747542185352205, 0.09519389151748868, 0.9954203150044066, 0.018048264213539444], [0.0, 0.0, 0.0, 1.0]], "antennas": [-0.019162997511892814, 0.44184544884475907], "body_yaw": -0.12878280041229254, "check_collision": false}, {"head": [[0.9823642289402744, 0.1851254301826872, -0.026250653291965596, -0.0159179089613479], [-0.18677522129117133, 0.9781091387939342, -0.09174709433776133, 0.004395337383109894], [0.008691283576892972, 0.09503203516427024, 0.9954362731397338, 0.01805898048036353], [0.0, 0.0, 0.0, 1.0]], "antennas": [-0.019162997511892814, 0.44184544884475907], "body_yaw": -0.12878280041229254, "check_collision": false}, {"head": [[0.9823195546677475, 0.18537814027268995, -0.02613881455609595, -0.01589249803914153], [-0.18701323788076124, 0.9780958728365255, -0.09140302181826301, 0.0044606371465865415], [0.008622144438183044, 0.09467528003230277, 0.9954708684718467, 0.018093014360154203], [0.0, 0.0, 0.0, 1.0]], "antennas": [-0.019162997511892814, 0.44184544884475907], "body_yaw": -0.12878280041229254, "check_collision": false}, {"head": [[0.9823004496912995, 0.1854863354190368, -0.026089191422643557, -0.01580914693231087], [-0.18711490251173496, 0.9780912336425116, -0.09124446246043412, 0.00435725337761041], [0.008593008454243274, 0.09451115301638328, 0.9954867162153491, 0.017999518630001876], [0.0, 0.0, 0.0, 1.0]], "antennas": [-0.019162997511892814, 0.44184544884475907], "body_yaw": -0.12878280041229254, "check_collision": false}, {"head": [[0.9823068055384775, 0.1854613275933863, -0.02602759612584759, -0.015771837138915334], [-0.18708278266112605, 0.9781125347560057, -0.09108184113725062, 0.0043208092903006395], [0.00856575884329397, 0.09433962751929928, 0.9955032207155124, 0.017991398538189596], [0.0, 0.0, 0.0, 1.0]], "antennas": [-0.019162997511892814, 0.44184544884475907], "body_yaw": -0.12878280041229254, "check_collision": false}, {"head": [[0.9822999344717693, 0.18550967864827286, -0.025942202384769193, -0.01572059756723322], [-0.18712120699560827, 0.9781233115592735, -0.09088696978570279, 0.004396128870179154], [0.008514260347470317, 0.0941326006871959, 0.9955232598280166, 0.01790563980280957], [0.0, 0.0, 0.0, 1.0]], "antennas": [-0.019162997511892814, 0.44184544884475907], "body_yaw": -0.12878280041229254, "check_collision": false}, {"head": [[0.9823072735262598, 0.18548331604780915, -0.025852656445989098, -0.015680235252437492], [-0.18708539514432254, 0.9781425464056291, -0.09075358855055987, 0.004358724317704853], [0.008454306659833346, 0.09398456457855275, 0.9955377573552303, 0.017883823779786034], [0.0, 0.0, 0.0, 1.0]], "antennas": [-0.019162997511892814, 0.44184544884475907], "body_yaw": -0.12878280041229254, "check_collision": false}, {"head": [[0.9823003737605788, 0.18553393483074976, -0.025751402603468143, -0.015708367575715025], [-0.18712525958578197, 0.9781462052474128, -0.09063188393186715, 0.004533629434519272], [0.008373346689377599, 0.09384647135777048, 0.9955514687242012, 0.017828698598657433], [0.0, 0.0, 0.0, 1.0]], "antennas": [-0.019162997511892814, 0.44184544884475907], "body_yaw": -0.12878280041229254, "check_collision": false}, {"head": [[0.9823196825939551, 0.18546889675020323, -0.025481945113623228, -0.015667548780785568], [-0.187035851119204, 0.9781560134119905, -0.090710549673545, 0.004498047997292077], [0.008101332274767949, 0.09387279565573928, 0.995551237582049, 0.017808704237858075], [0.0, 0.0, 0.0, 1.0]], "antennas": [-0.019162997511892814, 0.44184544884475907], "body_yaw": -0.12878280041229254, "check_collision": false}, {"head": [[0.9823016819635204, 0.18558814529953652, -0.025307033329037942, -0.01565662567516664], [-0.18713848567112581, 0.9781327468638434, -0.0907497476211933, 0.00435948591323379], [0.00791156067768843, 0.09387954962008803, 0.9955521268978199, 0.017789765979667638], [0.0, 0.0, 0.0, 1.0]], "antennas": [-0.019162997511892814, 0.44184544884475907], "body_yaw": -0.12878280041229254, "check_collision": false}, {"head": [[0.9822420339037958, 0.1859231663935767, -0.02516273098693441, -0.015626177825749193], [-0.18745782077424156, 0.9780801274250548, -0.09065776175684506, 0.00430977949513095], [0.007755789006076047, 0.09376481501274844, 0.9955641652864562, 0.01775260575921095], [0.0, 0.0, 0.0, 1.0]], "antennas": [-0.019162997511892814, 0.44184544884475907], "body_yaw": -0.12878280041229254, "check_collision": false}, {"head": [[0.9821849334737467, 0.1862591538588337, -0.02490550262418587, -0.015535844399310944], [-0.18776708966376174, 0.9780352937933727, -0.09050129354717605, 0.0041237191930295], [0.007501766216890301, 0.09356544072627769, 0.995584869212728, 0.017812015996795716], [0.0, 0.0, 0.0, 1.0]], "antennas": [-0.019162997511892814, 0.44184544884475907], "body_yaw": -0.12878280041229254, "check_collision": false}, {"head": [[0.9821557804382266, 0.18643238641861043, -0.024758599436152794, -0.01551048670496615], [-0.1879251650465531, 0.9780134442455868, -0.09040926510657073, 0.004067736131425328], [0.007359028061077848, 0.09344874621495101, 0.9955968945998425, 0.017778246576706846], [0.0, 0.0, 0.0, 1.0]], "antennas": [-0.019162997511892814, 0.44184544884475907], "body_yaw": -0.12878280041229254, "check_collision": false}, {"head": [[0.982130509148825, 0.18656828249550408, -0.02473740014123052, -0.015517089430739721], [-0.18805742061502187, 0.9780016290045139, -0.09026195331446055, 0.004007981160194352], [0.007353200030891667, 0.09330106982878011, 0.9956107878172629, 0.017829291441885442], [0.0, 0.0, 0.0, 1.0]], "antennas": [-0.019162997511892814, 0.44184544884475907], "body_yaw": -0.12878280041229254, "check_collision": false}, {"head": [[0.982118636415101, 0.186655285847875, -0.024551746805298785, -0.015490191109385648], [-0.1881247969249184, 0.9780134260021351, -0.08999332942793713, 0.003950471673803475], [0.007214207378613648, 0.09300291836611942, 0.9956397000859719, 0.01781028111218408], [0.0, 0.0, 0.0, 1.0]], "antennas": [-0.019162997511892814, 0.44184544884475907], "body_yaw": -0.12878280041229254, "check_collision": false}, {"head": [[0.9821098880885317, 0.18671956696211975, -0.024412517940794527, -0.015435801403210013], [-0.18817430252227998, 0.978023996903136, -0.08977468101790981, 0.004046540125232291], [0.007113338807098831, 0.09276241046400471, 0.9956628624267968, 0.017849404226407295], [0.0, 0.0, 0.0, 1.0]], "antennas": [-0.019162997511892814, 0.44184544884475907], "body_yaw": -0.12878280041229254, "check_collision": false}, {"head": [[0.9820591943889417, 0.18705851837958098, -0.023850564307345185, -0.01540067534186917], [-0.1884585417019921, 0.977985904297025, -0.08959324224454, 0.003998625666647257], [0.006566336551026789, 0.09248070986949812, 0.9956928248844281, 0.017822305271759653], [0.0, 0.0, 0.0, 1.0]], "antennas": [-0.019162997511892814, 0.44184544884475907], "body_yaw": -0.12878280041229254, "check_collision": false}, {"head": [[0.9820157702998951, 0.18731831778027158, -0.023598192860329423, -0.015347090631146133], [-0.18869379724841395, 0.9779424045484734, -0.0895728991711489, 0.0039040480942961926], [0.006299028677387679, 0.09241483219656656, 0.995700668387745, 0.017718377254977435], [0.0, 0.0, 0.0, 1.0]], "antennas": [-0.019162997511892814, 0.44184544884475907], "body_yaw": -0.12878280041229254, "check_collision": false}, {"head": [[0.981989720223439, 0.18746315186076912, -0.02353202222331087, -0.015285396587885601], [-0.188828317893872, 0.977968552346589, -0.08900211785394818, 0.003839887351267387], [0.006328960172334331, 0.09184267698376111, 0.9957534167391009, 0.01768742600176698], [0.0, 0.0, 0.0, 1.0]], "antennas": [-0.019162997511892814, 0.44184544884475907], "body_yaw": -0.12878280041229254, "check_collision": false}, {"head": [[0.9819981141349053, 0.18746897653630062, -0.023131940513521663, -0.015161865659950806], [-0.18879857693568025, 0.9779560053925431, -0.0892028523295195, 0.003935163147166139], [0.005899252711247797, 0.09196431021375631, 0.9957448289920248, 0.017519052593110485], [0.0, 0.0, 0.0, 1.0]], "antennas": [-0.019162997511892814, 0.44184544884475907], "body_yaw": -0.12878280041229254, "check_collision": false}, {"head": [[0.9820271880114898, 0.18734680767616374, -0.022886145586282283, -0.015083303818354115], [-0.18865379819657396, 0.9779921156139703, -0.08911322136987863, 0.003886210574917278], [0.005687392394791482, 0.09182916448743923, 0.9957585340419064, 0.017474413619534723], [0.0, 0.0, 0.0, 1.0]], "antennas": [-0.019162997511892814, 0.44184544884475907], "body_yaw": -0.12878280041229254, "check_collision": false}, {"head": [[0.9820160504327351, 0.18741218360021758, -0.022828712856625924, -0.015028990606536908], [-0.18871292974460355, 0.9779919885202323, -0.08898932822226614, 0.0040018802138940615], [0.005648613962757612, 0.09169702191696429, 0.995770932158526, 0.017378494250438192], [0.0, 0.0, 0.0, 1.0]], "antennas": [-0.019162997511892814, 0.44184544884475907], "body_yaw": -0.12878280041229254, "check_collision": false}, {"head": [[0.9820144293792946, 0.18743269034994317, -0.022729871953900516, -0.014945504206064192], [-0.1887240600500125, 0.9779935713102644, -0.08894832001805338, 0.00396998675059753], [0.005557845724528734, 0.0916382074463326, 0.9957768571758059, 0.017341192993178767], [0.0, 0.0, 0.0, 1.0]], "antennas": [-0.019162997511892814, 0.44184544884475907], "body_yaw": -0.12878280041229254, "check_collision": false}, {"head": [[0.9819849321424732, 0.18759230156424309, -0.02268747317291108, -0.014989241163521363], [-0.18887739030993236, 0.9779924386563407, -0.08863476383864495, 0.004101166531451591], [0.00556097786823106, 0.09132315327918199, 0.995805782871487, 0.0172366649564637], [0.0, 0.0, 0.0, 1.0]], "antennas": [-0.019162997511892814, 0.44184544884475907], "body_yaw": -0.12878280041229254, "check_collision": false}, {"head": [[0.9819838933860976, 0.1876175792320505, -0.022522812732581974, -0.014934394310419024], [-0.1888868716820504, 0.9780015592927989, -0.08851383918361506, 0.004059012791370206], [0.005420593735959999, 0.0911734280586153, 0.9958202765457181, 0.017218471810342473], [0.0, 0.0, 0.0, 1.0]], "antennas": [-0.019162997511892814, 0.44184544884475907], "body_yaw": -0.12878280041229254, "check_collision": false}, {"head": [[0.9819950522645863, 0.1875630304732785, -0.022490596424999933, -0.014879299798573168], [-0.18882969126280208, 0.9780111862028649, -0.08852947170100967, 0.004044592197416638], [0.005391198889584373, 0.09118239556923824, 0.9958196150472172, 0.017181802012605718], [0.0, 0.0, 0.0, 1.0]], "antennas": [-0.019162997511892814, 0.44184544884475907], "body_yaw": -0.12878280041229254, "check_collision": false}, {"head": [[0.9819971360913271, 0.1875725476610191, -0.02231958943140755, -0.014818195924932755], [-0.1888236649359365, 0.9780108465194411, -0.08854607642627484, 0.0039891925556022785], [0.005219987413113591, 0.09116646013902942, 0.9958219862390697, 0.01717627910384978], [0.0, 0.0, 0.0, 1.0]], "antennas": [-0.019162997511892814, 0.44184544884475907], "body_yaw": -0.12878280041229254, "check_collision": false}, {"head": [[0.9820087048454684, 0.1875346587941633, -0.022128157598010928, -0.01467159584728089], [-0.18876732473396574, 0.9780422740812555, -0.08831878182327838, 0.004179936024522768], [0.005079440964042359, 0.09090688566287519, 0.9958464426901217, 0.01716712441784235], [0.0, 0.0, 0.0, 1.0]], "antennas": [-0.019162997511892814, 0.44184544884475907], "body_yaw": -0.12878280041229254, "check_collision": false}, {"head": [[0.9820071473572347, 0.18756209179084798, -0.021964158585016595, -0.014596549904956685], [-0.18877904809542911, 0.9780526067626687, -0.088179189182778, 0.004136256824731184], [0.004943029383881374, 0.09073896697555023, 0.9958624434793794, 0.017174457066900295], [0.0, 0.0, 0.0, 1.0]], "antennas": [-0.019162997511892814, 0.44184544884475907], "body_yaw": -0.12878280041229254, "check_collision": false}, {"head": [[0.9820001419269284, 0.1875919531926063, -0.02202226947606154, -0.01451701503909784], [-0.18881252300102486, 0.9780736096310902, -0.08787403086918205, 0.004223852838688459], [0.005054939513062849, 0.09045039104721167, 0.9958881334496995, 0.0171453606291585], [0.0, 0.0, 0.0, 1.0]], "antennas": [-0.019162997511892814, 0.44184544884475907], "body_yaw": -0.12878280041229254, "check_collision": false}, {"head": [[0.9820008436806714, 0.18760173886455586, -0.02190731807968524, -0.014449461733898715], [-0.18881078895003708, 0.9780934527204644, -0.0876566239449435, 0.0041912965022107215], [0.004982869305336925, 0.09021521667853866, 0.9959098280934526, 0.017158285127575557], [0.0, 0.0, 0.0, 1.0]], "antennas": [-0.019162997511892814, 0.44184544884475907], "body_yaw": -0.12878280041229254, "check_collision": false}, {"head": [[0.98199970974678, 0.18760680746050792, -0.021914740512180324, -0.014362912665202449], [-0.1888158018064621, 0.9781050569906605, -0.08751622979470654, 0.004187059477813202], [0.005016278044836595, 0.0900787615577222, 0.9959220118416925, 0.017035322870510794], [0.0, 0.0, 0.0, 1.0]], "antennas": [-0.019162997511892814, 0.44184544884475907], "body_yaw": -0.12878280041229254, "check_collision": false}, {"head": [[0.9820058158971957, 0.18758171547304892, -0.02185583593165035, -0.01429915572483478], [-0.18878484832540426, 0.9781227534638673, -0.08738512573096703, 0.004157786696800399], [0.004985838629277503, 0.08993875236209885, 0.9959348182670953, 0.017039159760708078], [0.0, 0.0, 0.0, 1.0]], "antennas": [-0.019162997511892814, 0.44184544884475907], "body_yaw": -0.12878280041229254, "check_collision": false}, {"head": [[0.9819965009627512, 0.18763394999881433, -0.02182596858689415, -0.014253947267670987], [-0.18883342103476036, 0.9781271389467102, -0.08723095297101914, 0.004132717811322996], [0.004981083940526414, 0.08978196290884753, 0.9959489886229174, 0.016899840842971525], [0.0, 0.0, 0.0, 1.0]], "antennas": [-0.019162997511892814, 0.44184544884475907], "body_yaw": -0.12878280041229254, "check_collision": false}, {"head": [[0.9820025454570229, 0.18760955194352366, -0.021763656298470005, -0.014189222723054768], [-0.188803009182718, 0.9781422812816619, -0.08712692633541376, 0.004098971281844298], [0.004942108808812094, 0.0896679072391924, 0.99595945799609, 0.01688303394417734], [0.0, 0.0, 0.0, 1.0]], "antennas": [-0.019162997511892814, 0.44184544884475907], "body_yaw": -0.12878280041229254, "check_collision": false}, {"head": [[0.9820121066421067, 0.1875533345794885, -0.02181671598675996, -0.014107107659593358], [-0.18875140293181217, 0.9781587667848922, -0.08705363205020325, 0.00402988808702515], [0.005013013026633905, 0.08960565635033271, 0.9959647062272948, 0.016910714086416423], [0.0, 0.0, 0.0, 1.0]], "antennas": [-0.019162997511892814, 0.44184544884475907], "body_yaw": -0.12878280041229254, "check_collision": false}, {"head": [[0.9819783271460406, 0.18773053696181294, -0.021813081109573675, -0.014049353471901924], [-0.18892617529094838, 0.9781498646815483, -0.08677408895172814, 0.003976398223910691], [0.005046316022337086, 0.08933133669378271, 0.9959891801516242, 0.01688037770803602], [0.0, 0.0, 0.0, 1.0]], "antennas": [-0.019162997511892814, 0.44184544884475907], "body_yaw": -0.12878280041229254, "check_collision": false}, {"head": [[0.9819703925383475, 0.18777049380265193, -0.02182635643418165, -0.014032934316530101], [-0.18896566318950925, 0.978168250819021, -0.08648035167022416, 0.00401727121685172], [0.005111390557630966, 0.08904557679506012, 0.9960144371141426, 0.016982104432761436], [0.0, 0.0, 0.0, 1.0]], "antennas": [-0.019162997511892814, 0.44184544884475907], "body_yaw": -0.12878280041229254, "check_collision": false}, {"head": [[0.9819404370003101, 0.18793254422462685, -0.02177927925572439, -0.013981074490778327], [-0.1891216654035301, 0.9781593925116571, -0.08623919361996168, 0.003962039591514699], [0.005096455497241496, 0.08880068503387067, 0.9960363770861383, 0.016960866415772158], [0.0, 0.0, 0.0, 1.0]], "antennas": [-0.019162997511892814, 0.44184544884475907], "body_yaw": -0.12878280041229254, "check_collision": false}, {"head": [[0.9819614856626718, 0.18783783206897162, -0.02164692862247978, -0.013936909484506857], [-0.18901501879703267, 0.9781896287970163, -0.08612997610073013, 0.004085822830418962], [0.00499633308690552, 0.08866791391243943, 0.9960487125126464, 0.016933764866803924], [0.0, 0.0, 0.0, 1.0]], "antennas": [-0.019162997511892814, 0.44184544884475907], "body_yaw": -0.12878280041229254, "check_collision": false}, {"head": [[0.9819743813528437, 0.1877923328920776, -0.021455863386287025, -0.013887918106907036], [-0.1889529827940045, 0.9781974530395544, -0.08617721949667081, 0.004046058523309821], [0.00480464982579815, 0.08867797118721116, 0.9960487602352465, 0.01692664600558408], [0.0, 0.0, 0.0, 1.0]], "antennas": [-0.019162997511892814, 0.44184544884475907], "body_yaw": -0.12878280041229254, "check_collision": false}, {"head": [[0.9819741294733971, 0.18781097909560474, -0.021303642320370818, -0.01375142295079706], [-0.18895852760698417, 0.9781875310642058, -0.08627762696733239, 0.003963717743093544], [0.004635071689258412, 0.08874790251979982, 0.9960433353568365, 0.016925916489671677], [0.0, 0.0, 0.0, 1.0]], "antennas": [-0.019162997511892814, 0.44184544884475907], "body_yaw": -0.12878280041229254, "check_collision": false}, {"head": [[0.9819893676786471, 0.18775417840538886, -0.021100953945458648, -0.013695044148585451], [-0.1888840372121274, 0.9782003886149638, -0.0862949604552982, 0.003930676452855313], [0.004438721948784065, 0.08872636702159754, 0.996046148299671, 0.016921945351393408], [0.0, 0.0, 0.0, 1.0]], "antennas": [-0.019162997511892814, 0.44184544884475907], "body_yaw": -0.12878280041229254, "check_collision": false}, {"head": [[0.9820048858461615, 0.18770440213945805, -0.02081974043392053, -0.01360560650242296], [-0.18880918754277753, 0.978221562093871, -0.08621871115983615, 0.003840652363805739], [0.0041826873781670056, 0.08859815388649811, 0.9960586690823995, 0.016940150260419173], [0.0, 0.0, 0.0, 1.0]], "antennas": [-0.019162997511892814, 0.44184544884475907], "body_yaw": -0.12878280041229254, "check_collision": false}, {"head": [[0.9820613352711646, 0.18744022426015386, -0.020535240313188027, -0.013560438330789532], [-0.18852147138460115, 0.9782625796384243, -0.08638275352268199, 0.003821264776605833], [0.003897254469773178, 0.08870449598796357, 0.9960503620797088, 0.016943564729361205], [0.0, 0.0, 0.0, 1.0]], "antennas": [-0.019162997511892814, 0.44184544884475907], "body_yaw": -0.12878280041229254, "check_collision": false}, {"head": [[0.9821430790233123, 0.18703756332574936, -0.02029586735702373, -0.013537127306818253], [-0.18810108780748727, 0.9782963752118009, -0.08691480318732271, 0.003717001639182458], [0.0035990404620619143, 0.08918044714295496, 0.9960089832702991, 0.016826994079009838], [0.0, 0.0, 0.0, 1.0]], "antennas": [-0.019162997511892814, 0.44184544884475907], "body_yaw": -0.12878280041229254, "check_collision": false}, {"head": [[0.98218974826285, 0.1867894602664947, -0.02032230156038731, -0.013505274755896305], [-0.1878575078883035, 0.9783139126598543, -0.08724359590344254, 0.003688694151740321], [0.0035854061632837712, 0.08950746242363695, 0.995979698102891, 0.016815204520674143], [0.0, 0.0, 0.0, 1.0]], "antennas": [-0.019162997511892814, 0.44184544884475907], "body_yaw": -0.12878280041229254, "check_collision": false}, {"head": [[0.9821699608417884, 0.18691047968329239, -0.020165331750337193, -0.013463291969545155], [-0.18796407717342034, 0.9782914636319595, -0.08726578869856604, 0.0036522412343109635], [0.0034166814870715823, 0.08950019424224641, 0.995980944354969, 0.016733518043591022], [0.0, 0.0, 0.0, 1.0]], "antennas": [-0.019162997511892814, 0.44184544884475907], "body_yaw": -0.12878280041229254, "check_collision": false}, {"head": [[0.9821854105753285, 0.18683336715276014, -0.020127398523774452, -0