{"description": "A longer version of reprimand1, used when you\u2019re getting angry at someone.", "time": [0.0, 0.010070085525512695, 0.020112991333007812, 0.030159711837768555, 0.04023313522338867, 0.050582170486450195, 0.06033968925476074, 0.07036757469177246, 0.08048295974731445, 0.09056735038757324, 0.10071635246276855, 0.1106412410736084, 0.12085366249084473, 0.13121271133422852, 0.1410984992980957, 0.15125441551208496, 0.16129302978515625, 0.17139935493469238, 0.18142485618591309, 0.19146442413330078, 0.20162367820739746, 0.21166658401489258, 0.22229313850402832, 0.2318284511566162, 0.2419452667236328, 0.2517726421356201, 0.2621786594390869, 0.272296667098999, 0.2819690704345703, 0.2919645309448242, 0.3019728660583496, 0.31246018409729004, 0.32233762741088867, 0.3321845531463623, 0.3424074649810791, 0.35276079177856445, 0.3628263473510742, 0.37264084815979004, 0.3824729919433594, 0.39255690574645996, 0.40256690979003906, 0.4127175807952881, 0.4231147766113281, 0.4333064556121826, 0.44339752197265625, 0.4533982276916504, 0.4633677005767822, 0.47336840629577637, 0.48349738121032715, 0.4936032295227051, 0.5035555362701416, 0.5137443542480469, 0.5237295627593994, 0.5337741374969482, 0.543834924697876, 0.554140567779541, 0.5639424324035645, 0.5741558074951172, 0.5841047763824463, 0.5941472053527832, 0.604381799697876, 0.6144843101501465, 0.6245427131652832, 0.6343839168548584, 0.644434928894043, 0.6550312042236328, 0.6646633148193359, 0.6746463775634766, 0.6849479675292969, 0.6947574615478516, 0.7048287391662598, 0.7148997783660889, 0.7249374389648438, 0.7350225448608398, 0.7450497150421143, 0.7553303241729736, 0.7652969360351562, 0.7753887176513672, 0.785362958908081, 0.7954225540161133, 0.805427074432373, 0.8154749870300293, 0.8255419731140137, 0.8355801105499268, 0.8456745147705078, 0.8557651042938232, 0.8657491207122803, 0.8758208751678467, 0.8859052658081055, 0.8959465026855469, 0.9060194492340088, 0.9161291122436523, 0.9261815547943115, 0.936225414276123, 0.9463224411010742, 0.9563584327697754, 0.9663586616516113, 0.9764614105224609, 0.9865224361419678, 0.9966797828674316, 1.0068161487579346, 1.0169956684112549, 1.0269646644592285, 1.0368072986602783, 1.0468738079071045, 1.056910514831543, 1.06693434715271, 1.0770149230957031, 1.0872447490692139, 1.0971288681030273, 1.1072077751159668, 1.1173055171966553, 1.1273095607757568, 1.1374075412750244, 1.147533655166626, 1.157498836517334, 1.1674761772155762, 1.177617073059082, 1.1876499652862549, 1.1976850032806396, 1.20784330368042, 1.2178540229797363, 1.2279181480407715, 1.2379658222198486, 1.2481136322021484, 1.258145809173584, 1.268153190612793, 1.2782795429229736, 1.2883334159851074, 1.2983348369598389, 1.3085567951202393, 1.3184716701507568, 1.3284590244293213, 1.33851957321167, 1.3487191200256348, 1.3588457107543945, 1.3687663078308105, 1.379127025604248, 1.389113426208496, 1.3989448547363281, 1.4090766906738281, 1.4190707206726074, 1.4291331768035889, 1.4392778873443604, 1.449265718460083, 1.4593007564544678, 1.4693844318389893, 1.4796323776245117, 1.4897501468658447, 1.4997539520263672, 1.5098583698272705, 1.5198991298675537, 1.5300006866455078, 1.5400490760803223, 1.550422191619873, 1.5602285861968994, 1.570185899734497, 1.5802597999572754, 1.590311050415039, 1.6003503799438477, 1.6104226112365723, 1.6204371452331543, 1.6304500102996826, 1.640514850616455, 1.6505577564239502, 1.6608021259307861, 1.6706969738006592, 1.6808340549468994, 1.6908884048461914, 1.7008957862854004, 1.711007833480835, 1.721008539199829, 1.7310576438903809, 1.7411692142486572, 1.7512056827545166, 1.7613189220428467, 1.7713046073913574, 1.7814218997955322, 1.7914819717407227, 1.8014936447143555, 1.8116168975830078, 1.8217179775238037, 1.831632137298584, 1.8417620658874512, 1.8517813682556152, 1.86183500289917, 1.8719284534454346, 1.8820631504058838, 1.8920319080352783, 1.9021456241607666, 1.912247896194458, 1.9222805500030518, 1.9322047233581543, 1.9423677921295166, 1.9523825645446777, 1.9626314640045166, 1.972564458847046, 1.9827241897583008, 1.9928982257843018, 2.0026402473449707, 2.012755870819092, 2.022799015045166, 2.0328445434570312, 2.043703079223633, 2.053170919418335, 2.063170909881592, 2.073120355606079, 2.0832831859588623, 2.0932679176330566, 2.1032824516296387, 2.1134238243103027, 2.12357234954834, 2.133453845977783, 2.143587827682495, 2.153637647628784, 2.1637015342712402, 2.1737253665924072, 2.18381929397583, 2.1938695907592773, 2.20396089553833, 2.2139902114868164, 2.2241268157958984, 2.2340915203094482, 2.2442052364349365, 2.254366874694824, 2.2643191814422607, 2.2744834423065186, 2.284477472305298, 2.2945754528045654, 2.3045871257781982, 2.3145835399627686, 2.3247008323669434, 2.334725856781006, 2.3449034690856934, 2.354983329772949, 2.365241050720215, 2.3751468658447266, 2.385112762451172, 2.395451784133911, 2.405956268310547, 2.416055917739868, 2.4257640838623047, 2.435732841491699, 2.445716381072998, 2.4557998180389404, 2.4658467769622803, 2.475966691970825, 2.4859468936920166, 2.496018171310425, 2.5060923099517822, 2.51623272895813, 2.5263054370880127, 2.536451816558838, 2.546560525894165, 2.5564911365509033, 2.566387176513672, 2.5764758586883545, 2.586608648300171, 2.5966103076934814, 2.6066806316375732, 2.616870641708374, 2.6267669200897217, 2.636824369430542, 2.6469194889068604, 2.6569933891296387, 2.6669912338256836, 2.677133798599243, 2.687213659286499, 2.6972405910491943, 2.707329034805298, 2.7173638343811035, 2.7274177074432373, 2.7374427318573, 2.7475199699401855, 2.75830340385437, 2.768073797225952, 2.7778122425079346, 2.787905693054199, 2.7978882789611816, 2.80798602104187, 2.818018674850464, 2.8281052112579346, 2.8381617069244385, 2.8481969833374023, 2.8582799434661865, 2.8684170246124268, 2.8785080909729004, 2.888479709625244, 2.8984339237213135, 2.9085373878479004, 2.9185805320739746, 2.9286558628082275, 2.9387452602386475, 2.948801279067993, 2.9588205814361572, 2.9689013957977295, 2.9789955615997314, 2.989064931869507, 2.999075412750244, 3.0091965198516846, 3.0192227363586426, 3.029275894165039, 3.039356231689453, 3.0496585369110107, 3.0595991611480713, 3.0694775581359863, 3.079552412033081, 3.089614152908325, 3.0996503829956055, 3.109708070755005, 3.119783639907837, 3.1298208236694336, 3.1400604248046875, 3.1499595642089844, 3.1602470874786377, 3.170389175415039, 3.1805038452148438, 3.190483331680298, 3.2006537914276123, 3.2105841636657715, 3.2206382751464844, 3.2306246757507324, 3.2408061027526855, 3.2508463859558105, 3.2609243392944336, 3.271009683609009, 3.2810754776000977, 3.2911617755889893, 3.3012471199035645, 3.3112785816192627, 3.321197748184204, 3.3311209678649902, 3.34124755859375, 3.351391077041626, 3.3614838123321533, 3.3714308738708496, 3.3816885948181152, 3.3915538787841797, 3.401592493057251, 3.411773920059204, 3.4218087196350098, 3.431804895401001, 3.441964864730835, 3.4520511627197266, 3.4619710445404053, 3.472691774368286, 3.4825141429901123, 3.4927706718444824, 3.5027213096618652, 3.512948989868164, 3.522883892059326, 3.532996892929077, 3.543076276779175, 3.553190231323242, 3.563114643096924, 3.5732293128967285, 3.5832436084747314, 3.593287467956543, 3.6033501625061035, 3.613452196121216, 3.6235599517822266, 3.6334478855133057, 3.6435344219207764, 3.6537444591522217, 3.663642168045044, 3.673924684524536, 3.6838440895080566, 3.6938724517822266, 3.7038865089416504, 3.71407413482666, 3.7243354320526123, 3.7341160774230957, 3.744198799133301, 3.7542998790740967, 3.76434326171875, 3.7744107246398926, 3.784471273422241, 3.7945139408111572, 3.804574966430664, 3.8146140575408936, 3.8247649669647217, 3.8347461223602295, 3.8447933197021484, 3.854900360107422, 3.8649144172668457, 3.8750855922698975, 3.885094165802002, 3.8951058387756348, 3.9051740169525146, 3.915252685546875, 3.92529559135437, 3.935412883758545, 3.9455068111419678, 3.955512762069702, 3.9654598236083984, 3.9756288528442383, 3.9856462478637695, 3.99568247795105, 4.005743741989136, 4.015859842300415, 4.0258567333221436, 4.035934209823608, 4.046019554138184, 4.056162595748901, 4.066151142120361, 4.076183557510376, 4.086270332336426, 4.096317768096924, 4.106396198272705, 4.116474151611328, 4.126588821411133, 4.1365251541137695, 4.146622896194458, 4.156723976135254, 4.166706800460815, 4.176838397979736, 4.186897277832031, 4.196913480758667, 4.2070770263671875, 4.2170751094818115, 4.227142810821533, 4.237173795700073, 4.2473533153533936, 4.257399082183838, 4.267387866973877, 4.277453660964966, 4.287592887878418, 4.29760217666626, 4.30776047706604, 4.318058729171753, 4.328245639801025, 4.338247537612915, 4.3482279777526855, 4.3583948612213135, 4.368198394775391, 4.378269672393799, 4.388307094573975, 4.398622751235962, 4.408953428268433, 4.419362306594849, 4.428600072860718, 4.438601732254028, 4.448652505874634, 4.458672761917114, 4.468981504440308, 4.479210138320923, 4.489257574081421, 4.4988977909088135, 4.5090250968933105, 4.519068717956543, 4.5290796756744385, 4.539179086685181, 4.549221038818359, 4.55927038192749, 4.569360017776489, 4.579421758651733, 4.589460849761963, 4.599499940872192, 4.60953164100647, 4.61963152885437, 4.629645586013794, 4.639781951904297, 4.649781942367554, 4.659860372543335, 4.669922351837158, 4.6802659034729, 4.6901350021362305, 4.7000720500946045, 4.710175514221191, 4.720214605331421, 4.730309963226318, 4.740609407424927, 4.750488042831421, 4.760450839996338, 4.770439386367798, 4.78056001663208, 4.790592432022095, 4.800679445266724, 4.81074070930481, 4.82086443901062, 4.830836296081543, 4.840938091278076, 4.851060152053833, 4.861018657684326, 4.871080160140991, 4.881220579147339, 4.891406059265137, 4.90130090713501, 4.911400079727173, 4.9214768409729, 4.931356191635132, 4.941473007202148, 4.951504945755005, 4.9615747928619385, 4.971732139587402, 4.981673717498779, 4.991761207580566, 5.001946926116943, 5.0119147300720215, 5.021958351135254, 5.032037019729614, 5.042131662368774, 5.052179336547852, 5.062224388122559, 5.072263479232788, 5.082483768463135, 5.092587232589722, 5.102372884750366, 5.112472057342529, 5.122651100158691, 5.132607698440552, 5.142815113067627, 5.15273642539978, 5.162758827209473, 5.1727845668792725, 5.182861566543579, 5.1929521560668945, 5.202985048294067, 5.21316933631897, 5.223152160644531, 5.233188152313232, 5.243374347686768, 5.253569602966309, 5.263414144515991, 5.273708343505859, 5.283631086349487, 5.2935566902160645, 5.3036110401153564, 5.313826322555542, 5.3238043785095215, 5.333764314651489, 5.343855857849121, 5.354399919509888, 5.364124298095703, 5.3741161823272705, 5.384375095367432, 5.394222736358643, 5.404276371002197, 5.414328336715698, 5.424400091171265, 5.434417247772217, 5.444469213485718, 5.454683542251587, 5.4646897315979, 5.47486138343811, 5.485082626342773, 5.495631456375122, 5.504967927932739, 5.514967441558838, 5.525003433227539, 5.535261869430542, 5.545190095901489, 5.555232763290405, 5.565365552902222, 5.57546067237854, 5.585460186004639, 5.595432281494141, 5.605548858642578, 5.615593194961548, 5.625761032104492, 5.635681390762329, 5.645752906799316, 5.655852794647217, 5.6658501625061035, 5.675933837890625, 5.6860291957855225, 5.69605827331543, 5.706108570098877, 5.7161760330200195, 5.7262585163116455, 5.7362611293792725, 5.746336221694946, 5.756455421447754, 5.766419887542725, 5.776504039764404, 5.786623239517212, 5.796774625778198, 5.806791067123413, 5.81684947013855, 5.8268654346466064, 5.836869239807129, 5.846977233886719, 5.857043027877808, 5.867051362991333, 5.877150535583496, 5.887192964553833, 5.897256374359131, 5.907304048538208, 5.917416095733643, 5.927407503128052, 5.937499046325684, 5.947550296783447, 5.957627773284912, 5.967709064483643, 5.977965593338013, 5.9878246784210205, 5.997831583023071, 6.007904291152954, 6.017986297607422, 6.028011083602905, 6.038126468658447, 6.048162221908569, 6.058255672454834, 6.068359851837158, 6.078387022018433, 6.088476657867432, 6.0983991622924805, 6.108530282974243, 6.118704795837402, 6.128690242767334, 6.138752222061157, 6.148778676986694, 6.15883994102478, 6.168821573257446, 6.1789610385894775, 6.189153671264648, 6.1991870403289795, 6.209349155426025, 6.219433546066284, 6.229520082473755, 6.239399671554565, 6.249403715133667, 6.259414911270142, 6.269415378570557, 6.279528617858887, 6.28961443901062, 6.299586296081543, 6.309725999832153, 6.319754600524902, 6.329957962036133, 6.339930295944214, 6.350404977798462, 6.360363006591797, 6.370338439941406, 6.380261182785034, 6.390302419662476, 6.40030574798584, 6.410401344299316, 6.4208984375, 6.43055272102356, 6.44059157371521, 6.4505438804626465, 6.460620164871216, 6.470606327056885, 6.480825662612915, 6.490833759307861, 6.500845432281494, 6.510970115661621, 6.520993709564209, 6.531097412109375, 6.541268348693848, 6.551199197769165, 6.561216354370117, 6.571278810501099, 6.581424236297607, 6.591643571853638, 6.6015355587005615, 6.611586093902588, 6.621667385101318, 6.631597995758057, 6.641681909561157, 6.651809930801392, 6.661860704421997, 6.671942472457886, 6.681948184967041, 6.692079067230225, 6.702162265777588, 6.712210416793823, 6.722230911254883, 6.732216835021973, 6.742332935333252, 6.752413511276245, 6.762482404708862, 6.772440671920776, 6.782510042190552, 6.792579889297485, 6.802633285522461, 6.812739610671997, 6.822810173034668, 6.832789897918701, 6.842884063720703, 6.852977991104126, 6.8633646965026855, 6.873393774032593, 6.883404493331909, 6.893298149108887, 6.903255939483643, 6.913381099700928, 6.92343282699585, 6.933449029922485, 6.94354772567749, 6.953767538070679, 6.963649272918701, 6.973901748657227, 6.983760595321655, 6.993863582611084, 7.003860712051392, 7.014054536819458, 7.024091482162476, 7.03421688079834, 7.044297456741333, 7.054250001907349, 7.064345598220825, 7.074352741241455, 7.084472179412842, 7.094766139984131, 7.104568243026733, 7.1147074699401855, 7.124804973602295, 7.134788513183594, 7.1448705196380615, 7.154954671859741, 7.1649558544158936, 7.175305128097534, 7.185107707977295, 7.195135116577148, 7.205176830291748, 7.215285062789917, 7.225352048873901, 7.235305309295654, 7.245443105697632, 7.2555928230285645, 7.2655439376831055, 7.2756946086883545, 7.285680294036865, 7.2956931591033936, 7.305767059326172, 7.315857172012329, 7.325958490371704, 7.3360817432403564, 7.346434593200684, 7.356458425521851, 7.36658239364624, 7.376368999481201, 7.386339426040649, 7.396485328674316, 7.406454801559448, 7.416546821594238, 7.426637887954712, 7.43656063079834, 7.446657180786133, 7.456796169281006, 7.466695547103882, 7.476822137832642, 7.486814260482788, 7.496881723403931, 7.507330656051636, 7.517481565475464, 7.527572154998779, 7.5376622676849365, 7.547680377960205, 7.557713747024536, 7.5677454471588135, 7.5778796672821045, 7.587887525558472, 7.597907066345215, 7.608121871948242, 7.61808443069458, 7.628225564956665, 7.638357877731323, 7.6484153270721436, 7.658530950546265, 7.6683549880981445, 7.678486108779907, 7.68854284286499, 7.698780536651611, 7.7087743282318115, 7.718717336654663, 7.728744983673096, 7.7388036251068115, 7.748865127563477, 7.759028196334839, 7.768945932388306, 7.779054164886475, 7.789096832275391, 7.799185276031494, 7.8094940185546875, 7.819474935531616, 7.829617500305176, 7.839603424072266, 7.849712371826172, 7.859584331512451, 7.869571685791016, 7.8797523975372314, 7.889800786972046, 7.899799346923828, 7.909926176071167, 7.920069217681885, 7.93021559715271, 7.940090656280518, 7.950164556503296, 7.960274696350098, 7.9702677726745605, 7.980332374572754, 7.990401744842529, 8.000407934188843, 8.010485887527466, 8.020536184310913, 8.030598878860474, 8.040689945220947, 8.050782203674316, 8.060750484466553, 8.070861577987671, 8.080910921096802, 8.09098744392395, 8.101156949996948, 8.111128568649292, 8.121289014816284, 8.13121247291565, 8.141293287277222, 8.151447534561157, 8.161410093307495, 8.171544313430786, 8.18152117729187, 8.191694259643555, 8.201629400253296, 8.211755990982056, 8.22180962562561, 8.231904745101929, 8.24191927909851, 8.25199556350708, 8.262003898620605, 8.27204966545105, 8.282134532928467, 8.292285680770874, 8.302251100540161, 8.312331438064575, 8.322361946105957, 8.332442998886108, 8.342536687850952, 8.35271430015564, 8.362680912017822, 8.372703313827515, 8.38280963897705, 8.39281177520752, 8.40286898612976, 8.413585424423218, 8.423471450805664, 8.4329833984375, 8.443265676498413, 8.453292608261108, 8.4632568359375, 8.473327398300171, 8.483427286148071, 8.493490934371948, 8.503435134887695, 8.513563394546509, 8.523620843887329, 8.533693075180054, 8.543826580047607, 8.553843259811401, 8.563882112503052, 8.574127435684204, 8.584209680557251, 8.594108581542969, 8.604138612747192, 8.614492893218994, 8.624348163604736, 8.634361505508423, 8.644387245178223, 8.654478311538696, 8.664451360702515, 8.674527406692505, 8.684864044189453, 8.694835186004639, 8.704763650894165, 8.714897632598877, 8.72486162185669, 8.734898328781128, 8.74502444267273, 8.755115032196045, 8.765166521072388, 8.775203466415405, 8.785281896591187, 8.795313358306885, 8.805529832839966, 8.815593242645264, 8.8256676197052, 8.83560037612915, 8.845683336257935, 8.855879783630371, 8.865923166275024, 8.875818014144897, 8.885906457901001, 8.895910501480103, 8.905946254730225, 8.91611623764038, 8.926111459732056, 8.936278104782104, 8.946279764175415, 8.95633053779602, 8.966325283050537, 8.976523637771606, 8.986488103866577, 8.996530771255493, 9.006629705429077, 9.016654968261719, 9.026681661605835, 9.036751747131348, 9.046895265579224, 9.05694580078125, 9.066943407058716, 9.077006578445435, 9.087084293365479, 9.097140073776245, 9.10743498802185, 9.117348194122314, 9.127415895462036, 9.137451171875, 9.147517919540405, 9.157490491867065, 9.167491674423218, 9.177568674087524, 9.187676429748535, 9.197810173034668, 9.207841396331787, 9.217844486236572, 9.227887868881226, 9.23794174194336, 9.248311758041382, 9.258187532424927, 9.268226146697998, 9.278210639953613, 9.288313627243042, 9.298414707183838, 9.308458089828491, 9.318484783172607, 9.328492641448975, 9.338561534881592, 9.348742723464966, 9.35889744758606, 9.368738174438477, 9.378810405731201, 9.388905763626099, 9.399014711380005, 9.4089994430542, 9.419094562530518, 9.429088592529297, 9.439170360565186, 9.449249744415283, 9.459300756454468, 9.469364881515503, 9.479480504989624, 9.489579677581787, 9.499475479125977, 9.509709596633911, 9.519618511199951, 9.529787302017212, 9.539741516113281, 9.549769639968872, 9.559926271438599, 9.569897651672363, 9.580098628997803, 9.590116024017334, 9.600405216217041, 9.610169887542725, 9.620299100875854, 9.630286455154419, 9.64038610458374, 9.65048336982727, 9.66046929359436, 9.670463562011719, 9.680644273757935, 9.690920114517212, 9.700942993164062, 9.710807085037231, 9.721138715744019, 9.730961799621582, 9.741015911102295, 9.75128984451294, 9.761191129684448, 9.771257162094116, 9.781399965286255, 9.79135799407959, 9.801685094833374, 9.811744689941406, 9.821617841720581, 9.831584930419922, 9.841777324676514, 9.85177731513977, 9.86190390586853, 9.871858596801758, 9.88197135925293, 9.892616748809814, 9.902149677276611, 9.912384033203125, 9.922415494918823, 9.932269811630249, 9.942453861236572, 9.95265007019043, 9.962413787841797, 9.97256064414978, 9.982518434524536, 9.992658615112305, 10.002615928649902, 10.012712240219116, 10.022790908813477, 10.032876968383789, 10.042895317077637, 10.052950382232666, 10.06305742263794, 10.07358980178833, 10.083383560180664, 10.093194007873535, 10.103238821029663, 10.113363265991211, 10.123526573181152, 10.133460521697998, 10.143594980239868, 10.153583526611328, 10.164624214172363, 10.173882007598877, 10.1838960647583, 10.19387936592102, 10.203886032104492, 10.214139699935913, 10.224111318588257, 10.234076976776123, 10.244248867034912, 10.25422477722168, 10.264261722564697, 10.274336814880371, 10.284448385238647, 10.294510126113892, 10.304569005966187, 10.31468152999878, 10.324835300445557, 10.334860801696777, 10.345056772232056, 10.355288982391357, 10.364965200424194, 10.37502121925354, 10.385027170181274, 10.395605325698853, 10.405618906021118, 10.415870428085327, 10.425552368164062, 10.435452222824097, 10.44546627998352, 10.455559015274048, 10.465505123138428, 10.475675821304321, 10.48571228981018, 10.495792150497437, 10.505811929702759, 10.515875101089478, 10.525924921035767, 10.535953998565674, 10.546064138412476, 10.556302070617676, 10.566252708435059, 10.576368808746338, 10.58631706237793, 10.596380949020386, 10.606459379196167, 10.616623640060425, 10.626548767089844, 10.636609077453613, 10.64672064781189, 10.65686559677124, 10.666858673095703, 10.676931142807007, 10.687127828598022, 10.697104215621948, 10.707334518432617, 10.717472076416016, 10.727420330047607, 10.737604856491089, 10.747568845748901, 10.757443904876709, 10.767425298690796, 10.777464628219604, 10.7875816822052, 10.79759669303894, 10.807729482650757, 10.817758083343506, 10.82775354385376, 10.83778715133667, 10.847884178161621, 10.857990741729736, 10.86808729171753, 10.878107786178589, 10.888217449188232, 10.89818000793457, 10.908443689346313, 10.918548107147217, 10.92867136001587, 10.939133882522583, 10.94883394241333, 10.958829879760742, 10.968877792358398, 10.979089260101318, 10.989168643951416, 10.999248027801514, 11.009122848510742, 11.019036293029785, 11.029222249984741, 11.039232730865479, 11.049206495285034, 11.059460639953613, 11.069376230239868, 11.079519271850586, 11.08955454826355, 11.09955883026123, 11.109700202941895, 11.119774341583252, 11.129713535308838, 11.140037298202515, 11.150037288665771, 11.159969568252563], "set_target_data": [{"head": [[0.939923774451198, 0.3060288729441523, -0.1512931827477543, -0.004259546917597322], [-0.312240293834185, 0.9498216817218014, -0.018568032677452134, 0.006490679924213688], [0.13801919115744496, 0.06469236319459185, 0.9883145253493666, 0.006827954685618028], [0.0, 0.0, 0.0, 1.0]], "antennas": [-0.0, -0.0], "body_yaw": -0.2816576213098778, "check_collision": false}, {"head": [[0.9397510144071649, 0.30646218710294426, -0.15148913755376758, -0.004263383900724152], [-0.3126717446558892, 0.9496824432296482, -0.018429246192080057, 0.006506456954608007], [0.1382187071801308, 0.06468527573911911, 0.988287106102274, 0.006830904902395681], [0.0, 0.0, 0.0, 1.0]], "antennas": [-0.0, -0.0], "body_yaw": -0.2816576213098778, "check_collision": false}, {"head": [[0.9396749756981609, 0.30658242275525494, -0.15171736256664278, -0.004312367889085176], [-0.312793063512396, 0.9496446045378913, -0.018320057057809962, 0.0065596223377706936], [0.13846096729833354, 0.06467103779582763, 0.9882541259237018, 0.006807935116538429], [0.0, 0.0, 0.0, 1.0]], "antennas": [-0.0, -0.0], "body_yaw": -0.2816576213098778, "check_collision": false}, {"head": [[0.9395965179364644, 0.30678479143893544, -0.15179418705418327, -0.004242203271292036], [-0.31300766304441563, 0.9495732041857438, -0.018355728476238516, 0.006500553502441052], [0.13850843424551837, 0.06475972231401769, 0.9882416668045657, 0.006860143541792537], [0.0, 0.0, 0.0, 1.0]], "antennas": [-0.0, -0.0], "body_yaw": -0.2816576213098778, "check_collision": false}, {"head": [[0.9395534216418422, 0.3068192458326293, -0.15199117825651393, -0.00428637413062693], [-0.313067158998386, 0.9495519859393629, -0.018438545368098015, 0.006550089132937417], [0.13866622457464595, 0.0649074447602789, 0.9882098470349834, 0.006824244364585837], [0.0, 0.0, 0.0, 1.0]], "antennas": [-0.0, -0.0], "body_yaw": -0.2816576213098778, "check_collision": false}, {"head": [[0.9395297807391243, 0.30681479835061715, -0.15214621460083327, -0.004217636146873637], [-0.31309560277573617, 0.9495394632144667, -0.018599766688878347, 0.0063990271150920945], [0.13876215127617159, 0.06511134548949515, 0.9881829679071362, 0.006907571541703846], [0.0, 0.0, 0.0, 1.0]], "antennas": [-0.0, -0.0], "body_yaw": -0.2816576213098778, "check_collision": false}, {"head": [[0.939540334009523, 0.3067524629936563, -0.15220672526731363, -0.0042598003031109905], [-0.313056739448479, 0.94954946218108, -0.018742912193912147, 0.006455053673586273], [0.1387783796387647, 0.06525906311729501, 0.9881709447387591, 0.006883117071665109], [0.0, 0.0, 0.0, 1.0]], "antennas": [-0.0, -0.0], "body_yaw": -0.2816576213098778, "check_collision": false}, {"head": [[0.939588146268016, 0.3066262867153555, -0.1521658164233541, -0.00413998258063355], [-0.31299540587294383, 0.9495598605043281, -0.019234012099200084, 0.006283872348347488], [0.1385928977078714, 0.06569925124499958, 0.9881678081635639, 0.00696561221870717], [0.0, 0.0, 0.0, 1.0]], "antennas": [-0.0, -0.0], "body_yaw": -0.2816576213098778, "check_collision": false}, {"head": [[0.9396522138872188, 0.3065262139189053, -0.15197169840924274, -0.004144320728612873], [-0.31291171124812284, 0.9495830111767926, -0.01945162841992157, 0.0063526386513969935], [0.13834730897498415, 0.06583148991901061, 0.9881934208617377, 0.006939842671976778], [0.0, 0.0, 0.0, 1.0]], "antennas": [-0.0, -0.0], "body_yaw": -0.2816576213098778, "check_collision": false}, {"head": [[0.93968498229987, 0.3064993457346195, -0.15182320344513525, -0.004156893384572527], [-0.3128801458086034, 0.9495925941649627, -0.01949152292262388, 0.006429240829735407], [0.13819605059074533, 0.06581835740358652, 0.98821546002368, 0.00692714222578927], [0.0, 0.0, 0.0, 1.0]], "antennas": [-0.0, -0.0], "body_yaw": -0.2816576213098778, "check_collision": false}, {"head": [[0.9397789464901406, 0.306373222301821, -0.15149580981096508, -0.004151093221405446], [-0.31271319843936224, 0.949650148360267, -0.019366239726561294, 0.0065052147001416335], [0.13793472099404566, 0.0655747236038515, 0.9882681662223938, 0.006897331240044876], [0.0, 0.0, 0.0, 1.0]], "antennas": [-0.0, -0.0], "body_yaw": -0.2816576213098778, "check_collision": false}, {"head": [[0.9398167981104371, 0.30636023136700835, -0.1512871264390959, -0.004107000752512713], [-0.3126982887113053, 0.9496532682537763, -0.01945379993580748, 0.006366403078629317], [0.1377104434183082, 0.06559023350830777, 0.9882984139630391, 0.0069443072893106104], [0.0, 0.0, 0.0, 1.0]], "antennas": [-0.0, -0.0], "body_yaw": -0.2816576213098778, "check_collision": false}, {"head": [[0.9398679209782431, 0.306209957653922, -0.15127376821385224, -0.004143986854046535], [-0.3125254803412808, 0.9497130910364754, -0.019309812308651097, 0.0063988427516870955], [0.13775382119377566, 0.06542558022308173, 0.9883032824993482, 0.006932933570452656], [0.0, 0.0, 0.0, 1.0]], "antennas": [-0.0, -0.0], "body_yaw": -0.2816576213098778, "check_collision": false}, {"head": [[0.939849203908639, 0.30613356764708816, -0.15154442474721053, -0.0042132426073469165], [-0.31244887681022143, 0.9497408389885269, -0.0191843200921987, 0.006409499404395739], [0.13805496475074092, 0.06538025326529852, 0.9882642608081287, 0.006974284567450858], [0.0, 0.0, 0.0, 1.0]], "antennas": [-0.0, -0.0], "body_yaw": -0.2816576213098778, "check_collision": false}, {"head": [[0.939936625273352, 0.3056335927268559, -0.1520106820806241, -0.004302990424024008], [-0.31199552261061875, 0.9498868694294331, -0.01933207584502918, 0.006420861551107681], [0.13848441912601253, 0.06559757832744616, 0.988189770933147, 0.007001482642964404], [0.0, 0.0, 0.0, 1.0]], "antennas": [-0.0, -0.0], "body_yaw": -0.2816576213098778, "check_collision": false}, {"head": [[0.9400571075921044, 0.30504338105744094, -0.15245054981406983, -0.004282644882477723], [-0.3114704281753297, 0.9500530719513314, -0.01962989679330254, 0.006206303528374336], [0.13884814308388885, 0.06593706202799625, 0.988116135387573, 0.007112367175861053], [0.0, 0.0, 0.0, 1.0]], "antennas": [-0.0, -0.0], "body_yaw": -0.2816576213098778, "check_collision": false}, {"head": [[0.9402086569633512, 0.3042615376793453, -0.1530770984183165, -0.004404812695329751], [-0.31076291777629483, 0.9502787784380519, -0.01991612877662288, 0.006191819094195197], [0.13940620612560414, 0.06629600243818284, 0.9880135372323505, 0.007147630727791895], [0.0, 0.0, 0.0, 1.0]], "antennas": [-0.0, -0.0], "body_yaw": -0.2816576213098778, "check_collision": false}, {"head": [[0.9404189367183615, 0.30341477677913803, -0.1534656205590414, -0.004394787210037785], [-0.3100102064844485, 0.9505130720384858, -0.02045902635585336, 0.006062206486760125], [0.1396635075349873, 0.066815964529637, 0.9879421701430698, 0.007198811221892695], [0.0, 0.0, 0.0, 1.0]], "antennas": [-0.0, -0.0], "body_yaw": -0.2816576213098778, "check_collision": false}, {"head": [[0.9406826803554189, 0.3021879869306013, -0.15426767462490434, -0.004518629737500798], [-0.30888555834598835, 0.950869885957721, -0.020884727052016, 0.006056550953385412], [0.14037737255210184, 0.06729695783303258, 0.9878083380604696, 0.007226208757518001], [0.0, 0.0, 0.0, 1.0]], "antennas": [-0.0, -0.0], "body_yaw": -0.2816576213098778, "check_collision": false}, {"head": [[0.941002389855686, 0.3009902595121887, -0.15465886966052855, -0.004640812253411482], [-0.3077525377268695, 0.9512293062420766, -0.02124105620935413, 0.006148907613951197], [0.14072269827060185, 0.06758454427605802, 0.9877395666705056, 0.00721003100618833], [0.0, 0.0, 0.0, 1.0]], "antennas": [-0.0, -0.0], "body_yaw": -0.2816576213098778, "check_collision": false}, {"head": [[0.941284544001365, 0.2997849393059553, -0.1552816711317449, -0.004792206009085117], [-0.30667115847553117, 0.9515635920630251, -0.021898192148865223, 0.006175237247457455], [0.1411956365594148, 0.06823283978728752, 0.9876274964738194, 0.007216386195155074], [0.0, 0.0, 0.0, 1.0]], "antennas": [-0.0, -0.0], "body_yaw": -0.2816576213098778, "check_collision": false}, {"head": [[0.9414624627405598, 0.298642847281926, -0.15639974749923358, -0.005044073142640276], [-0.30567879100865947, 0.9518692343558278, -0.02248193528889995, 0.006336023403381837], [0.14215803873845517, 0.06897398389388698, 0.9874379380841317, 0.0071217844084454605], [0.0, 0.0, 0.0, 1.0]], "antennas": [-0.0, -0.0], "body_yaw": -0.2816576213098778, "check_collision": false}, {"head": [[0.9417476902161432, 0.29677770931862746, -0.15822224629977702, -0.005271081569218275], [-0.3041001012745641, 0.9523450880032606, -0.02370573265819541, 0.00636253334502421], [0.1436468460404157, 0.07044022009938815, 0.9871189183755881, 0.007140062284950229], [0.0, 0.0, 0.0, 1.0]], "antennas": [-0.0, -0.0], "body_yaw": -0.2816576213098778, "check_collision": false}, {"head": [[0.9421723066978943, 0.29465362541596374, -0.1596577136276144, -0.005463596249544065], [-0.3022602626599493, 0.9528949350536627, -0.025099329987347038, 0.006313516184903578], [0.14474141808171856, 0.07190607608752012, 0.9868533012121854, 0.007180205627637989], [0.0, 0.0, 0.0, 1.0]], "antennas": [-0.0, -0.0], "body_yaw": -0.2816576213098778, "check_collision": false}, {"head": [[0.9424765312823894, 0.29278288581634865, -0.16129528745430308, -0.005691539326794578], [-0.30069227647008784, 0.9533537689139272, -0.02647161062056052, 0.0063368107447248], [0.1460210356529207, 0.07344911892365555, 0.9865511056585904, 0.007231243513784232], [0.0, 0.0, 0.0, 1.0]], "antennas": [-0.0, -0.0], "body_yaw": -0.2816576213098778, "check_collision": false}, {"head": [[0.9426252513266141, 0.2914668614653147, -0.16280265424432322, -0.005822278564806922], [-0.29963168508369425, 0.9536578896893101, -0.027522404096258085, 0.00626645901826271], [0.1472361669405432, 0.07472414670567253, 0.9862747147949023, 0.007337374717434338], [0.0, 0.0, 0.0, 1.0]], "antennas": [-0.0, -0.0], "body_yaw": -0.2816576213098778, "check_collision": false}, {"head": [[0.9427125133604534, 0.29038631752404315, -0.16422211711107043, -0.005981635964562667], [-0.2987481892261337, 0.9539154915657021, -0.028191388491355714, 0.006299976934544422], [0.14846762808007263, 0.07563743481762128, 0.9860204571237287, 0.00736728336397174], [0.0, 0.0, 0.0, 1.0]], "antennas": [-0.0, -0.0], "body_yaw": -0.2816576213098778, "check_collision": false}, {"head": [[0.9429558479579285, 0.2892963794086796, -0.16474790943430317, -0.006007870376361727], [-0.2978130864870201, 0.9541826297025832, -0.029032304265039235, 0.006230894177389167], [0.14880065295225942, 0.07644026448732655, 0.9859083383591443, 0.007384100370948828], [0.0, 0.0, 0.0, 1.0]], "antennas": [-0.0, -0.0], "body_yaw": -0.2816576213098778, "check_collision": false}, {"head": [[0.9431066530328638, 0.28895957134066425, -0.16447555178739637, -0.005984096457524816], [-0.29745339659646536, 0.9542943206409245, -0.029048690946441757, 0.006315058912378014], [0.1485641876711034, 0.07631982522972364, 0.9859533287222723, 0.007326717922076394], [0.0, 0.0, 0.0, 1.0]], "antennas": [-0.0, -0.0], "body_yaw": -0.2816576213098778, "check_collision": false}, {"head": [[0.9431284328271692, 0.28907249180358996, -0.16415192254564454, -0.0058927508139682925], [-0.29749907306561907, 0.954288792068074, -0.028761134510891104, 0.006310296325854448], [0.14833428706157364, 0.07596048851685668, 0.9860156912880318, 0.007319564009277909], [0.0, 0.0, 0.0, 1.0]], "antennas": [-0.0, -0.0], "body_yaw": -0.2816576213098778, "check_collision": false}, {"head": [[0.9431847718227061, 0.28918126221391677, -0.16363582671932297, -0.005813986912105646], [-0.29747868497737134, 0.9543130907007934, -0.028159490429225373, 0.006399702622248599], [0.14801661456027243, 0.07523777310278179, 0.9861188363035414, 0.007239907526625285], [0.0, 0.0, 0.0, 1.0]], "antennas": [-0.0, -0.0], "body_yaw": -0.2816576213098778, "check_collision": false}, {"head": [[0.9432230811907609, 0.28916531669556983, -0.16344307488956997, -0.0056918606203286235], [-0.29741199191356776, 0.9543408704772346, -0.027921497143914294, 0.006285223541161399], [0.14790647779935365, 0.07494613103492731, 0.9861575691885573, 0.00713873521711916], [0.0, 0.0, 0.0, 1.0]], "antennas": [-0.0, -0.0], "body_yaw": -0.2816576213098778, "check_collision": false}, {"head": [[0.9433066157717137, 0.28904701681681333, -0.1631700055482535, -0.005648133335601732], [-0.2972159416008866, 0.9544126905284827, -0.027551773381779714, 0.006336357353934175], [0.14776776610483977, 0.07448649694732187, 0.9862131864221354, 0.007071840717681851], [0.0, 0.0, 0.0, 1.0]], "antennas": [-0.0, -0.0], "body_yaw": -0.2816576213098778, "check_collision": false}, {"head": [[0.9433706120065846, 0.2888020398142564, -0.16323379001128147, -0.005633011994639588], [-0.29697711636843965, 0.9544862287500239, -0.027579548220442934, 0.006199297437329817], [0.14783937484922177, 0.07449443553502612, 0.9862018547531278, 0.007039777142050948], [0.0, 0.0, 0.0, 1.0]], "antennas": [-0.0, -0.0], "body_yaw": -0.2816576213098778, "check_collision": false}, {"head": [[0.9434310075120259, 0.2885123411175845, -0.16339694944427308, -0.005666634568232713], [-0.29669189380906524, 0.9545758061397045, -0.027549055895324505, 0.006190620687716191], [0.14802653212459627, 0.0744691839325766, 0.9861756874064489, 0.007010317267071461], [0.0, 0.0, 0.0, 1.0]], "antennas": [-0.0, -0.0], "body_yaw": -0.2816576213098778, "check_collision": false}, {"head": [[0.9433056740814253, 0.2884553067494963, -0.1642191866191083, -0.005796103061030027], [-0.29669036015991185, 0.954577573480507, -0.027504297777781204, 0.006121957440535337], [0.1488261920293916, 0.07466720977859717, 0.986040350264587, 0.007109490501068679], [0.0, 0.0, 0.0, 1.0]], "antennas": [-0.0, -0.0], "body_yaw": -0.2816576213098778, "check_collision": false}, {"head": [[0.9433564870089868, 0.28797355916228445, -0.16477186544270808, -0.005873970742949061], [-0.29627301972019143, 0.9547018809511901, -0.027687836573826848, 0.006084268395944875], [0.14933464502232122, 0.0749369583828044, 0.9859430085275677, 0.007105627339000328], [0.0, 0.0, 0.0, 1.0]], "antennas": [-0.0, -0.0], "body_yaw": -0.2816576213098778, "check_collision": false}, {"head": [[0.943444639319857, 0.28727877065788016, -0.16547845922633644, -0.005971777221352182], [-0.29562763454902724, 0.954901275561742, -0.027710207893577317, 0.00618315477092629], [0.15005503733487915, 0.07506305256153378, 0.9858240329341605, 0.007157947419003326], [0.0, 0.0, 0.0, 1.0]], "antennas": [-0.0, -0.0], "body_yaw": -0.2816576213098778, "check_collision": false}, {"head": [[0.9435187147768626, 0.28665890884700296, -0.166129783134943, -0.006047027871911402], [-0.2951174609009085, 0.9550462485278335, -0.028148666830109564, 0.006167402065058587], [0.15059256003275281, 0.07558659372903002, 0.985702058286998, 0.007141640078023089], [0.0, 0.0, 0.0, 1.0]], "antennas": [-0.0, -0.0], "body_yaw": -0.2816576213098778, "check_collision": false}, {"head": [[0.9435960296981413, 0.2861518850370105, -0.16656419611570297, -0.0059910596687175275], [-0.29471781336572966, 0.9551541447267008, -0.02867002435171658, 0.006053227031401059], [0.15089050077068403, 0.07614235681386931, 0.9856137165624279, 0.007087686673224899], [0.0, 0.0, 0.0, 1.0]], "antennas": [-0.0, -0.0], "body_yaw": -0.2816576213098778, "check_collision": false}, {"head": [[0.9437123696111959, 0.2850364416456038, -0.16781296248155023, -0.006062044956188053], [-0.2937882298663955, 0.9554204474297113, -0.029329927125387432, 0.0060060239538079025], [0.15197183763708275, 0.07698048822411355, 0.9853824460573598, 0.007060630747229953], [0.0, 0.0, 0.0, 1.0]], "antennas": [-0.0, -0.0], "body_yaw": -0.2816576213098778, "check_collision": false}, {"head": [[0.9438739473197615, 0.28387806029992546, -0.16886449730883077, -0.006075850081109927], [-0.29282578772219936, 0.9556903753614631, -0.030149037900726566, 0.005881505009562614], [0.15282352441913402, 0.07790477085402346, 0.9851780636323043, 0.006984192928080831], [0.0, 0.0, 0.0, 1.0]], "antennas": [-0.0, -0.0], "body_yaw": -0.2816576213098778, "check_collision": false}, {"head": [[0.9439266970118616, 0.2827508365886311, -0.17045338094830167, -0.006150234067458666], [-0.29190912552803927, 0.9559509709860781, -0.030770172313953587, 0.005807574483254707], [0.1542447830616421, 0.07880168449471252, 0.9848851919990792, 0.006959977296833061], [0.0, 0.0, 0.0, 1.0]], "antennas": [-0.0, -0.0], "body_yaw": -0.2816576213098778, "check_collision": false}, {"head": [[0.9439363579870158, 0.2818017956389641, -0.17196482211447778, -0.0062938531738411605], [-0.291143881138611, 0.9561692870495387, -0.03123355533273799, 0.0057073433037814906], [0.15562580938184645, 0.07954899419749054, 0.9846078229307407, 0.006982247624831569], [0.0, 0.0, 0.0, 1.0]], "antennas": [-0.0, -0.0], "body_yaw": -0.2816576213098778, "check_collision": false}, {"head": [[0.9439857934537076, 0.28075581708834685, -0.17339836483839446, -0.006365805749241131], [-0.29030994477012917, 0.9564004195673385, -0.031911963571419455, 0.00563118233546477], [0.15687879947634345, 0.0804637099720972, 0.9843346146775432, 0.00695515333040397], [0.0, 0.0, 0.0, 1.0]], "antennas": [-0.0, -0.0], "body_yaw": -0.2816576213098778, "check_collision": false}, {"head": [[0.9439817603508045, 0.2790913535502432, -0.1760864915275707, -0.0063727034680020386], [-0.28898661210611815, 0.9567719191902265, -0.032775488897628546, 0.005484972590267656], [0.15932725488259727, 0.08182610233014699, 0.9838289052620034, 0.0069440958124988815], [0.0, 0.0, 0.0, 1.0]], "antennas": [-0.0, -0.0], "body_yaw": -0.2816576213098778, "check_collision": false}, {"head": [[0.9441715544704363, 0.2766469521193199, -0.17890371603734284, -0.006401315976315549], [-0.28688311741474315, 0.9573760555528101, -0.033603053381218134, 0.00537328296659171], [0.1619819516837545, 0.08305150291977267, 0.9832925786313493, 0.00690106611849239], [0.0, 0.0, 0.0, 1.0]], "antennas": [-0.0, -0.0], "body_yaw": -0.2816576213098778, "check_collision": false}, {"head": [[0.9444148156568004, 0.2739330278756431, -0.1817728038151292, -0.0064216078782251464], [-0.28457901134056196, 0.9580204444319486, -0.03480825124650354, 0.005228846889175934], [0.16460693263760065, 0.08460215298261364, 0.9827242916700221, 0.006871607965402201], [0.0, 0.0, 0.0, 1.0]], "antennas": [-0.0, -0.0], "body_yaw": -0.2816576213098778, "check_collision": false}, {"head": [[0.944678885462822, 0.27109774874211434, -0.18462885469957852, -0.006465895425780131], [-0.28218964265234037, 0.9586753609885612, -0.03620162721752175, 0.005113667979999184], [0.16718495428855162, 0.0862992633827739