{"description": "When someone does something you disapprove of, you try to stop them, like saying 'what\u2019s wrong with you?' Can be funny too, like if someone offers you a drink!", "time": [0.0, 0.010094165802001953, 0.020130395889282227, 0.030154705047607422, 0.04043459892272949, 0.050481557846069336, 0.0606381893157959, 0.0706639289855957, 0.08080577850341797, 0.09071493148803711, 0.10075926780700684, 0.11091089248657227, 0.12152814865112305, 0.13177490234375, 0.14124417304992676, 0.15114736557006836, 0.161116361618042, 0.1712207794189453, 0.18127918243408203, 0.19137048721313477, 0.2014174461364746, 0.21149325370788574, 0.22149372100830078, 0.23156356811523438, 0.2416999340057373, 0.2517375946044922, 0.2617363929748535, 0.2718517780303955, 0.28197503089904785, 0.29191088676452637, 0.3019852638244629, 0.31275439262390137, 0.32241320610046387, 0.33230113983154297, 0.3423306941986084, 0.3523263931274414, 0.36234116554260254, 0.37249302864074707, 0.38249635696411133, 0.3925352096557617, 0.4027829170227051, 0.41270923614501953, 0.4227488040924072, 0.4328577518463135, 0.44295310974121094, 0.4530322551727295, 0.462993860244751, 0.47304677963256836, 0.4831075668334961, 0.49315476417541504, 0.5032095909118652, 0.5132827758789062, 0.5233199596405029, 0.5336096286773682, 0.5437440872192383, 0.5535469055175781, 0.5635912418365479, 0.5736656188964844, 0.5837721824645996, 0.5938441753387451, 0.6038460731506348, 0.6138956546783447, 0.623953104019165, 0.6340935230255127, 0.6440927982330322, 0.6541609764099121, 0.6641936302185059, 0.6743080615997314, 0.6843526363372803, 0.6943600177764893, 0.7044835090637207, 0.7145240306854248, 0.7245240211486816, 0.734694242477417, 0.7447586059570312, 0.7548210620880127, 0.7647616863250732, 0.7748706340789795, 0.7849771976470947, 0.7952101230621338, 0.8051834106445312, 0.815122127532959, 0.8251309394836426, 0.83538818359375, 0.8453810214996338, 0.8553779125213623, 0.8653922080993652, 0.8754744529724121, 0.885554313659668, 0.8955159187316895, 0.9057338237762451, 0.9158504009246826, 0.9257626533508301, 0.9363613128662109, 0.9459102153778076, 0.9559817314147949, 0.9660181999206543, 0.9766054153442383, 0.9864523410797119, 0.996182918548584, 1.0063340663909912, 1.0163154602050781, 1.02630615234375, 1.0364272594451904, 1.0465164184570312, 1.056572437286377, 1.0666859149932861, 1.0767149925231934, 1.0867316722869873, 1.0967464447021484, 1.1069087982177734, 1.1168951988220215, 1.1269333362579346, 1.137103796005249, 1.1470892429351807, 1.1570987701416016, 1.1671733856201172, 1.1772112846374512, 1.1873126029968262, 1.1973488330841064, 1.207423210144043, 1.2174832820892334, 1.2275664806365967, 1.237602710723877, 1.2477946281433105, 1.2577450275421143, 1.2678513526916504, 1.2779958248138428, 1.2879557609558105, 1.297987699508667, 1.3080334663391113, 1.31813383102417, 1.3282320499420166, 1.338240623474121, 1.3483788967132568, 1.3583388328552246, 1.3685111999511719, 1.3785321712493896, 1.388533115386963, 1.3985612392425537, 1.4086964130401611, 1.4187564849853516, 1.4287688732147217, 1.4388728141784668, 1.4489948749542236, 1.458949089050293, 1.4690792560577393, 1.4790754318237305, 1.4892301559448242, 1.4992179870605469, 1.5092787742614746, 1.5193443298339844, 1.5294406414031982, 1.539808750152588, 1.5495507717132568, 1.5595800876617432, 1.5696547031402588, 1.5797393321990967, 1.5897574424743652, 1.5998327732086182, 1.6099069118499756, 1.6200366020202637, 1.6299858093261719, 1.6400747299194336, 1.6501507759094238, 1.6602134704589844, 1.6702637672424316, 1.6803779602050781, 1.6905879974365234, 1.7005205154418945, 1.710608720779419, 1.7206170558929443, 1.7306709289550781, 1.7407846450805664, 1.7508363723754883, 1.7608165740966797, 1.77093505859375, 1.7809605598449707, 1.7910137176513672, 1.8011996746063232, 1.8111302852630615, 1.8212568759918213, 1.8313369750976562, 1.841400146484375, 1.8514454364776611, 1.8614482879638672, 1.8717117309570312, 1.8818929195404053, 1.8917791843414307, 1.901890754699707, 1.9119558334350586, 1.921936273574829, 1.9319887161254883, 1.9420161247253418, 1.9525456428527832, 1.9620857238769531, 1.9722435474395752, 1.9823908805847168, 1.9922473430633545, 2.0023534297943115, 2.012488842010498, 2.0224602222442627, 2.0329267978668213, 2.0429563522338867, 2.0533015727996826, 2.063150405883789, 2.0731940269470215, 2.0832700729370117, 2.093287229537964, 2.1033554077148438, 2.1133906841278076, 2.1234426498413086, 2.1335456371307373, 2.1436314582824707, 2.153718948364258, 2.163712978363037, 2.173804521560669, 2.1839044094085693, 2.1938998699188232, 2.2040321826934814, 2.2140512466430664, 2.2240490913391113, 2.234119415283203, 2.2441956996917725, 2.2544212341308594, 2.264472484588623, 2.274512767791748, 2.2845351696014404, 2.2945101261138916, 2.304673671722412, 2.314708709716797, 2.324704170227051, 2.3347747325897217, 2.3448517322540283, 2.354959726333618, 2.3649351596832275, 2.374967098236084, 2.3850901126861572, 2.395080804824829, 2.405233383178711, 2.4152495861053467, 2.4252142906188965, 2.435356855392456, 2.44538950920105, 2.455469846725464, 2.465503215789795, 2.4756016731262207, 2.4856178760528564, 2.4956634044647217, 2.5057671070098877, 2.5157899856567383, 2.525815010070801, 2.536055088043213, 2.5459794998168945, 2.5561769008636475, 2.5660672187805176, 2.5761477947235107, 2.586217164993286, 2.5962326526641846, 2.606448173522949, 2.6163954734802246, 2.62642502784729, 2.6365203857421875, 2.646622657775879, 2.656625270843506, 2.66667103767395, 2.6767332553863525, 2.6868700981140137, 2.6968741416931152, 2.707014560699463, 2.7170300483703613, 2.727008581161499, 2.737147092819214, 2.747166156768799, 2.7571780681610107, 2.767251968383789, 2.777318239212036, 2.787342071533203, 2.79744553565979, 2.807558059692383, 2.817582845687866, 2.8276050090789795, 2.8377089500427246, 2.8477413654327393, 2.8578062057495117, 2.8678836822509766, 2.8779165744781494, 2.888029098510742, 2.8981080055236816, 2.9082705974578857, 2.918271064758301, 2.9282326698303223, 2.938340663909912, 2.9484455585479736, 2.958932876586914, 2.969494104385376, 2.9790542125701904, 2.9891409873962402, 2.9991860389709473, 3.009216785430908, 3.0199944972991943, 3.0294790267944336, 3.0394370555877686, 3.0495381355285645, 3.059542179107666, 3.069693088531494, 3.0798466205596924, 3.089738607406616, 3.099783182144165, 3.1098031997680664, 3.1198580265045166, 3.129913568496704, 3.1400251388549805, 3.1500730514526367, 3.160167694091797, 3.1701271533966064, 3.18025279045105, 3.1902072429656982, 3.200324535369873, 3.2104451656341553, 3.2204904556274414, 3.230496883392334, 3.2408177852630615, 3.2506911754608154, 3.260671377182007, 3.270812511444092, 3.2808854579925537, 3.2909464836120605, 3.300964117050171, 3.3110721111297607, 3.3211121559143066, 3.3312017917633057, 3.3412578105926514, 3.3512823581695557, 3.36134934425354, 3.371434211730957, 3.381706476211548, 3.3917155265808105, 3.4018280506134033, 3.411715507507324, 3.4217147827148438, 3.431735038757324, 3.441810369491577, 3.4519686698913574, 3.4619991779327393, 3.4721832275390625, 3.4820621013641357, 3.49210786819458, 3.5022103786468506, 3.5122129917144775, 3.5222995281219482, 3.53238844871521, 3.542457342147827, 3.552522897720337, 3.5625321865081787, 3.57259202003479, 3.5826687812805176, 3.5927717685699463, 3.6027801036834717, 3.6128647327423096, 3.622872829437256, 3.632949113845825, 3.6431822776794434, 3.6530590057373047, 3.663102388381958, 3.6731419563293457, 3.683245897293091, 3.6933133602142334, 3.7033541202545166, 3.7134740352630615, 3.723493814468384, 3.7335140705108643, 3.74357271194458, 3.7536680698394775, 3.7636923789978027, 3.7738451957702637, 3.783836841583252, 3.7938666343688965, 3.803986072540283, 3.8140511512756348, 3.82407546043396, 3.834144115447998, 3.844160556793213, 3.854257345199585, 3.864309549331665, 3.874321460723877, 3.884464740753174, 3.8944592475891113, 3.9045283794403076, 3.914771318435669, 3.9246268272399902, 3.9348130226135254, 3.9448068141937256, 3.9548466205596924, 3.964911937713623, 3.9750900268554688, 3.9850664138793945, 3.995055675506592, 4.005175828933716, 4.015263795852661, 4.0252110958099365, 4.0353684425354, 4.045971155166626, 4.056504487991333, 4.066050291061401, 4.076205730438232, 4.086185693740845, 4.09613561630249, 4.106351613998413, 4.11632776260376, 4.126348257064819, 4.136525630950928, 4.146516561508179, 4.15653395652771, 4.1666388511657715, 4.176724672317505, 4.186795711517334, 4.196804046630859, 4.206893444061279, 4.217182397842407, 4.227050065994263, 4.237043619155884, 4.247081518173218, 4.257106781005859, 4.267348289489746, 4.277393579483032, 4.287339687347412, 4.297402620315552, 4.30745267868042, 4.31756329536438, 4.3275532722473145, 4.337767601013184, 4.347759962081909, 4.35783576965332, 4.36789083480835, 4.377908229827881, 4.387993335723877, 4.398014545440674, 4.408081531524658, 4.4181437492370605, 4.428134918212891, 4.43819260597229, 4.448436975479126, 4.458315849304199, 4.46855616569519, 4.478465557098389, 4.488611221313477, 4.498616933822632, 4.508617162704468, 4.518701791763306, 4.528742074966431, 4.538916110992432, 4.548901081085205, 4.55892014503479, 4.569087982177734, 4.579083442687988, 4.589115858078003, 4.599097967147827, 4.6091225147247314, 4.619352340698242, 4.629302501678467, 4.639522552490234, 4.6494300365448, 4.659464120864868, 4.6696083545684814, 4.679645299911499, 4.689668416976929, 4.699738502502441, 4.710043668746948], "set_target_data": [{"head": [[0.9777154798593211, 0.1958511203922007, 0.07559615786915007, -0.0028423651984170913], [-0.19517427064878595, 0.9806329140281104, -0.016312326671915782, 0.006627827207320839], [-0.07732686803545198, 0.001194389323692294, 0.9970050796831336, 0.01445935527637621], [0.0, 0.0, 0.0, 1.0]], "antennas": [-0.29029874164131314, 0.1266486636053521], "body_yaw": -0.2816576213098778, "check_collision": false}, {"head": [[0.9777811263361783, 0.1954989041686581, 0.07565875659570664, -0.0028773113184159226], [-0.19482167891408167, 0.9807031851672741, -0.016302638677894474, 0.006766866981694928], [-0.07738593157579096, 0.0012004464241959856, 0.997000489730336, 0.014589402315086989], [0.0, 0.0, 0.0, 1.0]], "antennas": [-0.29029874164131314, 0.1266486636053521], "body_yaw": -0.2816576213098778, "check_collision": false}, {"head": [[0.9778892263622022, 0.19491255068586832, 0.07577439244138943, -0.002904412946800796], [-0.19423962663484284, 0.9808199552858765, -0.016222908425044202, 0.006796937975594363], [-0.07748308466684671, 0.0011458176728137868, 0.9969930083467838, 0.014632469523048423], [0.0, 0.0, 0.0, 1.0]], "antennas": [-0.29029874164131314, 0.1266486636053521], "body_yaw": -0.2816576213098778, "check_collision": false}, {"head": [[0.9779576921104953, 0.19455710934395884, 0.07580424556472062, -0.0028773308769749623], [-0.19388544505970132, 0.9808905318641822, -0.01619255054657726, 0.006886735970391883], [-0.07750604257678989, 0.0011382894731824904, 0.9969912324896143, 0.014687570265919495], [0.0, 0.0, 0.0, 1.0]], "antennas": [-0.29029874164131314, 0.1266486636053521], "body_yaw": -0.2816576213098778, "check_collision": false}, {"head": [[0.97804823659259, 0.19408856540894348, 0.07583716552999269, -0.0029073449067932196], [-0.19342944823025954, 0.9809835089231261, -0.016012613097437046, 0.006922848989486348], [-0.07750287385292619, 0.000991966919374367, 0.9969916351435294, 0.014751378796848073], [0.0, 0.0, 0.0, 1.0]], "antennas": [-0.29029874164131314, 0.1266486636053521], "body_yaw": -0.2816576213098778, "check_collision": false}, {"head": [[0.9780998095930892, 0.19386358127341105, 0.07574743777719764, -0.0029269702956640324], [-0.1932298468299524, 0.9810282486184996, -0.01567806450403582, 0.007021135121697705], [-0.07734978195209088, 0.000698046106736354, 0.9970037732945632, 0.014677313053948596], [0.0, 0.0, 0.0, 1.0]], "antennas": [-0.29029874164131314, 0.1266486636053521], "body_yaw": -0.2816576213098778, "check_collision": false}, {"head": [[0.9781717394674906, 0.19351448734784185, 0.07571123624433541, -0.002958282829580331], [-0.1929167095931321, 0.9810973824846304, -0.015200961863175984, 0.007065776148462781], [-0.07722170204613955, 0.00026318873179636843, 0.9970139113697404, 0.014725631437201629], [0.0, 0.0, 0.0, 1.0]], "antennas": [-0.29029874164131314, 0.1266486636053521], "body_yaw": -0.2816576213098778, "check_collision": false}, {"head": [[0.9782716495396327, 0.19306192380644088, 0.07557561301876348, -0.0029517688868736444], [-0.19248996768678478, 0.9811865740842263, -0.014849888107311273, 0.007097419461425147], [-0.07702072478850369, -2.032277367235852e-05, 0.9970294918105674, 0.014613285192425], [0.0, 0.0, 0.0, 1.0]], "antennas": [-0.29029874164131314, 0.1266486636053521], "body_yaw": -0.2816576213098778, "check_collision": false}, {"head": [[0.9783948080316183, 0.19244934957831594, 0.07554367917738648, -0.0029839918149612704], [-0.19191816715060156, 0.9813067759382675, -0.014297853517098783, 0.0071571575868046074], [-0.07688313686580768, -0.0005092588004110164, 0.9970399811046433, 0.014647157388140156], [0.0, 0.0, 0.0, 1.0]], "antennas": [-0.29029874164131314, 0.1266486636053521], "body_yaw": -0.2816576213098778, "check_collision": false}, {"head": [[0.9786164639662207, 0.19138197535030238, 0.0753840564394569, -0.0029984008719781408], [-0.19090843734564067, 0.9815149312697715, -0.013505859644674226, 0.007283777138766467], [-0.0765753550726118, -0.0011743958073371285, 0.99706310521952, 0.014639747637216875], [0.0, 0.0, 0.0, 1.0]], "antennas": [-0.29029874164131314, 0.1266486636053521], "body_yaw": -0.2816576213098778, "check_collision": false}, {"head": [[0.9788426517544367, 0.19006663363864165, 0.07577425607431823, -0.0030176985725570878], [-0.18959752233788915, 0.981770401348592, -0.013403677076002964, 0.0073517011720971946], [-0.07694051357818973, -0.001246520396352588, 0.9970349058870634, 0.014646558689363823], [0.0, 0.0, 0.0, 1.0]], "antennas": [-0.29029874164131314, 0.1266486636053521], "body_yaw": -0.2816576213098778, "check_collision": false}, {"head": [[0.9789184457683575, 0.18957065417643895, 0.07603711994532994, -0.0029555271763989643], [-0.18913546635302006, 0.9818656036137151, -0.012950359365691555, 0.007385465988519935], [-0.07711324076894396, -0.0017039704785960326, 0.997020884727456, 0.014580605906314718], [0.0, 0.0, 0.0, 1.0]], "antennas": [-0.29029874164131314, 0.1266486636053521], "body_yaw": -0.2816576213098778, "check_collision": false}, {"head": [[0.9789797221385517, 0.18926743748485575, 0.07600355747884988, -0.0029530621592661205], [-0.1888698318221516, 0.9819231891458492, -0.012451395308049973, 0.007446257353663858], [-0.0769862992291277, -0.002165115600003582, 0.9970297999585781, 0.014583889928725505], [0.0, 0.0, 0.0, 1.0]], "antennas": [-0.29029874164131314, 0.1266486636053521], "body_yaw": -0.2816576213098778, "check_collision": false}, {"head": [[0.9790450905579132, 0.18890680936189938, 0.07605871436695885, -0.0029532945612498127], [-0.18854350745885642, 0.9819915849242424, -0.011994704376792908, 0.007404736486309713], [-0.07695489880156933, -0.0025970203467651273, 0.9970311926092176, 0.014601584037284624], [0.0, 0.0, 0.0, 1.0]], "antennas": [-0.29029874164131314, 0.1266486636053521], "body_yaw": -0.2816576213098778, "check_collision": false}, {"head": [[0.9791045478056092, 0.18851155444324377, 0.07627370652961561, -0.0029516019299596075], [-0.1881796847223021, 0.9820663441198522, -0.011580242004526545, 0.007458123606802388], [-0.07708884954511235, -0.003014894436022977, 0.9970196686562162, 0.014605559223624168], [0.0, 0.0, 0.0, 1.0]], "antennas": [-0.29029874164131314, 0.1266486636053521], "body_yaw": -0.2816576213098778, "check_collision": false}, {"head": [[0.9791755141966489, 0.18818354513089727, 0.07617260491604236, -0.0030536503111705388], [-0.18787268927641207, 0.9821284847705798, -0.01129123670345887, 0.00761531631131853], [-0.0769361099989897, -0.0032546496297411083, 0.997030712783719, 0.014736499103134019], [0.0, 0.0, 0.0, 1.0]], "antennas": [-0.29029874164131314, 0.1266486636053521], "body_yaw": -0.2816576213098778, "check_collision": false}, {"head": [[0.9792696112875675, 0.1876600350277947, 0.07625444027768251, -0.0030855943696251435], [-0.1873675250284807, 0.9822278771608103, -0.011036661309893054, 0.007654110273181192], [-0.07697037724603835, -0.0034797387164099574, 0.9970273077729955, 0.014762021287631048], [0.0, 0.0, 0.0, 1.0]], "antennas": [-0.29029874164131314, 0.1266486636053521], "body_yaw": -0.2816576213098778, "check_collision": false}, {"head": [[0.9793301749485627, 0.18730223921750133, 0.07635626771475457, -0.0030981526672751517], [-0.18703783975044674, 0.9822948321741135, -0.010663450919662816, 0.007885956526720965], [-0.07700165541534529, -0.0038384721100656783, 0.9970235760478067, 0.014838477672181053], [0.0, 0.0, 0.0, 1.0]], "antennas": [-0.29029874164131314, 0.1266486636053521], "body_yaw": -0.2816576213098778, "check_collision": false}, {"head": [[0.9794014108615381, 0.1869135098995875, 0.07639513217113357, -0.0031267289495174634], [-0.18666972606728238, 0.9823678543507504, -0.010383260965049084, 0.00791027539041407], [-0.07698889382497918, -0.004091277956746727, 0.9970235562273774, 0.014880057291289609], [0.0, 0.0, 0.0, 1.0]], "antennas": [-0.29029874164131314, 0.1266486636053521], "body_yaw": -0.2816576213098778, "check_collision": false}, {"head": [[0.9794872738741424, 0.18647961954555883, 0.07635464499782948, -0.0030866756978030103], [-0.18624731562902333, 0.9824497873493021, -0.010215319784228051, 0.007983423270840246], [-0.0769195536881481, -0.004215071939446651, 0.9970283924888806, 0.01500786578580882], [0.0, 0.0, 0.0, 1.0]], "antennas": [-0.29029874164131314, 0.1266486636053521], "body_yaw": -0.2816576213098778, "check_collision": false}, {"head": [[0.9795767049528168, 0.18599136937129385, 0.07639823056310271, -0.003105854787224513], [-0.1857752562249898, 0.982541489609033, -0.00998876225574158, 0.008003447351628784], [-0.07692225483123497, -0.00440814204095985, 0.9970273491712377, 0.01505547767532978], [0.0, 0.0, 0.0, 1.0]], "antennas": [-0.29029874164131314, 0.1266486636053521], "body_yaw": -0.2816576213098778, "check_collision": false}, {"head": [[0.9796648768918484, 0.18547823901238178, 0.07651504320945858, -0.003093197673055107], [-0.18529149592800206, 0.9826367572880139, -0.00959503847100591, 0.008484566695612096], [-0.07696616478195288, -0.004777664634805742, 0.997022258226663, 0.014802677262042655], [0.0, 0.0, 0.0, 1.0]], "antennas": [-0.29029874164131314, 0.12663409944320833], "body_yaw": -0.2816576213098778, "check_collision": false}, {"head": [[0.9797628606923336, 0.18489837562686556, 0.0766637300065799, -0.003101087894304747], [-0.18472713519349465, 0.9827450750667521, -0.009380989033601947, 0.008509610709162455], [-0.0770754327343, -0.0049707265656778014, 0.9970128733101846, 0.01482168983089183], [0.0, 0.0, 0.0, 1.0]], "antennas": [-0.2902747107739681, 0.09668075285253427], "body_yaw": -0.2816576213098778, "check_collision": false}, {"head": [[0.9798431931734264, 0.18435224893376503, 0.07695170631485052, -0.0030691375073743157], [-0.1841977201979755, 0.9828465017193915, -0.009162637820127065, 0.008660498325952552], [-0.07732086824119483, -0.005196380568974714, 0.996992718611029, 0.014689802854059634], [0.0, 0.0, 0.0, 1.0]], "antennas": [-0.2603233078576539, 0.07023318955808565], "body_yaw": -0.2816576213098778, "check_collision": false}, {"head": [[0.9799272460590369, 0.18375706323907703, 0.0773041663877264, -0.00306726309956561], [-0.1836181190904706, 0.9829567925214929, -0.008962721547401183, 0.008678615452871087], [-0.07763361883120738, -0.005411630586832268, 0.9969672690121588, 0.014693800266059823], [0.0, 0.0, 0.0, 1.0]], "antennas": [-0.23387715649161453, 0.050675391304814396], "body_yaw": -0.2816576213098778, "check_collision": false}, {"head": [[0.9799996245154883, 0.18328416947894835, 0.07750902636412077, -0.0030147517754693584], [-0.18316339113045252, 0.9830437619035322, -0.008725498962479532, 0.008856655327456376], [-0.07779401068909284, -0.005645830405131785, 0.9969534675700474, 0.014513245705096493], [0.0, 0.0, 0.0, 1.0]], "antennas": [-0.21432188674888233, 0.04053532049480947], "body_yaw": -0.2816576213098778, "check_collision": false}, {"head": [[0.9800674909486393, 0.18278315409221854, 0.07783335895192332, -0.0030086215739449675], [-0.1826745116385494, 0.9831360566238855, -0.008574203383036225, 0.008865441233856615], [-0.07808800153196484, -0.0058148728392348635, 0.9969295116860607, 0.014503611909641449], [0.0, 0.0, 0.0, 1.0]], "antennas": [-0.20418398308462654, 0.04091856784805346], "body_yaw": -0.2816576213098778, "check_collision": false}, {"head": [[0.9801029619214501, 0.1825184245215628, 0.07800774796754044, -0.0029872909883235203], [-0.18242349610723696, 0.9831841516708715, -0.008401902834579618, 0.00894288711036446], [-0.07822948357757213, -0.005995716253743226, 0.9969173482720577, 0.014435060107493184], [0.0, 0.0, 0.0, 1.0]], "antennas": [-0.20457027882281248, 0.0518714256559163], "body_yaw": -0.2816576213098778, "check_collision": false}, {"head": [[0.9801374099377572, 0.18227040683126253, 0.07815469553437576, -0.002983123379081975], [-0.1821943642933325, 0.9832286507528336, -0.008162962606240543, 0.008943771944138236], [-0.07833180235545065, -0.006238520043125176, 0.9969078240275869, 0.014422625677690818], [0.0, 0.0, 0.0, 1.0]], "antennas": [-0.21552563338489616, 0.07209351923187976], "body_yaw": -0.2816576213098778, "check_collision": false}, {"head": [[0.9801790515838846, 0.1820209278793299, 0.07821386481989252, -0.0029936710176532086], [-0.18195529355492165, 0.9832740543339099, -0.008025286356120272, 0.008841058468350139], [-0.07836643403561842, -0.006365209164137444, 0.9969043013894755, 0.014382653696112361], [0.0, 0.0, 0.0, 1.0]], "antennas": [-0.23575041793764162, 0.09862246888438544], "body_yaw": -0.2816576213098778, "check_collision": false}, {"head": [[0.9802164461254438, 0.18178552074756965, 0.07829267648854135, -0.0030043203988739456], [-0.18173706158601605, 0.9833161949501802, -0.007803921756348148, 0.008837924687370333], [-0.07840509671752899, -0.006579148518883461, 0.996899872411207, 0.014377463680837813], [0.0, 0.0, 0.0, 1.0]], "antennas": [-0.26227875368832076, 0.12891397620647108], "body_yaw": -0.2816576213098778, "check_collision": false}, {"head": [[0.9802735286659017, 0.18144114430648559, 0.07837678323110062, -0.002948441892371041], [-0.18140692388749066, 0.9833786252555489, -0.007616256047766155, 0.008642293553244196], [-0.07845595555838974, -0.00675207695898388, 0.996894714849146, 0.014460275791862157], [0.0, 0.0, 0.0, 1.0]], "antennas": [-0.29257206182278284, 0.1598577610508128], "body_yaw": -0.2816576213098778, "check_collision": false}, {"head": [[0.9803133947315255, 0.1811598901805761, 0.07852860816106334, -0.0029460073230431205], [-0.1811459317465074, 0.9834286792886996, -0.007360989347478854, 0.008631823794037609], [-0.07856080143202397, -0.007009061438282611, 0.9968846841717012, 0.014454664861826453], [0.0, 0.0, 0.0, 1.0]], "antennas": [-0.3235233271009065, 0.18543413458194644], "body_yaw": -0.2816576213098778, "check_collision": false}, {"head": [[0.9803716750257123, 0.18080660065626544, 0.07861521459873365, -0.0029572393265162797], [-0.18081619831312348, 0.9834915953731138, -0.007055796059744614, 0.008941093793446896], [-0.07859313732679456, -0.007297601631581735, 0.9968800648902346, 0.01446700366494336], [0.0, 0.0, 0.0, 1.0]], "antennas": [-0.34909389945781183, 0.2038406917855694], "body_yaw": -0.2816576213098778, "check_collision": false}, {"head": [[0.9804064985320213, 0.18046275978341503, 0.07897018404142014, -0.0029438885884567126], [-0.1804930425472488, 0.9835526603548547, -0.006813655474519298, 0.008943761839083015], [-0.07890094567379638, -0.007573416682175108, 0.9968536924401391, 0.014461875844953623], [0.0, 0.0, 0.0, 1.0]], "antennas": [-0.36749586414288005, 0.2131369413294073], "body_yaw": -0.2816576213098778, "check_collision": false}, {"head": [[0.9804138785034163, 0.1802585147328998, 0.07934415356015478, -0.002884239316716091], [-0.18031542880246845, 0.9835873187650926, -0.0065063430802717905, 0.009054389567110162], [-0.07921472699991089, -0.007928066017965082, 0.9968260494166193, 0.014520248772378456], [0.0, 0.0, 0.0, 1.0]], "antennas": [-0.3767880863600877, 0.21187361619553685], "body_yaw": -0.2816576213098778, "check_collision": false}, {"head": [[0.9804321982056582, 0.17996503581966386, 0.07978277134850717, -0.0028706666989616846], [-0.18005866595718797, 0.983637091087132, -0.006078638940017891, 0.009056039002551537], [-0.0795712356026905, -0.008405886037319305, 0.9967937397198022, 0.014522732609980719], [0.0, 0.0, 0.0, 1.0]], "antennas": [-0.3755221280217408, 0.20021294193682523], "body_yaw": -0.2816576213098778, "check_collision": false}, {"head": [[0.9804730935066402, 0.1795951222979858, 0.08011307606309402, -0.0028313405055580103], [-0.17973322592462776, 0.9836997710793407, -0.005543273146788218, 0.008989596804706299], [-0.07980275940245594, -0.008963951429181232, 0.9967703683228798, 0.014519574830537455], [0.0, 0.0, 0.0, 1.0]], "antennas": [-0.3638598859635257, 0.1793889236677639], "body_yaw": -0.2816576213098778, "check_collision": false}, {"head": [[0.9805329549236604, 0.17913749730435416, 0.08040448599554176, -0.002837435615239914], [-0.17931751441451868, 0.9837783665995243, -0.0050353187556299904, 0.008989169318269999], [-0.08000220829998164, -0.009480636598057122, 0.996749599546858, 0.014515440653878778], [0.0, 0.0, 0.0, 1.0]], "antennas": [-0.3430326195862253, 0.15226404906646618], "body_yaw": -0.2816576213098778, "check_collision": false}, {"head": [[0.9806083452755175, 0.17853871687168832, 0.08081583850844223, -0.0027653034075809726], [-0.17876097484648085, 0.9838820778625768, -0.004535496968836247, 0.008883395386240316], [-0.08032301692508403, -0.009999171897192263, 0.9967187313948821, 0.014455557848753079], [0.0, 0.0, 0.0, 1.0]], "antennas": [-0.31590646956136326, 0.12193413271825738], "body_yaw": -0.2816576213098778, "check_collision": false}, {"head": [[0.9806729305095279, 0.17803794574718465, 0.08113626340901703, -0.0027813209224086567], [-0.1783025175778056, 0.9839674588370801, -0.004031398654989626, 0.008879528408007284], [-0.08055318486112878, -0.010513316499642881, 0.9966948653348764, 0.01444194188347148], [0.0, 0.0, 0.0, 1.0]], "antennas": [-0.2855769393242291, 0.09190950447095293], "body_yaw": -0.2816576213098778, "check_collision": false}, {"head": [[0.9807103962901217, 0.17758227852571556, 0.08168018708406385, -0.0027548013010205187], [-0.17790630159026938, 0.984041721849762, -0.003352240061159594, 0.008672732719690754], [-0.08097201036743878, -0.01124384331848764, 0.996652953401777, 0.014495935965447185], [0.0, 0.0, 0.0, 1.0]], "antennas": [-0.25555156641988536, 0.06659335729229807], "body_yaw": -0.2816576213098778, "check_collision": false}, {"head": [[0.9807484100872172, 0.17709718196075425, 0.082274809346209, -0.00276923700842056], [-0.17748072591120434, 0.9841206092904574, -0.002686689377443265, 0.008625087715425627], [-0.0814441406205965, -0.011967226551645414, 0.9966060593069029, 0.014461256536133508], [0.0, 0.0, 0.0, 1.0]], "antennas": [-0.23612533169352623, 0.048458983200652644], "body_yaw": -0.2816576213098778, "check_collision": false}, {"head": [[0.9807724543926295, 0.17649194057203846, 0.0832825769160219, -0.002808924015940937], [-0.1769271762283877, 0.9842215226717227, -0.0021837173819583998, 0.00865001581373103], [-0.08235391318271468, -0.012593221306372075, 0.9965235791292759, 0.014421031217787043], [0.0, 0.0, 0.0, 1.0]], "antennas": [-0.23154477311977034, 0.03987438619117432], "body_yaw": -0.2816576213098778, "check_collision": false}, {"head": [[0.980814847923544, 0.17543944942837988, 0.08498960922949175, -0.002902681257884128], [-0.1759240490475006, 0.9844020743728182, -0.0018124395782067202, 0.008628582840425838], [-0.0839819210273697, -0.013174048533347586, 0.996380189177702, 0.014344930667414938], [0.0, 0.0, 0.0, 1.0]], "antennas": [-0.24034790758839927, 0.04200470847921015], "body_yaw": -0.2816576213098778, "check_collision": false}, {"head": [[0.980795593209744, 0.17417156320389923, 0.08777397627689457, -0.002931544996950943], [-0.17473245374734794, 0.9846150766926437, -0.0013116237915148541, 0.008543341793825888], [-0.0866520279495964, -0.014050527415356468, 0.9961395528396475, 0.014229075198569311], [0.0, 0.0, 0.0, 1.0]], "antennas": [-0.26506706701519206, 0.05452068869132037], "body_yaw": -0.2816576213098778, "check_collision": false}, {"head": [[0.9808655620403173, 0.1723550263858699, 0.09053449112276465, -0.0030246048202258076], [-0.17300793778660545, 0.9849202186205255, -0.0006453025040280454, 0.008768374294473278], [-0.08928047191944002, -0.01503023060440976, 0.9958931114842695, 0.014089505168650044], [0.0, 0.0, 0.0, 1.0]], "antennas": [-0.3037315792342486, 0.08386886456312155], "body_yaw": -0.2816576213098778, "check_collision": false}, {"head": [[0.9845718573196998, 0.1318392726329601, 0.11505070171732402, -0.0011802004828997993], [-0.13243076536690487, 0.9911890521531858, -0.0025209672756182017, -0.016625158991086714], [-0.1143693584767023, -0.0127541790516271, 0.9933564218136139, 0.02], [0.0, 0.0, 0.0, 1.0]], "antennas": [-0.3519711977866685, 0.1233314153227288], "body_yaw": -0.2816576213098778, "check_collision": false}, {"head": [[0.9845019498553362, 0.13024262231789568, 0.1174426245568393, -0.0010353483291472912], [-0.13090736516032414, 0.9913924453749428, -0.002069057822379123, -0.017316606908120757], [-0.11670121026717024, -0.013337113077753336, 0.9930775140626882, 0.02], [0.0, 0.0, 0.0, 1.0]], "antennas": [-0.4064945000948157, 0.17118073310730456], "body_yaw": -0.2816576213098778, "check_collision": false}, {"head": [[0.9844469447352353, 0.1277867700836234, 0.12056016918143254, -0.00314686557435713], [-0.12864975682231536, 0.9916898924564213, -0.0006302930514989731, -0.017111068443302714], [-0.11963884432331999, -0.014889546378812481, 0.9927058216499053, 0.02], [0.0, 0.0, 0.0, 1.0]], "antennas": [-0.46392715249924754, 0.22162831910858222], "body_yaw": -0.2816576213098778, "check_collision": false}, {"head": [[0.9841727906308988, 0.12562368800529797, 0.12499042840848533, -0.003490563603937985], [-0.12664576490673637, 0.9919479804063203, 0.00023323595390231655, -0.017695327558313136], [-0.12395470306921315, -0.0160590528914408, 0.9921579200950085, 0.02], [0.0, 0.0, 0.0, 1.0]], "antennas": [-0.5203995458394194, 0.272044132125389], "body_yaw": -0.2816576213098778, "check_collision": false}, {"head": [[0.9837168315500844, 0.1232632814295027, 0.13079510226416893, -0.004376381247105279], [-0.12475469358653339, 0.9921823297482671, 0.003238975676247551, -0.015205094911159657], [-0.12937334251380136, -0.019503537795291723, 0.9914041306451544, 0.02], [0.0, 0.0, 0.0, 1.0]], "antennas": [-0.572456423265653, 0.31704727934828936], "body_yaw": -0.2816576213098778, "check_collision": false}, {"head": [[0.9832925121946664, 0.12101479016254875, 0.13598255779259466, -0.00469345198583946], [-0.12289553312555244, 0.9924044234820177, 0.005490736845857587, -0.014027314108257888], [-0.1342852315025308, -0.022110649362660287, 0.990696015831836, 0.02], [0.0, 0.0, 0.0, 1.0]], "antennas": [-0.6171843667439934, 0.3555799258148187], "body_yaw": -0.2816576213098778, "check_collision": false}, {"head": [[0.9828330825229845, 0.118425111654718, 0.14147305336330224, -0.00523228702133903], [-0.12062325128944537, 0.9926734409269519, 0.007033557180302442, -0.014449976409834753], [-0.13960359288618435, -0.02397775235114504, 0.9899171198870416, 0.02], [0.0, 0.0, 0.0, 1.0]], "antennas": [-0.6521573643622312, 0.38497693856499343], "body_yaw": -0.2816576213098778, "check_collision": false}, {"head": [[0.982212399694696, 0.11627792633839898, 0.14743895595272288, -0.005579014111244486], [-0.11891850000973833, 0.9928614635173408, 0.009192639318397297, -0.013194462383334493], [-0.1453175565491691, -0.026562343809350505, 0.9890284372301603, 0.02], [0.0, 0.0, 0.0, 1.0]], "antennas": [-0.676899040942956, 0.40551301866032374], "body_yaw": -0.2816576213098778, "check_collision": false}, {"head": [[0.9817448218433059, 0.11367943233714768, 0.15249292261400052, -0.005788782082448325], [-0.11659777659530522, 0.9931257652775293, 0.010304020329625194, -0.013594174674762989], [-0.15027329528857405, -0.027896254326090088, 0.9882508465555125, 0.02], [0.0, 0.0, 0.0, 1.0]], "antennas": [-0.691611755845451, 0.41778402144533505], "body_yaw": -0.2816576213098778, "check_collision": false}, {"head": [[0.9814958114202438, 0.11103456557210248, 0.15600415831871675, -0.005622053451402612], [-0.1140801087635101, 0.9934141661571427, 0.010678167577539354, -0.01401951986810867], [-0.15379109515515674, -0.02827754809955739, 0.9876986784057445, 0.02], [0.0, 0.0, 0.0, 1.0]], "antennas": [-0.6982043415358155, 0.4239477829697204], "body_yaw": -0.2816576213098778, "check_collision": false}, {"head": [[0.9814800290157737, 0.10897896441921284, 0.15754535206508438, -0.005099229000981996], [-0.11214478827681357, 0.993627399043083, 0.01131982037075195, -0.012327447234680988], [-0.15530775610234057, -0.028778067777273916, 0.9874468713350921, 0.02], [0.0, 0.0, 0.0, 1.0]], "antennas": [-0.6988938807567621, 0.4275197481406165], "body_yaw": -0.2816576213098778, "check_collision": false}, {"head": [[0.9814811524906585, 0.10538420873599967, 0.15996535829577754, -0.0038641945230195873], [-0.10851661779206608, 0.9940343347208391, 0.010949203581536124, -0.012780832673457712], [-0.15785718535619428, -0.02810533659621471, 0.9870619023578177, 0.02], [0.0, 0.0, 0.0, 1.0]], "antennas": [-0.6972650565087594, 0.43217822198855144], "body_yaw": -0.2816576213098778, "check_collision": false}, {"head": [[0.9812706490220259, 0.10320021670605076, 0.16265801129891064, -0.0024447151830792706], [-0.10630230609080474, 0.9942788291940629, 0.010460857338710782, -0.012296588244228274], [-0.16064785428902947, -0.027555853975301924, 0.9866270530570419, 0.02], [0.0, 0.0, 0.0, 1.0]], "antennas": [-0.6975449522975168, 0.4417970206209662], "body_yaw": -0.2816576213098778, "check_collision": false}, {"head": [[0.9811870738868921, 0.10423695745831811, 0.1625010238032717, -0.0009283552725458284], [-0.10733838578050699, 0.9941681526421307, 0.01039976971709107, -0.011508675960106036], [-0.16046930228337675, -0.027646717200533022, 0.9866535673947164, 0.02], [0.0, 0.0, 0.0, 1.0]], "antennas": [-0.7036067846701193, 0.45911684941801695], "body_yaw": -0.2816576213098778, "check_collision": false}, {"head": [[0.9814257889902134, 0.10678789908609482, 0.15937303822703375, 0.0007308664180920542], [-0.11002813869791905, 0.9938605265851341, 0.011621634592075505, -0.01184690618978745], [-0.1571535217537584, -0.02894129065363648, 0.9871500252219483, 0.02], [0.0, 0.0, 0.0, 1.0]], "antennas": [-0.7176456096377417, 0.4862909987809278], "body_yaw": -0.2816576213098778, "check_collision": false}, {"head": [[0.9823132555779371, 0.11067742634261837, 0.15103368900364203, 0.001977550010850919], [-0.11417705413653628, 0.9933520671833708, 0.014672114068078387, -0.012142224944077858], [-0.1484057553620379, -0.031657193822234544, 0.9884197255491842, 0.02], [0.0, 0.0, 0.0, 1.0]], "antennas": [-0.7415375343288833, 0.5241339574824913], "body_yaw": -0.2816576213098778, "check_collision": false}, {"head": [[0.9838854975966389, 0.11389073978953042, 0.1378340560573032, 0.002287055178069486], [-0.11803559438031015, 0.9927599727683828, 0.022253874453829266, -0.011225628767310682], [-0.13430162351327413, -0.038164589073031704, 0.9902053009667164, 0.02], [0.0, 0.0, 0.0, 1.0]], "antennas": [-0.7760991644499858, 0.5723659544809142], "body_yaw": -0.2816576213098778, "check_collision": false}, {"head": [[0.9856000878787412, 0.11532527204554417, 0.12366304379659689, 0.0024150480153307154], [-0.12000093754001472, 0.9922888024800112, 0.031027527492582113, -0.01146430276665187], [-0.11913119559097567, -0.045420415017992516, 0.9918390716929124, 0.02], [0.0, 0.0, 0.0, 1.0]], "antennas": [-0.8210483637994568, 0.6288795704625504], "body_yaw": -0.2816576213098778, "check_collision": false}, {"head": [[0.9870349027189494, 0.11653214566988097, 0.11037372803420009, 0.0021306690014035942], [-0.12150471791627611, 0.9918074101500962, 0.03942923655671138, -0.010987858328181999], [-0.10487470781213218, -0.052328961359199316, 0.9931077360812307, 0.02], [0.0, 0.0, 0.0, 1.0]], "antennas": [-0.8745524699381938, 0.6911953130932008], "body_yaw": -0.2816576213098778, "check_collision": false}, {"head": [[0.9881440082266921, 0.11739662038713265, 0.09894166224278904, 0.0019040993561730106], [-0.12232591400996491, 0.9914556272578144, 0.0453002200926225, -0.010409670635223498], [-0.09277817505918808, -0.05686627032338975, 0.994061586387983, 0.02], [0.0, 0.0, 0.0, 1.0]], "antennas": [-0.93358406621948, 0.7557804103853907], "body_yaw": -0.2816576213098778, "check_collision": false}, {"head": [[0.9892529135430362, 0.11595426631709542, 0.08906896861128245, 0.0012331978847804868], [-0.12081418415842561, 0.9913515413719336, 0.051245041961394004, -0.01076970171665927], [-0.08235657807818104, -0.0614551018415487, 0.9947063207323541, 0.02], [0.0, 0.0, 0.0, 1.0]], "antennas": [-0.9951609593579294, 0.819051548343039], "body_yaw": -0.2816576213098778, "check_collision": false}, {"head": [[0.9902003243524831, 0.11218731827433327, 0.0831704470990178, 0.0005855497046378701], [-0.11700320660281709, 0.9915810011273736, 0.05547402858900683, -0.01116617928132891], [-0.07624675269738096, -0.06466161010714853, 0.9949901049163531, 0.02], [0.0, 0.0, 0.0, 1.0]], "antennas": [-1.0554215119173909, 0.8771818805906665], "body_yaw": -0.2816576213098778, "check_collision": false}, {"head": [[0.9908794821720086, 0.10716684469196, 0.0816891621287797, 0.0003516736304004474], [-0.1120618092193838, 0.992013713252789, 0.057887335686593995, -0.009911385101618077], [-0.07483316594272325, -0.0665136085112161, 0.9949753449999684, 0.02], [0.0, 0.0, 0.0, 1.0]], "antennas": [-1.1105377321824892, 0.9272389110393086], "body_yaw": -0.2816576213098778, "check_collision": false}, {"head": [[0.9914666660489401, 0.10139732342711634, 0.08192943863847946, 0.00026784111591331844], [-0.10637885560578351, 0.9925792214608434, 0.05890694529671308, -0.01026412432051894], [-0.07534845183415162, -0.06711983258324511, 0.994895742718901, 0.02], [0.0, 0.0, 0.0, 1.0]], "antennas": [-1.1575825440249816, 0.967435494252036], "body_yaw": -0.2816576213098778, "check_collision": false}, {"head": [[0.9917381495301025, 0.09793186242267196, 0.08285404690801275, 0.00024514703107709687], [-0.10310154935582641, 0.9928232845990533, 0.06059699727194014, -0.009084183907795678], [-0.07632505019347459, -0.068638734548171, 0.9947176538257425, 0.02], [0.0, 0.0, 0.0, 1.0]], "antennas": [-1.1950410498436248, 0.9969131802259019], "body_yaw": -0.2816576213098778, "check_collision": false}, {"head": [[0.9917341166273399, 0.09604072907345834, 0.08508595816249048, 0.0004488760761893751], [-0.10133551640192676, 0.993025826554875, 0.06025629353488942, -0.00881554658730625], [-0.07870549557016551, -0.06838045154900993, 0.9945499277628091, 0.02], [0.0, 0.0, 0.0, 1.0]], "antennas": [-1.2217795334219048, 1.016326171019138], "body_yaw": -0.2816576213098778, "check_collision": false}, {"head": [[0.9912303149184647, 0.09555381334136265, 0.09127941467037202, 0.0014075792990798398], [-0.10113621833992131, 0.9931442286435178, 0.05861745859359943, -0.008931702459241343], [-0.08505250217684056, -0.06733505675349657, 0.9940986178470738, 0.02], [0.0, 0.0, 0.0, 1.0]], "antennas": [-1.2387287766233954, 1.027131063610168], "body_yaw": -0.2816576213098778, "check_collision": false}, {"head": [[0.9902236105209108, 0.0971181321429098, 0.10012626816177864, 0.0026181944087454827], [-0.10321433112799049, 0.992989542061315, 0.057607041294115736, -0.00892406831120298], [-0.09382964892150897, -0.06737831821834626, 0.9933056725989912, 0.02], [0.0, 0.0, 0.0, 1.0]], "antennas": [-1.2487122346376658, 1.0326827730062604], "body_yaw": -0.2816576213098778, "check_collision": false}, {"head": [[0.9886381212241008, 0.10058991395681093, 0.11169751327868264, 0.002813831724455731], [-0.107