{"description": "A funny way to scold your interlocutor because you think they\u2019re saying something silly.", "time": [0.0, 0.0100860595703125, 0.02012157440185547, 0.030141353607177734, 0.04018831253051758, 0.05037093162536621, 0.06045079231262207, 0.07040929794311523, 0.08049917221069336, 0.0905294418334961, 0.10058164596557617, 0.11070966720581055, 0.12072372436523438, 0.13073134422302246, 0.1408843994140625, 0.15092992782592773, 0.16092967987060547, 0.1710052490234375, 0.18105006217956543, 0.19112014770507812, 0.20111298561096191, 0.21117854118347168, 0.22132325172424316, 0.2314774990081787, 0.24147653579711914, 0.2515573501586914, 0.26163816452026367, 0.2716541290283203, 0.28170013427734375, 0.2917764186859131, 0.30178332328796387, 0.31186437606811523, 0.32195329666137695, 0.33197593688964844, 0.34206700325012207, 0.3521616458892822, 0.3621823787689209, 0.3721935749053955, 0.38265013694763184, 0.39258313179016113, 0.4027900695800781, 0.4126138687133789, 0.42284274101257324, 0.43294644355773926, 0.44288206100463867, 0.4530293941497803, 0.46304774284362793, 0.4735860824584961, 0.48327183723449707, 0.4933488368988037, 0.5032045841217041, 0.5132341384887695, 0.5232422351837158, 0.5333237648010254, 0.5434229373931885, 0.553809404373169, 0.5636746883392334, 0.5735623836517334, 0.5837349891662598, 0.5938055515289307, 0.6037626266479492, 0.6143133640289307, 0.6242289543151855, 0.6342933177947998, 0.6445205211639404, 0.6544613838195801, 0.6644866466522217, 0.6746213436126709, 0.6846587657928467, 0.6946730613708496, 0.704700231552124, 0.7148370742797852, 0.7249467372894287, 0.7348649501800537, 0.7449214458465576, 0.7557415962219238, 0.7653393745422363, 0.7751438617706299, 0.7852494716644287, 0.7952358722686768, 0.80531907081604, 0.8154544830322266, 0.8254942893981934, 0.8354537487030029, 0.8456614017486572, 0.8556585311889648, 0.8656208515167236, 0.8757197856903076, 0.8858621120452881, 0.8958432674407959, 0.905855655670166, 0.9159665107727051, 0.9260389804840088, 0.9361231327056885, 0.9461419582366943, 0.956146240234375, 0.9662318229675293, 0.9763829708099365, 0.9866161346435547, 0.996732234954834, 1.0066852569580078, 1.0168101787567139, 1.026674509048462, 1.0366778373718262, 1.046771764755249, 1.0568740367889404, 1.067307710647583, 1.0771379470825195, 1.0870792865753174, 1.0970706939697266, 1.1071438789367676, 1.117232084274292, 1.1272084712982178, 1.1372902393341064, 1.147416591644287, 1.1574501991271973, 1.167452335357666, 1.1775672435760498, 1.1876554489135742, 1.1979849338531494, 1.207798719406128, 1.217881441116333, 1.2279255390167236, 1.237938404083252, 1.2480695247650146, 1.2580370903015137, 1.268021583557129, 1.2781791687011719, 1.2882966995239258, 1.298264980316162, 1.3083083629608154, 1.3184354305267334, 1.3284618854522705, 1.338472843170166, 1.3485438823699951, 1.3586599826812744, 1.3687629699707031, 1.378805160522461, 1.3888683319091797, 1.398963451385498, 1.408992052078247, 1.4192709922790527, 1.4291479587554932, 1.4393959045410156, 1.4494755268096924, 1.4593455791473389, 1.4693183898925781, 1.4794609546661377, 1.4896090030670166, 1.499610424041748, 1.5096490383148193, 1.5197248458862305, 1.5297763347625732, 1.540257215499878, 1.5504987239837646, 1.5600275993347168, 1.5700533390045166, 1.5800659656524658, 1.5901260375976562, 1.6003763675689697, 1.610405445098877, 1.6205029487609863, 1.6305112838745117, 1.6404902935028076, 1.6505601406097412, 1.6605637073516846, 1.6706171035766602, 1.6807827949523926, 1.6908254623413086, 1.700819969177246, 1.7109003067016602, 1.721019983291626, 1.730994462966919, 1.741041898727417, 1.751121997833252, 1.7612171173095703, 1.771233081817627, 1.7813260555267334, 1.7913696765899658, 1.8014261722564697, 1.8114864826202393, 1.82155179977417, 1.8316261768341064, 1.8416948318481445, 1.8518147468566895, 1.861772060394287, 1.8718180656433105, 1.8819763660430908, 1.8920307159423828, 1.9019899368286133, 1.912019968032837, 1.9220664501190186, 1.9322335720062256, 1.942267656326294, 1.9522733688354492, 1.9623310565948486, 1.9723997116088867, 1.9825632572174072, 1.9925751686096191, 2.0025482177734375, 2.0126731395721436, 2.02272629737854, 2.032747745513916, 2.042829751968384, 2.0528905391693115, 2.0630533695220947, 2.0730738639831543, 2.083125591278076, 2.093134641647339, 2.103135824203491, 2.113278865814209, 2.1232645511627197, 2.133327007293701, 2.1433627605438232, 2.1535487174987793, 2.1634933948516846, 2.173607587814331, 2.183692455291748, 2.193699836730957, 2.2037014961242676, 2.2138078212738037, 2.2239456176757812, 2.2340753078460693, 2.244049310684204, 2.2541260719299316, 2.264103412628174, 2.2741429805755615, 2.284278631210327, 2.294304847717285, 2.3042995929718018, 2.3144025802612305, 2.324434280395508, 2.334479570388794, 2.3446288108825684, 2.3546884059906006, 2.3646621704101562, 2.374739170074463, 2.384884834289551, 2.395143985748291, 2.4050087928771973, 2.4150242805480957, 2.425168991088867, 2.4351325035095215, 2.4452383518218994, 2.455213785171509, 2.4652292728424072, 2.4753098487854004, 2.4855880737304688, 2.4956252574920654, 2.5055184364318848, 2.515620708465576, 2.525679349899292, 2.5358529090881348, 2.5458078384399414, 2.555830240249634, 2.565891981124878, 2.5760691165924072, 2.5861570835113525, 2.5960676670074463, 2.606139659881592, 2.6162078380584717, 2.6268274784088135, 2.636251926422119, 2.646373987197876, 2.656480550765991, 2.6665079593658447, 2.6765453815460205, 2.6865885257720947, 2.696664571762085, 2.7066879272460938, 2.7168705463409424, 2.726882219314575, 2.736861228942871, 2.7470123767852783, 2.75703501701355, 2.7670023441314697, 2.777045488357544, 2.7871525287628174, 2.7971763610839844, 2.807236433029175, 2.817347526550293, 2.8273823261260986, 2.837615728378296, 2.847774028778076, 2.8578226566314697, 2.867865800857544, 2.8777308464050293, 2.8878891468048096, 2.8978519439697266, 2.9078831672668457, 2.918053388595581, 2.9280662536621094, 2.9380998611450195, 2.948178291320801, 2.9582762718200684, 2.968254804611206, 2.978341579437256, 2.988434076309204, 2.9985103607177734, 3.0087664127349854, 3.0186281204223633, 3.0287787914276123, 3.0387485027313232, 3.0488712787628174, 3.0588538646698, 3.0689449310302734, 3.0790627002716064, 3.0891549587249756, 3.0991079807281494, 3.1092162132263184, 3.1194353103637695, 3.129336357116699, 3.1392621994018555, 3.149421215057373, 3.159459352493286, 3.1695523262023926, 3.1795663833618164, 3.189640760421753, 3.1996922492980957, 3.2097814083099365, 3.219890594482422, 3.22990083694458, 3.239959716796875, 3.2501590251922607, 3.2600624561309814, 3.270085096359253, 3.2801496982574463, 3.290266990661621, 3.300281286239624, 3.3103628158569336, 3.3204305171966553, 3.3305013179779053, 3.340653896331787, 3.350646495819092, 3.360628366470337, 3.3707125186920166, 3.380847930908203, 3.390822172164917, 3.4008548259735107, 3.411013603210449, 3.421083450317383, 3.431061029434204, 3.44110107421875, 3.451143503189087, 3.461207866668701, 3.4713239669799805, 3.481440305709839, 3.491811513900757, 3.501492738723755, 3.5115489959716797, 3.521692991256714, 3.531687021255493, 3.542181968688965, 3.5517923831939697, 3.561873435974121, 3.571917772293091, 3.581984281539917, 3.591982364654541, 3.602047920227051, 3.6120781898498535, 3.622112989425659, 3.632181167602539, 3.6422934532165527, 3.652364730834961, 3.6623923778533936, 3.6724390983581543, 3.6825344562530518, 3.6926939487457275, 3.7025623321533203, 3.71268892288208, 3.7227721214294434, 3.7328758239746094, 3.742856979370117, 3.7529516220092773, 3.7630269527435303, 3.773045778274536, 3.7831428050994873, 3.7931175231933594, 3.803177833557129, 3.8133575916290283, 3.8233962059020996, 3.8334109783172607, 3.843456745147705, 3.8535661697387695, 3.8635218143463135, 3.8735907077789307, 3.883665084838867, 3.8937461376190186, 3.9038853645324707, 3.9138906002044678, 3.9239561557769775, 3.9340569972991943, 3.9440560340881348, 3.9540998935699463, 3.9641427993774414, 3.974249839782715, 3.984443426132202, 3.9943323135375977, 4.004357576370239, 4.014411687850952, 4.024535179138184, 4.034590482711792, 4.044613599777222, 4.054752826690674, 4.06485915184021, 4.074992895126343, 4.085031270980835, 4.094973087310791, 4.105146169662476, 4.115211486816406, 4.125117301940918, 4.135116338729858, 4.145310878753662, 4.155501365661621, 4.1653523445129395, 4.175435304641724, 4.1854798793792725, 4.19570779800415, 4.2055823802948, 4.215736150741577, 4.225662708282471, 4.235745429992676, 4.245790243148804, 4.255868911743164, 4.265908479690552, 4.276093006134033, 4.286038160324097, 4.296041488647461], "set_target_data": [{"head": [[0.8785878292320479, 0.4686992714258456, -0.09167561993354204, -0.011952608633792204], [-0.4774096695445354, 0.8670782548310133, -0.1423211418749225, 0.00010333974486176193], [0.012784121037256298, 0.1688084505114772, 0.9855659659734699, 0.008423356000222431], [0.0, 0.0, 0.0, 1.0]], "antennas": [-0.0, -0.0], "body_yaw": -0.2681879916749186, "check_collision": false}, {"head": [[0.8789808989783261, 0.4681289076003954, -0.09081797784642741, -0.011805356911170331], [-0.4767067904238309, 0.8674004284606823, -0.14271346352056127, 7.503501093305404e-05], [0.011967255118174674, 0.16873595519356646, 0.9855886374293543, 0.00838460683617282], [0.0, 0.0, 0.0, 1.0]], "antennas": [-0.0, -0.0], "body_yaw": -0.2681879916749186, "check_collision": false}, {"head": [[0.8792565694143973, 0.46772224084546316, -0.09024295296655042, -0.011756397624582322], [-0.4762101745792005, 0.8676483884998627, -0.14286407372337528, 0.00015969181887990486], [0.011478448016687848, 0.16858878774132413, 0.9856196354979128, 0.0083709947190504], [0.0, 0.0, 0.0, 1.0]], "antennas": [-0.0, -0.0], "body_yaw": -0.2681879916749186, "check_collision": false}, {"head": [[0.8792796792657203, 0.4678100579955656, -0.08956000931530922, -0.012007265394048219], [-0.4761634381898006, 0.8679353754017954, -0.1412677042264544, 0.0009347006156070387], [0.011645847398993145, 0.16685902362272964, 0.9859119841416014, 0.00830156814116218], [0.0, 0.0, 0.0, 1.0]], "antennas": [-0.0, -0.0], "body_yaw": -0.2681879916749186, "check_collision": false}, {"head": [[0.879434937856805, 0.4675524520507898, -0.08938061679184707, -0.012016978847346427], [-0.4758810179261463, 0.8680648060919298, -0.14142400504212432, 0.0010538032452716692], [0.011465027447503329, 0.16690774998745211, 0.9859058556169316, 0.008312621212905663], [0.0, 0.0, 0.0, 1.0]], "antennas": [-0.0, -0.0], "body_yaw": -0.2681879916749186, "check_collision": false}, {"head": [[0.8790388588067528, 0.4683018506732287, -0.08935357499143963, -0.012198199594885769], [-0.4766066643000295, 0.8677995478949652, -0.1406059465957729, 0.0014520073949663328], [0.011694966973908552, 0.16618460015694403, 0.9860253071895041, 0.008236343031330145], [0.0, 0.0, 0.0, 1.0]], "antennas": [-0.0, -0.0], "body_yaw": -0.2681879916749186, "check_collision": false}, {"head": [[0.8792188765119748, 0.4679707247020183, -0.08931723241843478, -0.012231035131860014], [-0.4762773030285873, 0.8679312545236384, -0.14090872237316837, 0.0015769627884475413], [0.011580060657704394, 0.1664293791459045, 0.9859853771493129, 0.00824115570995188], [0.0, 0.0, 0.0, 1.0]], "antennas": [-0.0, -0.0], "body_yaw": -0.2681879916749186, "check_collision": false}, {"head": [[0.8791690372615752, 0.46821262336335423, -0.08853667739282205, -0.012193712678564391], [-0.47638245712218397, 0.8679279672713808, -0.14057310615618976, 0.0015377299410652566], [0.011025355630789171, 0.16576484232603325, 0.9861036753718343, 0.008214796217201786], [0.0, 0.0, 0.0, 1.0]], "antennas": [-0.0, -0.0], "body_yaw": -0.2681879916749186, "check_collision": false}, {"head": [[0.8792833572994294, 0.4680517916582631, -0.08825133371079608, -0.012207314849972183], [-0.47617689024901017, 0.8680327585377915, -0.14062254192715562, 0.0016503308915805151], [0.010786415949077102, 0.16567030642442365, 0.9861222048003034, 0.008198542077898779], [0.0, 0.0, 0.0, 1.0]], "antennas": [-0.0, -0.0], "body_yaw": -0.2681879916749186, "check_collision": false}, {"head": [[0.8792622260658157, 0.4682526864276634, -0.08739198743055826, -0.012135562288691507], [-0.47623029225290325, 0.8680443285532189, -0.14037005523724028, 0.001584204124070329], [0.010131463591253019, 0.16504079895549417, 0.9862347023531627, 0.00812477932852374], [0.0, 0.0, 0.0, 1.0]], "antennas": [-0.0, -0.0], "body_yaw": -0.2681879916749186, "check_collision": false}, {"head": [[0.8793972791311349, 0.468059493875522, -0.08706742013949587, -0.012138054023551278], [-0.4759853251259765, 0.8681890454522225, -0.14030592154815688, 0.0016809839382903459], [0.009919461753327516, 0.16482745993841355, 0.9862725347127818, 0.008098704709998133], [0.0, 0.0, 0.0, 1.0]], "antennas": [-0.0, -0.0], "body_yaw": -0.2681879916749186, "check_collision": false}, {"head": [[0.8791925114336361, 0.46849644890754444, -0.0867848212536991, -0.01216678990415599], [-0.4763553322165776, 0.8682215400933302, -0.1388414735833644, 0.001724206218312063], [0.010301713830714154, 0.1634087962105671, 0.9865046578770744, 0.008119506249773705], [0.0, 0.0, 0.0, 1.0]], "antennas": [-0.0, -0.0], "body_yaw": -0.2681879916749186, "check_collision": false}, {"head": [[0.8792054720299823, 0.468496759403151, -0.08665174194026279, -0.012184469505856176], [-0.47633187962326756, 0.8682651371883606, -0.13864916876001138, 0.0018369711048103058], [0.010280000345366767, 0.16317609497724622, 0.9865434017927827, 0.008101749019545806], [0.0, 0.0, 0.0, 1.0]], "antennas": [-0.0, -0.0], "body_yaw": -0.2681879916749186, "check_collision": false}, {"head": [[0.8791055474905565, 0.4688123447055451, -0.08595592953960848, -0.0121999287401535], [-0.47652734050436185, 0.868201057936979, -0.13837852705152745, 0.0022188187380927328], [0.009753467238318228, 0.16260968128865974, 0.9866422661877159, 0.007730718483076831], [0.0, 0.0, 0.0, 1.0]], "antennas": [-0.0, -0.0], "body_yaw": -0.2681879916749186, "check_collision": false}, {"head": [[0.8791688401271175, 0.46873502995666405, -0.08572993783425029, -0.01221114579597856], [-0.47641435672771193, 0.8682607078091087, -0.1383932945577436, 0.00233994949471698], [0.00956615143407167, 0.16251404544331302, 0.9866598571850329, 0.0076854361522226185], [0.0, 0.0, 0.0, 1.0]], "antennas": [-0.0, -0.0], "body_yaw": -0.2681879916749186, "check_collision": false}, {"head": [[0.8795546454980462, 0.4679990563336387, -0.08579340798470615, -0.01214702337228005], [-0.47569045022357914, 0.8687740697790183, -0.13765976625612253, 0.002296846447102859], [0.010110447512110265, 0.16189039177920783, 0.9867569507739379, 0.0076624012537022165], [0.0, 0.0, 0.0, 1.0]], "antennas": [-0.0, -0.0], "body_yaw": -0.2681879916749186, "check_collision": false}, {"head": [[0.8796715624537765, 0.4678031802535866, -0.08566286683716698, -0.01217011418936323], [-0.4754774240715237, 0.8688656464415554, -0.13781766081314398, 0.002429954688745133], [0.009957982147013121, 0.16196503628354106, 0.9867462518870955, 0.007610363325229802], [0.0, 0.0, 0.0, 1.0]], "antennas": [-0.0, -0.0], "body_yaw": -0.2681879916749186, "check_collision": false}, {"head": [[0.8800101147080842, 0.4671612270558738, -0.08568889045328575, -0.012133627323697554], [-0.4748526963369928, 0.8691267241823, -0.13832445226218176, 0.002315314184035603], [0.009854683807847708, 0.1624165177800434, 0.9866730765351067, 0.007509591506862595], [0.0, 0.0, 0.0, 1.0]], "antennas": [-0.0, -0.0], "body_yaw": -0.2681879916749186, "check_collision": false}, {"head": [[0.8800339580291275, 0.46710492168907314, -0.08575094663869756, -0.012149457854472537], [-0.4748067983285267, 0.8691577873352323, -0.13828682140947884, 0.002450068899771588], [0.009936648157286503, 0.1624122312154111, 0.9866729600911491, 0.007448719954634813], [0.0, 0.0, 0.0, 1.0]], "antennas": [-0.0, -0.0], "body_yaw": -0.2681879916749186, "check_collision": false}, {"head": [[0.8795448995046977, 0.4679674624565455, -0.08606523012955289, -0.012463588391508712], [-0.4757002372775446, 0.8688147817447681, -0.13736869831180099, 0.002742314478315218], [0.01049066296088847, 0.1617631883457189, 0.9867738428266472, 0.007371112466580404], [0.0, 0.0, 0.0, 1.0]], "antennas": [-0.0, -0.0], "body_yaw": -0.2681879916749186, "check_collision": false}, {"head": [[0.8796866498575251, 0.46771067388308335, -0.08601234561547588, -0.012502734449114223], [-0.4754385761253154, 0.868949687777566, -0.13742125178880912, 0.002908850628424978], [0.01046701458758307, 0.1617812277339453, 0.9867711365653744, 0.0073120327351128885], [0.0, 0.0, 0.0, 1.0]], "antennas": [-0.0, -0.0], "body_yaw": -0.2681879916749186, "check_collision": false}, {"head": [[0.8801182260467093, 0.4669635119472913, -0.08565621221047187, -0.01224735544384612], [-0.4746499552947298, 0.8692716180268965, -0.13810964496229905, 0.00250147603222682], [0.009966349336863418, 0.16220953302057584, 0.9867060044806367, 0.007390706353049342], [0.0, 0.0, 0.0, 1.0]], "antennas": [-0.0, -0.0], "body_yaw": -0.2681879916749186, "check_collision": false}, {"head": [[0.8802145269232292, 0.46680329688387423, -0.08553986562802823, -0.012237176563241997], [-0.47447169005878176, 0.8693868843866985, -0.1379965962955336, 0.0026577620724516212], [0.0099499711597002, 0.1620528533372206, 0.9867319143512012, 0.007339029975574457], [0.0, 0.0, 0.0, 1.0]], "antennas": [-0.0, -0.0], "body_yaw": -0.2681879916749186, "check_collision": false}, {"head": [[0.8799595779390318, 0.4673319955022993, -0.08527571268069203, -0.0123912390960728], [-0.47494752580162736, 0.8691838074659515, -0.13763849960641217, 0.0028936905685809245], [0.009797393953169399, 0.1616178047704852, 0.9868047913609337, 0.0072373980529629785], [0.0, 0.0, 0.0, 1.0]], "antennas": [-0.0, -0.0], "body_yaw": -0.2681879916749186, "check_collision": false}, {"head": [[0.8798814381431019, 0.4674619505991846, -0.08536966412744137, -0.012417082409170272], [-0.47508970301782316, 0.8691280200455355, -0.13750003221150117, 0.003064592320990876], [0.009921133889996443, 0.16154197446401594, 0.9868159714904314, 0.007194248922960838], [0.0, 0.0, 0.0, 1.0]], "antennas": [-0.0, -0.0], "body_yaw": -0.2681879916749186, "check_collision": false}, {"head": [[0.880289835894385, 0.46664310587716173, -0.08563887293952815, -0.01225832457019057], [-0.4743248604892324, 0.869538789023093, -0.1375435244063609, 0.0027811564587405004], [0.010282584446864383, 0.16169881298750757, 0.9867865839863877, 0.007272664160249636], [0.0, 0.0, 0.0, 1.0]], "antennas": [-0.0, -0.0], "body_yaw": -0.2681879916749186, "check_collision": false}, {"head": [[0.8802347824592263, 0.4666790845313065, -0.08600790550862408, -0.012285736280229463], [-0.4744197254845253, 0.8694935165046992, -0.13750254116735447, 0.002937383605610427], [0.010613756175188165, 0.1618383663329375, 0.9867601995229335, 0.007237964274980696], [0.0, 0.0, 0.0, 1.0]], "antennas": [-0.0, -0.0], "body_yaw": -0.2681879916749186, "check_collision": false}, {"head": [[0.8801474508502877, 0.46684659544123486, -0.08599256413590783, -0.012468575921229238], [-0.4745797498542892, 0.8694495269062678, -0.13722820843655725, 0.0029689335834425555], [0.010701672298315049, 0.1615913874171359, 0.9867997252343681, 0.007249760497154372], [0.0, 0.0, 0.0, 1.0]], "antennas": [-0.0, -0.0], "body_yaw": -0.2681879916749186, "check_collision": false}, {"head": [[0.8802695455420879, 0.46656679837355397, -0.08626094044570759, -0.012520059771196499], [-0.47434793176944534, 0.8695596959520693, -0.13733162345867422, 0.003127830124391626], [0.010934661273952949, 0.16180654446343296, 0.986761914218231, 0.007219249289620427], [0.0, 0.0, 0.0, 1.0]], "antennas": [-0.0, -0.0], "body_yaw": -0.2681879916749186, "check_collision": false}, {"head": [[0.8803013401364985, 0.46649725803316033, -0.08631256456291972, -0.012622353845131148], [-0.47428688619564696, 0.8696031007295716, -0.13726761010650873, 0.003081579996721784], [0.01102271004438507, 0.16177377862020192, 0.986766306890451, 0.007350672099552596], [0.0, 0.0, 0.0, 1.0]], "antennas": [-0.0, -0.0], "body_yaw": -0.2681879916749186, "check_collision": false}, {"head": [[0.8805131068861433, 0.46608058987194145, -0.08640342786217606, -0.012677819908380059], [-0.4738920328858095, 0.8697898520636139, -0.13744800622239456, 0.003242351655657562], [0.011090976921175312, 0.16197066707209556, 0.9867332432016032, 0.007329763406551787], [0.0, 0.0, 0.0, 1.0]], "antennas": [-0.0, -0.0], "body_yaw": -0.2681879916749186, "check_collision": false}, {"head": [[0.8808117653684888, 0.46553127404162087, -0.08632072102126802, -0.012758278320714491], [-0.473327927176732, 0.8702080682987291, -0.1367427922136031, 0.003368616984355672], [0.01145894161886385, 0.16130266816447794, 0.9868384578541697, 0.007399629324571782], [0.0, 0.0, 0.0, 1.0]], "antennas": [-0.0, -0.0], "body_yaw": -0.2681879916749186, "check_collision": false}, {"head": [[0.8810263448140548, 0.46507746226948166, -0.08657675110886051, -0.012829823535212705], [-0.47292435504886754, 0.8703820991630618, -0.13703122220178668, 0.0035443698380834623], [0.011624721295555536, 0.16167237100222684, 0.9867760183087748, 0.0074051831381349905], [0.0, 0.0, 0.0, 1.0]], "antennas": [-0.0, -0.0], "body_yaw": -0.2681879916749186, "check_collision": false}, {"head": [[0.8811884285314664, 0.4647683231603902, -0.08658729242171365, -0.012872979634482093], [-0.47262459632806253, 0.8704921302866391, -0.1373660877173265, 0.003471930223545177], [0.011530150388444765, 0.16196869109709888, 0.9867285334560422, 0.0074537221621955915], [0.0, 0.0, 0.0, 1.0]], "antennas": [-0.0, -0.0], "body_yaw": -0.2681879916749186, "check_collision": false}, {"head": [[0.8815843217022242, 0.4639623252380354, -0.08687948255224082, -0.012981694777673924], [-0.4718827487472613, 0.8708022516161493, -0.1379496647874649, 0.003640413095262314], [0.011651401785137523, 0.16261119069719754, 0.9866214296762874, 0.007478132440975621], [0.0, 0.0, 0.0, 1.0]], "antennas": [-0.0, -0.0], "body_yaw": -0.2681879916749186, "check_collision": false}, {"head": [[0.8820541449142227, 0.46310856203202544, -0.0866657095526823, -0.013052630877931869], [-0.4710105128976627, 0.8711943361410848, -0.13845405525146615, 0.003475779803118419], [0.01138341686493604, 0.16294443362178723, 0.9865695765490414, 0.007682801893183494], [0.0, 0.0, 0.0, 1.0]], "antennas": [-0.0, -0.0], "body_yaw": -0.2681879916749186, "check_collision": false}, {"head": [[0.8827515130665916, 0.4617430634027734, -0.08685107701154737, -0.013171837985212948], [-0.469704213794212, 0.8717337534475502, -0.13949270462718494, 0.0036362326572140172], [0.011301226597343846, 0.16393171291628805, 0.9864069524175746, 0.007724079423933444], [0.0, 0.0, 0.0, 1.0]], "antennas": [-0.0, -0.0], "body_yaw": -0.2681879916749186, "check_collision": false}, {"head": [[0.8833434939499364, 0.4605946806138168, -0.08692992514994344, -0.013251818411584893], [-0.46859008884623643, 0.8722364767080776, -0.14009588621710292, 0.003254502307243357], [0.011296031665807421, 0.1644872909684371, 0.9863145191968279, 0.007796956981563524], [0.0, 0.0, 0.0, 1.0]], "antennas": [-0.0, -0.0], "body_yaw": -0.2681879916749186, "check_collision": false}, {"head": [[0.8840426429349059, 0.45923676307413464, -0.08700690153003723, -0.013379911156841048], [-0.4672684835628371, 0.8728543203310071, -0.14066093895741755, 0.0033818257266129493], [0.011347675601334622, 0.16500585117106248, 0.9862273061205312, 0.007830067036257054], [0.0, 0.0, 0.0, 1.0]], "antennas": [-0.0, -0.0], "body_yaw": -0.2681879916749186, "check_collision": false}, {"head": [[0.8846051460261465, 0.45808828171084726, -0.08734335569042208, -0.013466586346601419], [-0.4661961796156201, 0.8733454599764526, -0.14116950680058007, 0.003084072197337371], [0.011612826351093078, 0.16559841091544922, 0.9861248950140228, 0.007912279073944989], [0.0, 0.0, 0.0, 1.0]], "antennas": [-0.0, -0.0], "body_yaw": -0.2681879916749186, "check_collision": false}, {"head": [[0.8854604351912232, 0.4562342850183179, -0.0883747412148631, -0.013659942954391317], [-0.46454414464340904, 0.8741355019894329, -0.14172459856780525, 0.003173104414482112], [0.012591877877949832, 0.16654549329089144, 0.9859533676984934, 0.007977021894854447], [0.0, 0.0, 0.0, 1.0]], "antennas": [-0.0, -0.0], "body_yaw": -0.2681879916749186, "check_collision": false}, {"head": [[0.886387653695732, 0.4542849125189671, -0.0891187165157224, -0.013916973201796232], [-0.46275297152378414, 0.8749764751376674, -0.14239331199733724, 0.003034611453493885], [0.013289647161723477, 0.16745562460932034, 0.9857900380228133, 0.008017471956002503], [0.0, 0.0, 0.0, 1.0]], "antennas": [-0.0, -0.0], "body_yaw": -0.2681879916749186, "check_collision": false}, {"head": [[0.8875599054748913, 0.4516909268500402, -0.09062406300069287, -0.014171554826190752], [-0.46045672395858084, 0.8760632825966488, -0.14315282130407128, 0.0031040652722943356], [0.01473158357859837, 0.16878516370622057, 0.9855427687106891, 0.00810062662477185], [0.0, 0.0, 0.0, 1.0]], "antennas": [-0.0, -0.0], "body_yaw": -0.2681879916749186, "check_collision": false}, {"head": [[0.8885149535308412, 0.4495748542296278, -0.09178032358025161, -0.014353115780639572], [-0.45857824364783945, 0.8769013729061234, -0.14404852185363942, 0.0028214442009089884], [0.015721698538947587, 0.170077725289835, 0.9853052296396714, 0.008306532322560184], [0.0, 0.0, 0.0, 1.0]], "antennas": [-0.0, -0.0], "body_yaw": -0.2681879916749186, "check_collision": false}, {"head": [[0.8895104726307416, 0.447373236274202, -0.09288867824326995, -0.014536462211512391], [-0.4566080120719713, 0.8777988168483597, -0.14483908468124998, 0.00292459140638278], [0.016740441807706327, 0.17124959738687515, 0.9850854445188579, 0.008360383883944894], [0.0, 0.0, 0.0, 1.0]], "antennas": [-0.0, -0.0], "body_yaw": -0.2681879916749186, "check_collision": false}, {"head": [[0.8903897706415497, 0.4454393008200301, -0.09375438988042725, -0.014633634253106122], [-0.45485450211509865, 0.8786508632212318, -0.14518967754702797, 0.0027000572360198413], [0.017704187146383554, 0.17192001002078536, 0.9849518119745446, 0.00851174796877569], [0.0, 0.0, 0.0, 1.0]], "antennas": [-0.0, -0.0], "body_yaw": -0.2681879916749186, "check_collision": false}, {"head": [[0.8916059373000107, 0.4428280939612677, -0.094562845610736, -0.014761435197311825], [-0.45242233755809186, 0.8798598461340866, -0.14546710844508248, 0.00279499844379928], [0.018785128422270654, 0.1724816812288542, 0.9848335842113766, 0.008554441605365342], [0.0, 0.0, 0.0, 1.0]], "antennas": [-0.0, -0.0], "body_yaw": -0.2681879916749186, "check_collision": false}, {"head": [[0.8932627055465503, 0.43920077983398603, -0.0958353477213654, -0.01472536544307133], [-0.44907894852600877, 0.8814430187061796, -0.1462405647038859, 0.0022054302653402866], [0.020244428132967528, 0.1736688796743837, 0.9845960000742503, 0.008835655723566876], [0.0, 0.0, 0.0, 1.0]], "antennas": [-0.0, -0.0], "body_yaw": -0.2681879916749186, "check_collision": false}, {"head": [[0.8949500416773993, 0.4355151138707826, -0.09690721589097638, -0.01490582617523062], [-0.4456424064120275, 0.8830823155127338, -0.1468620769156076, 0.002252732314447776], [0.021616394447695322, 0.17462018674479707, 0.9843985584468792, 0.008915707015569046], [0.0, 0.0, 0.0, 1.0]], "antennas": [-0.0, -0.0], "body_yaw": -0.2681879916749186, "check_collision": false}, {"head": [[0.8961701603899974, 0.4327801186487141, -0.09787958177766917, -0.015266264099691146], [-0.4431281640470454, 0.8842449264586403, -0.14747318488609604, 0.002325584326460515], [0.022726061138289164, 0.1755342671234276, 0.9842109769813483, 0.008980215216281623], [0.0, 0.0, 0.0, 1.0]], "antennas": [-0.0, -0.0], "body_yaw": -0.2681879916749186, "check_collision": false}, {"head": [[0.8971669282768766, 0.4305151304823503, -0.09873310099454302, -0.015416042312465737], [-0.44106339456854654, 0.8851394702670823, -0.14829430247645906, 0.002418364713608844], [0.023549623731694246, 0.17659230051469907, 0.9840023244998061, 0.009010836033676256], [0.0, 0.0, 0.0, 1.0]], "antennas": [-0.0, -0.0], "body_yaw": -0.2681879916749186, "check_collision": false}, {"head": [[0.8981415028753414, 0.42838543441066346, -0.09913506139409259, -0.01530743105009674], [-0.4390654753158145, 0.8859113651762501, -0.1496080259787249, 0.0017593702098660873], [0.023734978376254046, 0.1778959601462048, 0.9837630193116322, 0.009159568226021158], [0.0, 0.0, 0.0, 1.0]], "antennas": [-0.0, -0.0], "body_yaw": -0.2681879916749186, "check_collision": false}, {"head": [[0.8988321907550877, 0.42709233365624427, -0.09845217821091125, -0.01526056972779384], [-0.43768047660994897, 0.8865093545603248, -0.1501231650063522, 0.0018775439005366957], [0.023162324082388608, 0.17802612956838632, 0.9837531214354558, 0.009104536053826278], [0.0, 0.0, 0.0, 1.0]], "antennas": [-0.0, -0.0], "body_yaw": -0.2681879916749186, "check_collision": false}, {"head": [[0.899688271844608, 0.42541647123967585, -0.0978868709441938, -0.015149446180132907], [-0.43594501898170845, 0.8872305319400434, -0.15091031647447423, 0.0014971524858179552], [0.02264848626952988, 0.17844553564426918, 0.9836890956386216, 0.009243306262957279], [0.0, 0.0, 0.0, 1.0]], "antennas": [-0.0, -0.0], "body_yaw": -0.2681879916749186, "check_collision": false}, {"head": [[0.900703787396281, 0.4237552138751446, -0.095729859937353, -0.015011221818635852], [-0.4339291651363649, 0.8881611639448368, -0.15124558342050762, 0.0016175464312795022], [0.020932439276207408, 0.17776744801504815, 0.9838498703624272, 0.009155218458712816], [0.0, 0.0, 0.0, 1.0]], "antennas": [-0.0, -0.0], "body_yaw": -0.28373829580633486, "check_collision": false}, {"head": [[0.9012263057018711, 0.422870329757404, -0.09471974515285443, -0.01519707231038972], [-0.43286963555929814, 0.8887376960966197, -0.150894619346194, 0.0018204259313126378], [0.0203721506404638, 0.17699150190824622, 0.9840015161220765, 0.009212442036095952], [0.0, 0.0, 0.0, 1.0]], "antennas": [-0.0, -0.0], "body_yaw": -0.3061876785312668, "check_collision": false}, {"head": [[0.9021114904990919, 0.4214497669100296, -0.09260104038826222, -0.015136713339096204], [-0.4310996413085994, 0.8895473048922402, -0.15119091117705716, 0.001972679521982643], [0.018653631633110415, 0.17631133352803383, 0.9841576884302955, 0.009159423190380883], [0.0, 0.0, 0.0, 1.0]], "antennas": [-0.0, -0.0], "body_yaw": -0.33411252045740164, "check_collision": false}, {"head": [[0.9020538278018844, 0.42171942721410977, -0.09193267350714697, -0.015218735732029856], [-0.4312377120671878, 0.8895712164148141, -0.15065552302297225, 0.0021073927820557596], [0.018246299324128704, 0.17554422700980887, 0.984302441795459, 0.009243605196149645], [0.0, 0.0, 0.0, 1.0]], "antennas": [-0.0, -0.0], "body_yaw": -0.3620373623835365, "check_collision": false}, {"head": [[0.9022731486938934, 0.42141478593222015, -0.09117424715185907, -0.015225611716814576], [-0.4308077262480027, 0.8897444933009885, -0.15086232016508663, 0.002305959446176658], [0.0175461719766219, 0.17539759074248482, 0.9843413112384842, 0.009225668583164098], [0.0, 0.0, 0.0, 1.0]], "antennas": [-0.0, -0.0], "body_yaw": -0.3899622043096714, "check_collision": false}, {"head": [[0.9023238623520554, 0.4214459891959525, -0.09052582847294913, -0.015214297665687018], [-0.43072008999167927, 0.8898316311271721, -0.15059838087813496, 0.0024231328567390666], [0.017083662008728517, 0.17487980568436465, 0.9844415686348125, 0.009219762816329418], [0.0, 0.0, 0.0, 1.0]], "antennas": [-0.0, -0.0], "body_yaw": -0.41788704623580625, "check_collision": false}, {"head": [[0.9028056782670739, 0.4205611444548787, -0.08983446478680165, -0.015248852171785216], [-0.42973449194053837, 0.8902273371957898, -0.15107466546678375, 0.002603427993694374], [0.016436962168714875, 0.1749960339096174, 0.9844319247111849, 0.00921118230606544], [0.0, 0.0, 0.0, 1.0]], "antennas": [-0.0, -0.0], "body_yaw": -0.4446072871376765, "check_collision": false}, {"head": [[0.9032599222974425, 0.41996446077633603, -0.08804183355689427, -0.015074629134578462], [-0.428853346673934, 0.8904151744867129, -0.15246515697156368, 0.0021780463223701136], [0.014363837153949968, 0.1754727008073855, 0.9843795058073775, 0.009189995265160516], [0.0, 0.0, 0.0, 1.0]], "antennas": [-0.0, -0.0], "body_yaw": -0.4667281423105362, "check_collision": false}, {"head": [[0.9035273275491058, 0.419491358644642, -0.08755208960637613, -0.015113697736484195], [-0.4283062651906358, 0.8906143541341405, -0.1528391815231819, 0.002330719032910539], [0.013860431826582434, 0.17559348573537606, 0.9843651843685252, 0.009163487649062057], [0.0, 0.0, 0.0, 1.0]], "antennas": [-0.0, -0.0], "body_yaw": -0.4788836617372067, "check_collision": false}, {"head": [[0.9032827701687347, 0.420087352564813, -0.08721727656481393, -0.015171455950058827], [-0.4288302110512119, 0.890420589120017, -0.15249860511143978, 0.0026578514876224382], [0.013597323489193479, 0.17515076558853035, 0.9844477244159193, 0.0090379303221293], [0.0, 0.0, 0.0, 1.0]], "antennas": [-0.0, -0.0], "body_yaw": -0.4830450107301209, "check_collision": false}, {"head": [[0.9032934858626072, 0.4200548812730571, -0.08726267883154654, -0.015204009837230338], [-0.4288089100764242, 0.8903968005895009, -0.15269726958609856, 0.002816138771325938], [0.013557176595769577, 0.17534946312623376, 0.9844129056163844, 0.008998994727283943], [0.0, 0.0, 0.0, 1.0]], "antennas": [-0.0, -0.0], "body_yaw": -0.45512016880398604, "check_collision": false}, {"head": [[0.9035314487647029, 0.41968593733148823, -0.08657156056897099, -0.014962994886114378], [-0.42833473840921205, 0.8904833684294969, -0.15352108136138354, 0.002440286066917638], [0.012659895934359594, 0.17579273180836213, 0.9843457941588841, 0.009052182935075875], [0.0, 0.0, 0.0, 1.0]], "antennas": [-0.0, -0.0], "body_yaw": -0.42719532687785117, "check_collision": false}, {"head": [[0.9034785639431628, 0.4198691096257439, -0.08623465241586714, -0.014923045350029753], [-0.4284580769732386, 0.8903952076540498, -0.15368815980125522, 0.002568851324941221], [0.012254010429028739, 0.17580189125486345, 0.9843492948438672, 0.00899977654574186], [0.0, 0.0, 0.0, 1.0]], "antennas": [-0.0, -0.0], "body_yaw": -0.39927048495171635, "check_collision": false}, {"head": [[0.902903386077657, 0.42113505964698833, -0.08608563727840819, -0.014873928914740894], [-0.4296827329938932, 0.8897576585023872, -0.15396122272588167, 0.002299773559679797], [0.011756886339534867, 0.17600162122116222, 0.9843196660389969, 0.00901292640647689], [0.0, 0.0, 0.0, 1.0]], "antennas": [-0.0, -0.0], "body_yaw": -0.3713456430255815, "check_collision": false}, {"head": [[0.9027896796428158, 0.4214906427205448, -0.08553614691722047, -0.014821145864383161], [-0.4299375429090485, 0.889616870245526, -0.15406340698519283, 0.0024104011381579525], [0.01115811488345337, 0.17586205467234012, 0.9843515805842294, 0.00894553100230589], [0.0, 0.0, 0.0, 1.0]], "antennas": [-0.0, -0.0], "body_yaw": -0.3434208010994466, "check_collision": false}, {"head": [[0.902066978347648, 0.4230099858716518, -0.08566048346588379, -0.014859876895686706], [-0.4314569059479771, 0.8888760845372672, -0.15409167611359031, 0.0024397739782207905], [0.01095923740697511, 0.17595981981850894, 0.9843363433933014, 0.008862818663210764], [0.0, 0.0, 0.0, 1.0]], "antennas": [-0.0, -0.0], "body_yaw": -0.31549595917331175, "check_collision": false}, {"head": [[0.901783178367482, 0.4236579646160637, -0.0854460545070179, -0.014824325972403813], [-0.432058743484056, 0.8885660254996522, -0.1541935812760375, 0.002547231174869934], [0.010599122247659916, 0.17596689275294208, 0.9843390225234666, 0.00879609811363819], [0.0, 0.0, 0.0, 1.0]], "antennas": [-0.0, -0.0], "body_yaw": -0.3330174286171611, "check_collision": false}, {"head": [[0.9011225088346321, 0.4250407960612639, -0.08554849943269488, -0.014846611078712695], [-0.43343926790668585, 0.8878945927820158, -0.15418687734361483, 0.002708297543629527], [0.010422336978574608, 0.17602134470587869, 0.9843311745037031, 0.008753702091549636], [0.0, 0.0, 0.0, 1.0]], "antennas": [-0.0, -0.0], "body_yaw": -0.3609422705432959, "check_collision": false}, {"head": [[0.9010506843661114, 0.42519509596843236, -0.08553826376398811, -0.014805461951935038], [-0.4335937603029211, 0.8877482959687081, -0.15459435316669165, 0.002818822964147555], [0.010203687065713146, 0.17638620515519457, 0.9842681501507677, 0.008724011644651369], [0.0, 0.0, 0.0, 1.0]], "antennas": [-0.0, -0.0], "body_yaw": -0.3888671124694308, "check_collision": false}, {"head": [[0.901176655355109, 0.4246976685669018, -0.0866748300074292, -0.014607804084894729], [-0.43330755079731303, 0.8878435321963828, -0.1548496973167349, 0.00253602578762111], [0.01118938179760924, 0.1771037906169388, 0.9841285714194556, 0.00898826502580114], [0.0, 0.0, 0.0, 1.0]], "antennas": [-0.0, -0.0], "body_yaw": -0.41679195439556566, "check_collision": false}, {"head": [[0.9026375253381573, 0.42111666843128615, -0.08891709296159982, -0.01446201109802046], [-0.4301944970497056, 0.8891478118774425, -0.15604122321267308, 0.0026621682224830484], [0.013348878588046065, 0.1791003076571636, 0.9837402539479368, 0.008981990560546776], [0.0, 0.0, 0.0, 1.0]], "antennas": [-0.0, -0.0], "body_yaw": -0.4447167963217005, "check_collision": false}, {"head": [[0.9065140268326195, 0.411632345941133, -0.09376103098147338, -0.014144341557073255], [-0.42175375316324787, 0.892918456263816, -0.1575449210738272, 0.002309647184275109], [0.0188703695889509, 0.1823607475265542, 0.9830505922449431, 0.009265991369307952], [0.0, 0.0, 0.0, 1.0]], "antennas": [-0.0, -0.0], "body_yaw": -0.4726416382478354, "check_collision": false}, {"head": [[0.9111573153743845, 0.4000567273984871, -0.09872670106388076, -0.013873667815179317], [-0.411295577200928, 0.8975546670308594, -0.1588444769769427, 0.0023306290121920714], [0.025065809675726657, 0.18533816270357167, 0.9823550634220626, 0.009339751865598938], [0.0, 0.0, 0.0, 1.0]], "antennas": [-0.0, -0.0], "body_yaw": -0.49925236996568156, "check_collision": false}, {"head": [[0.9154947514437332, 0.3888715419301704, -0.10319052260662778, -0.013620020431714409], [-0.401139087349936, 0.9019703575159139, -0.15980271200037535, 0.0023530383362311428], [0.030932065547545136, 0.18769229616440372, 0.9817407036898776, 0.009300132805561417], [0.0, 0.0, 0.0, 1.0]], "antennas": [-0.0, -0.0], "body_yaw": -0.5202781332983007, "check_collision": false}, {"head": [[0.9205124052039103, 0.3757137055002406, -0.10721997652018968, -0.013378978486406672], [-0.389014225665634, 0.9068889509986119, -0.1619270292026754, 0.002353023966733965], [0.03639840787010777, 0.19076593526076766, 0.9809605057537257, 0.009353980631573838], [0.0, 0.0, 0.0, 1.0]], "antennas": [-0.0, -0.0], "body_yaw": -0.5299149414924179, "check_collision": false}, {"head": [[0.9262517286690195, 0.360327577826816, -0.11055212252649388, -0.012901696113270644], [-0.3745788184021609, 0.9125857528294291, -0.1639449680142243, 0.00219396530788074], [0.04181439874127143, 0.1932647934575874, 0.9802552094570587, 0.009286675805969818], [0.0, 0.0, 0.0, 1.0]], "antennas": [-0.0, -0.0], "body_yaw": -0.5234538996349984, "check_collision": false}, {"head": [[0.9328728196349839, 0.3424280322356375, -0.1117646863973758, -0.012639872179246843], [-0.35737839222409623, 0.918670656480775, -0.16830005850415453, 0.0021533860579552727], [0.04504427996532487, 0.1969448340536279, 0.9793792652399754, 0.00926467706846657], [0.0, 0.0, 0.0, 1.0]], "antennas": [-0.0, -0.0], "body_yaw": -0.5066989944793175, "check_collision": false}, {"head": [[0.9401155209638938, 0.32237641835485037, -0.11070795875403447, -0.01252912995042826], [-0.33769536805287664, 0.9250303162126862, -0.17401365602472119, 0.0012127930597334497], [0.04631031891942298, 0.2009785037663389, 0.9785003808815943, 0.008722175254103187], [0.0, 0.0, 0.0, 1.0]], "antennas": [-0.0, -0.0], "body_yaw": -0.48392108420231333, "check_collision": false}, {"head": [[0.9500543806444167, 0.2925202119852996, -0.108759364647046, -0.012139231665728018], [-0.30837348938636017, 0.9334899896406857, -0.1830361447482784, 0.0008571985669874349], [0.047984006314960165, 0.20743279591402053, 0.9770717324317894, 0.008606782565016352], [0.0, 0.0, 0.0, 1.0]], "antennas": [-0.0, -0.0], "body