{"description": "Like a sad 'yes,' or a grumpy 'OK.'", "time": [0.0, 0.009872674942016602, 0.02000570297241211, 0.030048608779907227, 0.0401461124420166, 0.05021047592163086, 0.06019115447998047, 0.07029390335083008, 0.08036041259765625, 0.09051060676574707, 0.10043764114379883, 0.11046576499938965, 0.12061500549316406, 0.13065719604492188, 0.14072918891906738, 0.15087366104125977, 0.16077733039855957, 0.17084646224975586, 0.18084216117858887, 0.1909351348876953, 0.20104074478149414, 0.2110133171081543, 0.22117853164672852, 0.23118948936462402, 0.2412281036376953, 0.25127077102661133, 0.26139187812805176, 0.2713956832885742, 0.2814748287200928, 0.2915618419647217, 0.3015866279602051, 0.31174397468566895, 0.3219139575958252, 0.33178019523620605, 0.3418083190917969, 0.35189342498779297, 0.3619840145111084, 0.37197446823120117, 0.382016658782959, 0.3920881748199463, 0.4021577835083008, 0.4121668338775635, 0.4222855567932129, 0.43235278129577637, 0.4424290657043457, 0.45247912406921387, 0.46254754066467285, 0.47255730628967285, 0.48268866539001465, 0.4927103519439697, 0.5027370452880859, 0.5127370357513428, 0.5229263305664062, 0.5329372882843018, 0.5429413318634033, 0.5530436038970947, 0.5630834102630615, 0.5731921195983887, 0.583259105682373, 0.5932910442352295, 0.603356122970581, 0.6134583950042725, 0.6235535144805908, 0.6335358619689941, 0.6435513496398926, 0.6536850929260254, 0.6637656688690186, 0.6737532615661621, 0.6838274002075195, 0.6938560009002686, 0.7039687633514404, 0.7139968872070312, 0.7240204811096191, 0.7340779304504395, 0.7441227436065674, 0.7543468475341797, 0.7642016410827637, 0.7742769718170166, 0.7844264507293701, 0.7944896221160889, 0.8044743537902832, 0.8145205974578857, 0.8246147632598877, 0.834679126739502, 0.844679594039917, 0.8547775745391846, 0.8648402690887451, 0.8749351501464844, 0.8849508762359619, 0.8949816226959229, 0.9050395488739014, 0.9151325225830078, 0.9251585006713867, 0.9352099895477295, 0.9452650547027588, 0.9554376602172852, 0.965463399887085, 0.9754674434661865, 0.9856181144714355, 0.9957473278045654, 1.0057125091552734, 1.0157928466796875, 1.0258033275604248, 1.0358707904815674, 1.0458018779754639, 1.0560011863708496, 1.066133975982666, 1.0760791301727295, 1.0861108303070068, 1.0961766242980957, 1.1062963008880615, 1.1162891387939453, 1.1263041496276855, 1.136357069015503, 1.1464202404022217, 1.156620740890503, 1.166529655456543, 1.17659592628479, 1.1867082118988037, 1.1967906951904297, 1.2068040370941162, 1.2168784141540527, 1.2269163131713867, 1.2370967864990234, 1.247018575668335, 1.2571580410003662, 1.2671635150909424, 1.2772316932678223, 1.2873337268829346, 1.297285795211792, 1.3073678016662598, 1.317420244216919, 1.327509880065918, 1.3375794887542725, 1.347604751586914, 1.3577382564544678, 1.367748737335205, 1.3777387142181396, 1.3878939151763916, 1.3979361057281494, 1.4079349040985107, 1.4180207252502441, 1.4280779361724854, 1.438241720199585, 1.448242425918579, 1.45831298828125, 1.468353509902954, 1.4783837795257568, 1.4885306358337402, 1.4985218048095703, 1.5085620880126953, 1.5186622142791748, 1.5287106037139893, 1.5387682914733887, 1.548827886581421, 1.5588712692260742, 1.569021224975586, 1.5790560245513916, 1.589284896850586, 1.5991873741149902, 1.6092941761016846, 1.6195034980773926, 1.6293878555297852, 1.6394460201263428, 1.649712324142456, 1.659747838973999, 1.6696488857269287, 1.6797094345092773, 1.689777135848999, 1.6998181343078613, 1.7099924087524414, 1.719966173171997, 1.729980230331421, 1.7400562763214111, 1.7500886917114258, 1.7601778507232666, 1.7702279090881348, 1.7803406715393066, 1.7904572486877441, 1.800428867340088, 1.8104472160339355, 1.820603370666504, 1.8306400775909424, 1.840653896331787, 1.8507275581359863, 1.8608033657073975, 1.87095308303833, 1.8809385299682617, 1.8910338878631592, 1.9010334014892578, 1.9110805988311768, 1.9213075637817383, 1.931215524673462, 1.941300630569458, 1.9513249397277832, 1.9614696502685547, 1.9714722633361816, 1.9815185070037842, 1.9917702674865723, 2.0017194747924805, 2.011855363845825, 2.02193021774292, 2.0317933559417725, 2.041872501373291, 2.0520377159118652, 2.0621085166931152, 2.0720839500427246, 2.0821778774261475, 2.092251777648926, 2.102324962615967, 2.1125411987304688, 2.1227126121520996, 2.1327340602874756, 2.1428768634796143, 2.1528806686401367, 2.1628897190093994, 2.1729238033294678, 2.1830670833587646, 2.1930298805236816, 2.2030444145202637, 2.2130911350250244, 2.2233331203460693, 2.233320713043213, 2.243314027786255, 2.2534632682800293, 2.2634341716766357, 2.273529529571533, 2.283588171005249, 2.2935991287231445, 2.303697347640991, 2.313768148422241, 2.3238365650177, 2.3338496685028076, 2.3441498279571533, 2.3542368412017822, 2.364006280899048, 2.374086380004883, 2.384385108947754, 2.3944337368011475, 2.4042868614196777, 2.414299964904785, 2.4244346618652344, 2.4344899654388428, 2.4445102214813232, 2.4546358585357666, 2.4646382331848145, 2.474777936935425, 2.4848220348358154, 2.494856834411621, 2.5049164295196533, 2.5149729251861572, 2.525073766708374, 2.535114049911499, 2.545295476913452, 2.5553553104400635, 2.5653598308563232, 2.5753514766693115, 2.585442066192627, 2.5955259799957275, 2.605644702911377, 2.61574125289917, 2.625718355178833, 2.6357674598693848, 2.645813226699829, 2.6558997631073, 2.6659200191497803, 2.6759328842163086, 2.686368703842163, 2.696251153945923, 2.7061450481414795, 2.71622371673584, 2.726311206817627, 2.7364134788513184, 2.746420383453369, 2.7565510272979736, 2.766547679901123, 2.776664972305298, 2.7867391109466553, 2.7967307567596436, 2.80682635307312, 2.8168411254882812, 2.8269002437591553, 2.8369548320770264, 2.846951961517334, 2.8570873737335205, 2.867154359817505, 2.877167224884033, 2.887331008911133, 2.89731764793396, 2.907465696334839, 2.9174602031707764, 2.927525520324707, 2.9375741481781006, 2.9476265907287598, 2.9577860832214355, 2.967745065689087, 2.9777793884277344, 2.9880025386810303, 2.9980053901672363, 3.008047580718994, 3.018217086791992, 3.0281264781951904, 3.038274049758911, 3.048328161239624, 3.0586626529693604, 3.0689914226531982, 3.078972816467285, 3.089122772216797, 3.099079132080078, 3.10907244682312, 3.119318962097168, 3.129220962524414, 3.1392781734466553, 3.1494152545928955, 3.1594793796539307, 3.169524669647217, 3.1795237064361572, 3.1896958351135254, 3.1997385025024414, 3.2097034454345703, 3.2198727130889893, 3.229832172393799, 3.239927291870117, 3.2499818801879883, 3.260082960128784, 3.2701356410980225, 3.280381441116333, 3.2905867099761963, 3.300313711166382, 3.310324192047119, 3.320479154586792, 3.3305349349975586, 3.3405492305755615, 3.35060453414917, 3.3606550693511963, 3.370793342590332, 3.380769968032837, 3.3908255100250244, 3.400831937789917, 3.410884380340576, 3.4210262298583984, 3.4309780597686768, 3.4410784244537354, 3.4511892795562744, 3.4612157344818115, 3.4713046550750732, 3.4813668727874756, 3.4914798736572266, 3.501513719558716, 3.5115277767181396, 3.5216286182403564, 3.5321547985076904, 3.54178786277771, 3.551839828491211, 3.561892509460449, 3.5718936920166016, 3.5820083618164062, 3.5921552181243896, 3.6020901203155518, 3.6122236251831055, 3.622513771057129, 3.6323060989379883, 3.6423416137695312, 3.6524441242218018, 3.662539005279541, 3.67261004447937, 3.682668685913086, 3.692707061767578, 3.702805280685425, 3.7128305435180664, 3.7230091094970703, 3.732926607131958, 3.742966413497925, 3.7531180381774902, 3.7631611824035645, 3.773146390914917, 3.7832298278808594, 3.793297052383423, 3.803356647491455, 3.8134586811065674, 3.823521375656128, 3.8335556983947754, 3.8436107635498047, 3.853745937347412, 3.863675355911255, 3.8737363815307617, 3.88383412361145, 3.893942356109619, 3.903984308242798, 3.9139935970306396, 3.924137592315674, 3.934156656265259, 3.944167375564575, 3.9543285369873047, 3.96435809135437, 3.9745585918426514, 3.984658718109131, 3.9946072101593018, 4.0050740242004395, 4.014842748641968, 4.02474570274353, 4.034878969192505, 4.044778347015381, 4.0549986362457275, 4.065075397491455, 4.075058460235596, 4.085168361663818, 4.0951457023620605, 4.105211019515991, 4.115908861160278, 4.1255717277526855, 4.13544487953186, 4.14543080329895, 4.155660152435303, 4.165568828582764, 4.1755897998809814, 4.185698509216309, 4.195758819580078, 4.205835342407227, 4.215904235839844, 4.225920677185059, 4.2360007762908936, 4.246006965637207, 4.256190299987793, 4.266220808029175, 4.276217699050903, 4.286405086517334, 4.296385049819946, 4.306398630142212, 4.316496849060059, 4.326580286026001, 4.336670875549316, 4.3467700481414795, 4.356781959533691, 4.366804361343384, 4.376964330673218, 4.386993408203125, 4.396979570388794, 4.407045125961304, 4.41712498664856, 4.42716646194458, 4.437315225601196, 4.447279691696167, 4.457429647445679, 4.467459201812744, 4.477463483810425, 4.487620115280151, 4.497601747512817, 4.507736682891846, 4.517756700515747, 4.52774977684021, 4.537884712219238, 4.547992706298828, 4.558049440383911, 4.568080425262451, 4.578078269958496, 4.588227987289429, 4.598267555236816, 4.6082940101623535, 4.618484258651733, 4.62842059135437, 4.638559341430664, 4.64858078956604, 4.658596754074097, 4.6687352657318115, 4.678776025772095, 4.688921928405762, 4.698851585388184, 4.70889949798584, 4.719019174575806, 4.729060649871826, 4.739068269729614, 4.749156951904297], "set_target_data": [{"head": [[0.9866973936013299, -0.1612744493141914, 0.020464736957662343, -0.014367315679300626], [0.16163446989219268, 0.9866981253521592, -0.017352451388909753, -0.009051041178456861], [-0.017394010549952786, 0.020429425467665952, 0.9996399786783484, 0.003289577630340655], [0.0, 0.0, 0.0, 1.0]], "antennas": [-0.034626420493210255, 0.1300496128796214], "body_yaw": 0.05574017466824588, "check_collision": false}, {"head": [[0.9864310769207875, -0.16286722586655508, 0.020688093760131844, -0.014370277211801905], [0.16324124583540786, 0.9864239747884733, -0.017889595317201128, -0.00911901549664683], [-0.01749360291647801, 0.021024002973787433, 0.9996259126072907, 0.003316526536390583], [0.0, 0.0, 0.0, 1.0]], "antennas": [-0.034626420493210255, 0.1300496128796214], "body_yaw": 0.05574017466824588, "check_collision": false}, {"head": [[0.9861668646868921, -0.16443034832833353, 0.020918306390528444, -0.014431333572163965], [0.16481587634579042, 0.9861551810869171, -0.018267066535130407, -0.00909455105031538], [-0.017625036113274855, 0.021462044731401096, 0.9996142949847973, 0.003328800255815499], [0.0, 0.0, 0.0, 1.0]], "antennas": [-0.034626420493210255, 0.1300496128796214], "body_yaw": 0.05574017466824588, "check_collision": false}, {"head": [[0.9859132511740996, -0.16589197332565048, 0.0213287211393182, -0.0144459962856387], [0.16628965495753867, 0.9859042843039066, -0.01845244821980567, -0.009103681492484979], [-0.017966964502104162, 0.021739258895453112, 0.9996022172890859, 0.003315758466446715], [0.0, 0.0, 0.0, 1.0]], "antennas": [-0.034626420493210255, 0.1300496128796214], "body_yaw": 0.05574017466824588, "check_collision": false}, {"head": [[0.9857364266470728, -0.16691675864233513, 0.02150564729079907, -0.014469300823109564], [0.16732784631265907, 0.9857185722064603, -0.01898126064370304, -0.009089740389308886], [-0.01803022544026996, 0.022309013684909635, 0.9995885247835627, 0.003329230739068321], [0.0, 0.0, 0.0, 1.0]], "antennas": [-0.034626420493210255, 0.1300496128796214], "body_yaw": 0.05574017466824588, "check_collision": false}, {"head": [[0.9856117989104759, -0.16763029498128176, 0.021667165318613943, -0.014483184130795131], [0.1680464323618117, 0.9855947774711483, -0.019061248439300797, -0.009089778093324069], [-0.018159802282038402, 0.022428081194925408, 0.9995835146474712, 0.003353883973002512], [0.0, 0.0, 0.0, 1.0]], "antennas": [-0.034626420493210255, 0.1300496128796214], "body_yaw": 0.05574017466824588, "check_collision": false}, {"head": [[0.9855495745269113, -0.1679715149822076, 0.02185420564574239, -0.014475839186883797], [0.1683907534571147, 0.9855371590268172, -0.019001640126460086, -0.009098596217253565], [-0.018346397465704573, 0.02240710449683951, 0.9995805777265274, 0.003377643568594822], [0.0, 0.0, 0.0, 1.0]], "antennas": [-0.034626420493210255, 0.1300496128796214], "body_yaw": 0.05574017466824588, "check_collision": false}, {"head": [[0.9854311290028913, -0.16867239340277784, 0.02179710292368477, -0.014467188178500217], [0.16909194442873027, 0.9854154011667073, -0.01908930257418325, -0.009039385627780255], [-0.018259362568237538, 0.022496907503834217, 0.9995801542804688, 0.0033519329149865867], [0.0, 0.0, 0.0, 1.0]], "antennas": [-0.034626420493210255, 0.1300496128796214], "body_yaw": 0.05574017466824588, "check_collision": false}, {"head": [[0.985273775813917, -0.16960032888165144, 0.021709793564713854, -0.014441872957639034], [0.17002708583941822, 0.9852445237315904, -0.01959639093981325, -0.009030710890204538], [-0.01806590087269191, 0.02299906302757909, 0.9995722416741628, 0.0033877697406148304], [0.0, 0.0, 0.0, 1.0]], "antennas": [-0.034626420493210255, 0.1300496128796214], "body_yaw": 0.05574017466824588, "check_collision": false}, {"head": [[0.9849583153119863, -0.1714037742051446, 0.021860084309209143, -0.014430101284460066], [0.17185375535799433, 0.9849051378092625, -0.020691937711883084, -0.008971755635372065], [-0.017983433129649205, 0.024137433690216873, 0.9995468875584186, 0.003386137446520608], [0.0, 0.0, 0.0, 1.0]], "antennas": [-0.034626420493210255, 0.1300496128796214], "body_yaw": 0.05574017466824588, "check_collision": false}, {"head": [[0.9845954726491728, -0.17349037780572593, 0.02174497752536077, -0.014389454831133252], [0.17396096606540515, 0.9845063475968318, -0.022018942461824238, -0.008935565152100516], [-0.017587993755483696, 0.02546252835781706, 0.9995210463643496, 0.0034146165075947792], [0.0, 0.0, 0.0, 1.0]], "antennas": [-0.034626420493210255, 0.1300496128796214], "body_yaw": 0.05574017466824588, "check_collision": false}, {"head": [[0.9843156930256283, -0.17504513182056786, 0.021950359664417295, -0.014375644878637227], [0.1755398978045099, 0.9842012904367747, -0.023099008233464453, -0.008905638036023358], [-0.01756020336611966, 0.026589880189791304, 0.999492179823951, 0.0033951585543038326], [0.0, 0.0, 0.0, 1.0]], "antennas": [-0.034626420493210255, 0.1300496128796214], "body_yaw": 0.05574017466824588, "check_collision": false}, {"head": [[0.9840266920391177, -0.17667261735128867, 0.021869056513642994, -0.014334250320632945], [0.1771781055819037, 0.9838897430595385, -0.023851465461130872, -0.008899521627066392], [-0.017302839563480873, 0.02734519666195273, 0.9994762888445928, 0.0034202992041151275], [0.0, 0.0, 0.0, 1.0]], "antennas": [-0.034626420493210255, 0.1300496128796214], "body_yaw": 0.05574017466824588, "check_collision": false}, {"head": [[0.9838154936608259, -0.17787455908639757, 0.02162673490671295, -0.014366854409381978], [0.17838556042881157, 0.9836536901944767, -0.024576606708158442, -0.008853488817579002], [-0.016901664515792406, 0.02803674368767419, 0.9994639937186268, 0.00338145166919168], [0.0, 0.0, 0.0, 1.0]], "antennas": [-0.034626420493210255, 0.1300496128796214], "body_yaw": 0.05574017466824588, "check_collision": false}, {"head": [[0.9836733498772898, -0.17870123290653836, 0.02127463510553274, -0.014344986422637398], [0.179202971165383, 0.983503979233246, -0.02462149381880225, -0.008872615470955497], [-0.016523796981606085, 0.028031985125095027, 0.9994704457577807, 0.0034065942768989315], [0.0, 0.0, 0.0, 1.0]], "antennas": [-0.034626420493210255, 0.1300496128796214], "body_yaw": 0.05574017466824588, "check_collision": false}, {"head": [[0.9835339772146664, -0.17950030066705253, 0.020989466995075135, -0.014380647799211038], [0.18000111245729744, 0.9833469731209202, -0.025066510887219808, -0.008739044226592885], [-0.016140482596098692, 0.028431892556801296, 0.9994654132621114, 0.0033443994562507556], [0.0, 0.0, 0.0, 1.0]], "antennas": [-0.034626420493210255, 0.1300496128796214], "body_yaw": 0.05574017466824588, "check_collision": false}, {"head": [[0.9834204199676044, -0.18017566174862826, 0.02051849176192144, -0.014369882215643422], [0.18066465130901171, 0.9832225288874749, -0.025174241905400314, -0.008773157848556274], [-0.015638457664787667, 0.028463829706529217, 0.9994724853843171, 0.0033703859911177175], [0.0, 0.0, 0.0, 1.0]], "antennas": [-0.034626420493210255, 0.1300496128796214], "body_yaw": 0.05574017466824588, "check_collision": false}, {"head": [[0.9832368976819452, -0.1812070197469611, 0.020229162889462606, -0.014353609029299918], [0.18169051888514906, 0.9830285188289246, -0.02536703601636847, -0.008862719952327694], [-0.01528915903603752, 0.02861725289811897, 0.9994735086296864, 0.003457129271346891], [0.0, 0.0, 0.0, 1.0]], "antennas": [-0.034626420493210255, 0.1300496128796214], "body_yaw": 0.05574017466824588, "check_collision": false}, {"head": [[0.9830960913691353, -0.18199309404492015, 0.02001471595314738, -0.014348365294459884], [0.18247573893501984, 0.982873639633613, -0.02572961743774687, -0.008904692756565111], [-0.014989324029015223, 0.028946886418597197, 0.9994685577504785, 0.0034733729881156732], [0.0, 0.0, 0.0, 1.0]], "antennas": [-0.034626420493210255, 0.1300496128796214], "body_yaw": 0.05574017466824588, "check_collision": false}, {"head": [[0.9829303669722305, -0.18292123633848967, 0.01969047943130362, -0.014374397360905492], [0.18339477575954877, 0.9827016978448356, -0.025762943872585098, -0.008886684647485446], [-0.0146372780236285, 0.028934310934866987, 0.9994741396068151, 0.003483930791391641], [0.0, 0.0, 0.0, 1.0]], "antennas": [-0.034626420493210255, 0.1300496128796214], "body_yaw": 0.05574017466824588, "check_collision": false}, {"head": [[0.9826342572682014, -0.18456211011193965, 0.019150560148413428, -0.014364638445479005], [0.18502367818339352, 0.9823887514126536, -0.026049560636891397, -0.008940437114752555], [-0.014005532994419196, 0.029140497746526526, 0.9994772015592084, 0.0034971005842483454], [0.0, 0.0, 0.0, 1.0]], "antennas": [-0.034626420493210255, 0.1300496128796214], "body_yaw": 0.05574017466824588, "check_collision": false}, {"head": [[0.9824318756070921, -0.18571135111895043, 0.0184093415608829, -0.014373417271787625], [0.18615533162284986, 0.9821663286627617, -0.02637224581826538, -0.009118820365787558], [-0.013183410010999994, 0.029335932006434216, 0.9994826665799642, 0.00350142306483525], [0.0, 0.0, 0.0, 1.0]], "antennas": [-0.034626420493210255, 0.1300496128796214], "body_yaw": 0.05574017466824588, "check_collision": false}, {"head": [[0.9820616322688158, -0.1877155781310428, 0.017827286737961218, -0.014366371385648708], [0.18814575082087112, 0.9817787950086441, -0.026675346659891304, -0.009163912775383887], [-0.012495073971761668, 0.029550962730562028, 0.9994851743413391, 0.003521721888475325], [0.0, 0.0, 0.0, 1.0]], "antennas": [-0.034626420493210255, 0.1300496128796214], "body_yaw": 0.05574017466824588, "check_collision": false}, {"head": [[0.9817327640407568, -0.18948045219988796, 0.01726088766611054, -0.014324382238616283], [0.18989441204371743, 0.9814397347444086, -0.026761153551296595, -0.009138524992880221], [-0.011869805536190244, 0.029550047359542232, 0.9994928225943307, 0.0034691206233395926], [0.0, 0.0, 0.0, 1.0]], "antennas": [-0.034626420493210255, 0.1300496128796214], "body_yaw": 0.05574017466824588, "check_collision": false}, {"head": [[0.9813794978662979, -0.191350897769948, 0.016706737872143038, -0.014327532953547474], [0.1917501332466852, 0.981073517378841, -0.026956258972415173, -0.009170955617016165], [-0.011232433733258801, 0.02965783910780355, 0.9994969959994298, 0.003472261322613022], [0.0, 0.0, 0.0, 1.0]], "antennas": [-0.034626420493210255, 0.1300496128796214], "body_yaw": 0.05574017466824588, "check_collision": false}, {"head": [[0.9811023404632994, -0.1927598320606163, 0.016788230442768143, -0.014325445470843707], [0.1931655031518107, 0.9807848451147404, -0.027352805804209592, -0.00912214846161227], [-0.01119311974135483, 0.030078808773253998, 0.9994848569804536, 0.0034895428610722794], [0.0, 0.0, 0.0, 1.0]], "antennas": [-0.034626420493210255, 0.1300496128796214], "body_yaw": 0.05574017466824588, "check_collision": false}, {"head": [[0.9809576562883598, -0.19351624901381737, 0.016538982340818433, -0.014313860498251368], [0.19391455521931045, 0.9806360652919532, -0.027387090440803938, -0.009142257600519975], [-0.010918875553126735, 0.030072725455768216, 0.9994880736358573, 0.003500436508190095], [0.0, 0.0, 0.0, 1.0]], "antennas": [-0.034626420493210255, 0.1300496128796214], "body_yaw": 0.05574017466824588, "check_collision": false}, {"head": [[0.9807879868354753, -0.19440317287072564, 0.0161966433871282, -0.014366349958889163], [0.19479030403777045, 0.9804640569229294, -0.027330761700018972, -0.008976510773699455], [-0.010567039892420258, 0.02996063183621177, 0.9994952217033789, 0.0034547786126152263], [0.0, 0.0, 0.0, 1.0]], "antennas": [-0.034626420493210255, 0.1300496128796214], "body_yaw": 0.05574017466824588, "check_collision": false}, {"head": [[0.9806316173954694, -0.19519336740813, 0.016161073114740052, -0.014360179194981492], [0.1955798351529219, 0.980305105758222, -0.027393935568235373, -0.008997515672784596], [-0.010495667958786401, 0.030024139358781118, 0.999494068021348, 0.0034595259024178242], [0.0, 0.0, 0.0, 1.0]], "antennas": [-0.034626420493210255, 0.1300496128796214], "body_yaw": 0.05574017466824588, "check_collision": false}, {"head": [[0.9805071287266677, -0.19582371053782027, 0.01608865772479867, -0.014422154010543808], [0.1962066125811669, 0.9801830105267939, -0.027280598491503206, -0.008726758761423644], [-0.010427640941729703, 0.029905522330009444, 0.9994983361859886, 0.0033041446417291214], [0.0, 0.0, 0.0, 1.0]], "antennas": [-0.034626420493210255, 0.1300496128796214], "body_yaw": 0.05574017466824588, "check_collision": false}, {"head": [[0.9804429678070904, -0.19615042126846943, 0.016018711365976084, -0.01442061866696502], [0.1965303896414503, 0.9801201118762609, -0.027209782120503817, -0.008746735876266584], [-0.01036305095057392, 0.029825803121920277, 0.9995013900156058, 0.0033110269893952254], [0.0, 0.0, 0.0, 1.0]], "antennas": [-0.034626420493210255, 0.1300496128796214], "body_yaw": 0.05574017466824588, "check_collision": false}, {"head": [[0.9803875763095006, -0.1964442464263011, 0.015806905579075794, -0.01435998258770335], [0.19681687646313495, 0.9800651516609176, -0.027118547880697733, -0.00899285041385725], [-0.010164514611047492, 0.029697753212411793, 0.9995072416430291, 0.0033899814179842985], [0.0, 0.0, 0.0, 1.0]], "antennas": [-0.034626420493210255, 0.1300496128796214], "body_yaw": 0.05574017466824588, "check_collision": false}, {"head": [[0.9803831301077929, -0.19648353101099345, 0.015592954867452963, -0.01434837930032062], [0.19684618933518636, 0.9800691883429065, -0.026757499978369036, -0.009031376934991724], [-0.010024766544035668, 0.029302015328786297, 0.9995203329364587, 0.0033940085218924203], [0.0, 0.0, 0.0, 1.0]], "antennas": [-0.034626420493210255, 0.1300496128796214], "body_yaw": 0.05574017466824588, "check_collision": false}, {"head": [[0.9804030501790058, -0.1963973731397603, 0.015425012917458143, -0.014267510456128304], [0.19675294405287486, 0.980093949539382, -0.026535430707298684, -0.00919903841240317], [-0.009906472945921941, 0.029050333906812796, 0.9995288589598974, 0.0035231686814470847], [0.0, 0.0, 0.0, 1.0]], "antennas": [-0.039144206966420673, 0.1345663340883958], "body_yaw": 0.05574017466824588, "check_collision": false}, {"head": [[0.9804771058358582, -0.19603765399276726, 0.015293238661293302, -0.014246446931958572], [0.19638446922248817, 0.9801815838523712, -0.026023122888283363, -0.009237278616038876], [-0.009888638932674228, 0.028518430771505874, 0.9995443531561718, 0.0035362212230237704], [0.0, 0.0, 0.0, 1.0]], "antennas": [-0.04585217712011226, 0.14154701193771152], "body_yaw": 0.05574017466824588, "check_collision": false}, {"head": [[0.9806616561800726, -0.19512273497028157, 0.015160290098623335, -0.014175086559382632], [0.19546175750183606, 0.980377458605125, -0.025587888018548704, -0.00941060892233485], [-0.009870027986312264, 0.02805631758933481, 0.9995576149431686, 0.003578814642968829], [0.0, 0.0, 0.0, 1.0]], "antennas": [-0.054476557994224864, 0.15044410050744822], "body_yaw": 0.05574017466824588, "check_collision": false}, {"head": [[0.9809718140082913, -0.19359975565398985, 0.014609405600415796, -0.014090467177493198], [0.19391502165380514, 0.9807083208097576, -0.024660775971358267, -0.009471522540756953], [-0.0095532454321197, 0.027024509342829253, 0.9995891212875881, 0.003604269211438525], [0.0, 0.0, 0.0, 1.0]], "antennas": [-0.06556489550887878, 0.1607100538774857], "body_yaw": 0.05574017466824588, "check_collision": false}, {"head": [[0.9814321597364776, -0.19132447868300378, 0.013633036773595297, -0.01402505418019405], [0.19160682208698426, 0.9811824131945107, -0.02383060568939766, -0.00952559484454015], [-0.008817117710461505, 0.026000305661157526, 0.9996230502248368, 0.0036243169279432923], [0.0, 0.0, 0.0, 1.0]], "antennas": [-0.07911718966407401, 0.17371373684812458], "body_yaw": 0.05574017466824588, "check_collision": false}, {"head": [[0.9820930026715783, -0.1879905592264666, 0.012364616663831091, -0.013932678107769188], [0.1882302680579445, 0.9818680978688848, -0.022458953096085543, -0.00960885818184431], [-0.007918351492419646, 0.02438417579206145, 0.999671301819045, 0.003653420056872636], [0.0, 0.0, 0.0, 1.0]], "antennas": [-0.0954072134198707, 0.18836005757912436], "body_yaw": 0.05574017466824588, "check_collision": false}, {"head": [[0.982909665898665, -0.18378408462748466, 0.010582954247862665, -0.01381846499543379], [0.18396955705742532, 0.9827164375844484, -0.020581675768162177, -0.009749494429520316], [-0.006617458656427435, 0.02217686945825723, 0.9997321619823791, 0.003741854851758375], [0.0, 0.0, 0.0, 1.0]], "antennas": [-0.11333987493602825, 0.20629165383084588], "body_yaw": 0.05574017466824588, "check_collision": false}, {"head": [[0.9837796286238778, -0.1791729425157582, 0.008642856872003783, -0.01366506886683324], [0.1793118846646953, 0.983596984124411, -0.019601551963002596, -0.009854976450632425], [-0.004989020210435149, 0.020833374465220544, 0.999770513760899, 0.0037879153187300174], [0.0, 0.0, 0.0, 1.0]], "antennas": [-0.1342840390128474, 0.227234752643229], "body_yaw": 0.05574017466824588, "check_collision": false}, {"head": [[0.9846119069871557, -0.17460747466372353, 0.007184873740981569, -0.013597720405787115], [0.17471831607877106, 0.9844166225015784, -0.0199354801593471, -0.009868337475161143], [-0.0035920252943649946, 0.020884040177662235, 0.9997754518991465, 0.0038877114047681793], [0.0, 0.0, 0.0, 1.0]], "antennas": [-0.15632329492990715, 0.25173689993639403], "body_yaw": 0.05574017466824588, "check_collision": false}, {"head": [[0.9853162801019192, -0.1706170362191134, 0.006454077619804702, -0.013541267620159298], [0.17071271201243227, 0.9851242157425534, -0.019683737322469044, -0.009860441986590418], [-0.0029996872298764564, 0.020496499931094113, 0.9997854246622613, 0.0038922204618313527], [0.0, 0.0, 0.0, 1.0]], "antennas": [-0.18000518860732778, 0.27788168498991994], "body_yaw": 0.05574017466824588, "check_collision": false}, {"head": [[0.9859658273017612, -0.16685372202316373, 0.005587740166672232, -0.013470400582776192], [0.16693281838765023, 0.9857683923426277, -0.019852224142064567, -0.009920908551615084], [-0.0021958001523872325, 0.02050639181445116, 0.9997873105598224, 0.003933233799593094], [0.0, 0.0, 0.0, 1.0]], "antennas": [-0.20560349300516942, 0.30594288076386683], "body_yaw": 0.05574017466824588, "check_collision": false}, {"head": [[0.9866095353319897, -0.16303784154598933, 0.0045041110133378255, -0.013425497427997351], [0.16309551374279163, 0.9864117133482394, -0.01979356376112454, -0.009973342858033314], [-0.0012158079496605797, 0.02026311904460209, 0.9997939426789972, 0.0039716608677996534], [0.0, 0.0, 0.0, 1.0]], "antennas": [-0.2320231162831915, 0.33564671429817466], "body_yaw": 0.05574017466824588, "check_collision": false}, {"head": [[0.9872398284969671, -0.15920094541139718, 0.0035468308947995495, -0.013413848818252992], [0.1592400257124572, 0.9870437168258523, -0.01968032737792995, -0.01000913224084575], [-0.0003677504247834595, 0.01999400046823735, 0.9998000323589219, 0.00399522910683503], [0.0, 0.0, 0.0, 1.0]], "antennas": [-0.25899028548133385, 0.3672669585529035], "body_yaw": 0.05574017466824588, "check_collision": false}, {"head": [[0.9878391510410509, -0.1554561689355558, 0.002681643223030432, -0.013405168436771605], [0.15547881610393227, 0.9876462772652604, -0.01952354340256115, -0.01003636351796957], [0.00038654031522958126, 0.019703059253629022, 0.9998058011647224, 0.004021553656418653], [0.0, 0.0, 0.0, 1.0]], "antennas": [-0.28787386539989723, 0.39943474872775253], "body_yaw": 0.05574017466824588, "check_collision": false}, {"head": [[0.9884232101853268, -0.15170249202634817, 0.0024313535179155965, -0.01342310953175019], [0.15172097679605556, 0.9882316706120993, -0.019465620957729357, -0.010063133466737057], [0.0005502426592695184, 0.019609158885964303, 0.999807570545853, 0.003990184577897793], [0.0, 0.0, 0.0, 1.0]], "antennas": [-0.31922140195900195, 0.4324238577827821], "body_yaw": 0.05574017466824588, "check_collision": false}, {"head": [[0.9889016940710054, -0.14855756486910465, 0.002022222455036008, -0.013416257727337537], [0.14856836011699914, 0.9887043042827353, -0.01977981458300978, -0.010081708868410984], [0.0009390610425030364, 0.01986073042348522, 0.9998023152360691, 0.004013357509469739], [0.0, 0.0, 0.0, 1.0]], "antennas": [-0.35248534923852765, 0.4662342857179921], "body_yaw": 0.05574017466824588, "check_collision": false}, {"head": [[0.9893442737614557, -0.14558470147626154, 0.0017328218275451967, -0.013399485744239669], [0.1455902196610516, 0.9891450474230153, -0.019888768125955008, -0.009896791757068986], [0.0011814882415649157, 0.01992912076808871, 0.999800697254681, 0.0038704405186743562], [0.0, 0.0, 0.0, 1.0]], "antennas": [-0.3860230694781135, 0.5011398054934426], "body_yaw": 0.05574017466824588, "check_collision": false}, {"head": [[0.9897303588636864, -0.1429401833023382, 0.0013859080242678106, -0.013389478939486724], [0.1429390412615656, 0.9895277455512933, -0.02008161515911193, -0.009831396744201065], [0.0014990753090552993, 0.020073484542255854, 0.9997973834690451, 0.0038322426821585376], [0.0, 0.0, 0.0, 1.0]], "antennas": [-0.4195607897176994, 0.5360453252688931], "body_yaw": 0.05574017466824588, "check_collision": false}, {"head": [[0.9900753217536201, -0.1405308507463855, 0.00139184875730121, -0.013356496744249925], [0.14052981645435125, 0.9898657390601121, -0.02042521290671749, -0.009820213976102003], [0.0014926291476512006, 0.020418095490900262, 0.9997904147543887, 0.003821235840099857], [0.0, 0.0, 0.0, 1.0]], "antennas": [-0.45309850995728523, 0.5709508450443438], "body_yaw": 0.05574017466824588, "check_collision": false}, {"head": [[0.9904022318701895, -0.13820676564346576, 0.0015195515520926872, -0.013320018038280774], [0.13820812422857418, 0.9901816506438086, -0.020947866848955495, -0.009807902476064348], [0.0013905048602346195, 0.020956828449808427, 0.9997794145898179, 0.003816967905093227], [0.0, 0.0, 0.0, 1.0]], "antennas": [-0.4866362301968711, 0.6058563648197943], "body_yaw": 0.05574017466824588, "check_collision": false}, {"head": [[0.9907035298816078, -0.13602974267604856, 0.0015572371719678384, -0.013328049565343943], [0.1360316270191066, 0.9904710735240935, -0.021504626538588582, -0.009667383308459215], [0.001382870440938122, 0.02151654292672283, 0.9997675360051584, 0.0037313618192054143], [0.0, 0.0, 0.0, 1.0]], "antennas": [-0.520173950436457, 0.6407618845952449], "body_yaw": 0.05574017466824588, "check_collision": false}, {"head": [[0.99097067841866, -0.1340688660825482, 0.0016290063844758796, -0.013305546472759153], [0.13407193148522845, 0.9907244130634041, -0.022132657951406003, -0.009641556541710176], [0.001353403960801493, 0.022151219097681404, 0.9997537155670919, 0.0037294976255616286], [0.0, 0.0, 0.0, 1.0]], "antennas": [-0.5537116706760429, 0.6756674043706954], "body_yaw": 0.05574017466824588, "check_collision": false}, {"head": [[0.9912131044857078, -0.13226665920503675, 0.001453395522357896, -0.013293593325183227], [0.13226588861553498, 0.9909612404438788, -0.022395415751270416, -0.00955325425046634], [0.0015219081932370366, 0.02239086422333937, 0.9997481347793471, 0.003738581064699929], [0.0, 0.0, 0.0, 1.0]], "antennas": [-0.5872493909156287, 0.710572924146146], "body_yaw": 0.05574017466824588, "check_collision": false}, {"head": [[0.9914197768357035, -0.13071056772359027, 0.0012544259330346276, -0.013285459865738081], [0.1307050622509844, 0.9911592900929653, -0.022791409881268068, -0.009538057144103315], [0.0017357422075407866, 0.022759814317924367, 0.9997394550837749, 0.003746581496320787], [0.0, 0.0, 0.0, 1.0]], "antennas": [-0.6207871111552146, 0.7454784439215966], "body_yaw": 0.05574017466824588, "check_collision": false}, {"head": [[0.9916296529501157, -0.12910874066195333, 0.001250789637651896, -0.01330523773373474], [0.1291034941856824, 0.9913681076384669, -0.02283775265591211, -0.009329353728817007], [0.001708560528821228, 0.02280807405305481, 0.9997384020727171, 0.0037021881386838356], [0.0, 0.0, 0.0, 1.0]], "antennas": [-0.6543248313948005, 0.7803839636970471], "body_yaw": 0.05574017466824588, "check_collision": false}, {"head": [[0.9918564487499986, -0.127356800620056, 0.0010150905693952837, -0.01329633660173146], [0.1273458981199127, 0.9915864313192803, -0.02322437201575879, -0.009311694370725604], [0.001951231681164475, 0.023164510772232062, 0.9997297625536657, 0.0037150909855403463], [0.0, 0.0, 0.0, 1.0]], "antennas": [-0.6878625516343863, 0.8152894834724976], "body_yaw": 0.05574017466824588, "check_collision": false}, {"head": [[0.9921206796293628, -0.12528437528637426, 0.0006183533566485982, -0.013309912944882705], [0.12526333055443195, 0.9918361829546919, -0.02387643608827605, -0.009244529697372406], [0.00237803914640914, 0.023765762999940803, 0.9997147260288047, 0.003701431941914189], [0.0, 0.0, 0.0, 1.0]], "antennas": [-0.7214002718739722, 0.8501950032479483], "body_yaw": 0.05574017466824588, "check_collision": false}, {"head": [[0.992399549747828, -0.1230571236133395, 0.0002792638871291337, -0.01327071125919177], [0.12302643370644688, 0.992095998816089, -0.024698699208239323, -0.00923158398829386], [0.0027622942965223564, 0.02454533481371025, 0.9996949015920314, 0.003709393505055612], [0.0, 0.0, 0.0, 1.0]], "antennas": [-0.754937992113558, 0.8851005230233988], "body_yaw": 0.05574017466824588, "check_collision": false}, {"head": [[0.992694908359497, -0.12065159053240938, 0.00011233489895046958, -0.01315228932929675], [0.1206152904936124, 0.9923725252251144, -0.02547003881958252, -0.009207480912609364], [0.0029615226271624564, 0.025297527158387782, 0.9996755796274106, 0.003711992958688069], [0.0, 0.0, 0.0, 1.0]], "antennas": [-0.7884757123531438, 0.9200060427988493], "body_yaw": 0.05574017466824588, "check_collision": false}, {"head": [[0.992914476679123, -0.11883113797075445, 5.14742531225504e-05, -0.01304979575540049], [0.11879234377297057, 0.9925790693940193, -0.025984034748805323, -0.009181352541410375], [0.00303662015201003, 0.02580603901179458, 0.9996623566427688, 0.0036959943507059983], [0.0, 0.0, 0.0, 1.0]], "antennas": [-0.8220134325927297, 0.9549115625742999], "body_yaw": 0.05574017466824588, "check_collision": false}, {"head": [[0.9931126145481699, -0.11716364536310743, -0.00012259904495867712, -0.012989610969559869], [0.11711953858849448, 0.9927663961795398, -0.026417726955723624, -0.009166574286159081], [0.003216909404378486, 0.02622141914384141, 0.9996509834297003, 0.003698504651030053], [0.0, 0.0, 0.0, 1.0]], "antennas": [-0.8555511528323156, 0.9898170823497504], "body_yaw": 0.05574017466824588, "check_collision": false}, {"head": [[0.9932825797592907, -0.11571385133368886, -0.00014613778945891595, -0.012927864557731242], [0.11566820622248897, 0.9929246856931518, -0.026859534814060098, -0.009154221709913], [0.0032531240370325763, 0.026662204535276058, 0.9996392069308401, 0.003642802575919089], [0.0, 0.0, 0.0, 1.0]], "antennas": [-0.8890888730719014, 1.024722602125201], "body_yaw": 0.05574017466824588, "check_collision": false}, {"head": [[0.993403408343919, -0.11467196126994696, -9.79244010627814e-05, -0.01287601890587832], [0.1146267764189385, 0.9930352291447375, -0.027234827065009033, -0.009146605443333601], [0.0032203134144406604, 0.02704394527361061, 0.9996290585039784, 0.003651289459510319], [0.0, 0.0, 0.0, 1.0]], "antennas": [-0.9226265933114873, 1.0596281219006516], "body_yaw": 0.05574017466824588, "check_collision": false}, {"head": [[0.9935854277572012, -0.11308372379383257, -0.0002629856641149324, -0.012881777029744404], [0.11303294862551079, 0.9932038233395992, -0.027743789009877142, -0.008995484301386168], [0.0033985693404697693, 0.02753609842592317, 0.9996150324049332, 0.0035922735230263774], [0.0, 0.0, 0.0, 1.0]], "antennas": [-0.9561643135510732, 1.0945336416761022], "body_yaw": 0.05574017466824588, "check_collision": false}, {"head": [[0.9937797368671115, -0.11136327919341553, -0.0002337512004626707, -0.01282625038136225], [0.11131098030781687, 0.9933731287670177, -0.02863027604719575, -0.008969122701728014], [0.0034205635861850672, 0.028426169121343332, 0.9995900422942585, 0.003610195771438394], [0.0, 0.0, 0.0, 1.0]], "antennas": [-0.989702033790659, 1.1294391614515527], "body_yaw": 0.05574017466824588, "check_collision": false}, {"head": [[0.9939899433469728, -0.10947115826891982, -0.00024089903035129563, -0.01281530713169555], [0.10941722095655915, 0.9935646251211447, -0.029278105574344855, -0.008889131437449713], [0.0034444568839262814, 0.02907578399871756, 0.9995712753484038, 0.0035790147427294788], [0.0, 0.0, 0.0, 1.0]], "antennas": [-1.023239754030245, 1.1643446812270033], "body_yaw": 0.05574017466824588, "check_collision": false}, {"head": [[0.9941400125614073, -0.10809997415973316, -0.00017609960119766227, -0.01277558708720184], [0.10804711023002145, 0.9937022224367059, -0.029693687802166892, -0.008871346294120803], [0.00338487744920176, 0.029500656111618638, 0.9995590297194246, 0.003578717027517662], [0.0, 0.0, 0.0, 1.0]], "antennas": [-1.0567774742698308, 1.1992502010024537], "body_yaw": 0.05574017466824588, "check_collision": false}, {"head": [[0.9942558302156964, -0.10702962823893748, -5.254646916299762e-05, -0.012784932704368965], [0.10697933674171838, 0.993803456508345, -0.030168051683334543, -0.008778282780160096], [0.003281096219041845, 0.029989139885984645, 0.9995448393626474, 0.003462697239454358], [0.0, 0.0, 0.0, 1.0]], "antennas": [-1.0903151945094167, 1.2341557207779044], "body_yaw": 0.05574017466824588, "check_collision": false}, {"head": [[0.99434630932498, -0.10618575308221138, -5.453581177644715e-05, -0.012745078915702824], [0.10613434644557536, 0.9938806456801426, -0.030606578492107933, -0.008832774305575105], [0.003304184674275361, 0.030427750241952066, 0.9995315074467896, 0.0035096933459487483], [0.0, 0.0, 0.0, 1.0]], "antennas": [-1.1238529147490024, 1.269061240553355], "body_yaw": 0.05574017466824588, "check_collision": false}, {"head": [[0.9944434602997392, -0.10527204686253169, -2.040720284563597e-05, -0.012721937062222542], [0.10522060394351385, 0.9939635314194618, -0.031066424221570955, -0.008816956365281913], [0.003290710081911349, 0.030891655143830434, 0.9995173219457637, 0.0035167386948169437], [0.0, 0.0, 0.0, 1.0]], "antennas": [-1.1573906349885883, 1.3039667603288054], "body_yaw": 0.05574017466824588, "check_collision": false}, {"head": [[0.9945610025197464, -0.10415560998356108, -0.00014551930997815793, -0.012718063228287751], [0.10409922463597723, 0.9940666571077059, -0.031540967913166074, -0.008817876518690228], [0.0034298246464823465, 0.03135426822082331, 0.9995024493052689, 0.00351504866276142], [0.0, 0.0, 0.0, 1.0]], "antennas": [-1.1909283552281742, 1.338872280104256], "body_yaw": 0.05574017466824588, "check_