{"description": "You\u2019re very sad and start whining.", "time": [0.0, 0.010035276412963867, 0.020174026489257812, 0.03017115592956543, 0.040248870849609375, 0.05031561851501465, 0.06035113334655762, 0.07044100761413574, 0.08092641830444336, 0.09089016914367676, 0.10129332542419434, 0.11142754554748535, 0.12127423286437988, 0.13133835792541504, 0.1414487361907959, 0.15158581733703613, 0.16148638725280762, 0.17157959938049316, 0.1817331314086914, 0.19175434112548828, 0.20176315307617188, 0.21197199821472168, 0.22193050384521484, 0.2319347858428955, 0.24199342727661133, 0.25208449363708496, 0.2620878219604492, 0.2721903324127197, 0.2822551727294922, 0.2925231456756592, 0.30254197120666504, 0.3126997947692871, 0.32259511947631836, 0.3325955867767334, 0.34262657165527344, 0.35276293754577637, 0.36275362968444824, 0.37285542488098145, 0.3829021453857422, 0.3929250240325928, 0.4029841423034668, 0.41326427459716797, 0.4233100414276123, 0.43329954147338867, 0.44336700439453125, 0.45335817337036133, 0.4633185863494873, 0.47347235679626465, 0.48349523544311523, 0.49352407455444336, 0.5036416053771973, 0.5136971473693848, 0.5236825942993164, 0.5339436531066895, 0.544020414352417, 0.5542027950286865, 0.5640811920166016, 0.5744278430938721, 0.5843796730041504, 0.5942072868347168, 0.6042976379394531, 0.6143965721130371, 0.6243851184844971, 0.6345107555389404, 0.6446073055267334, 0.6546761989593506, 0.6646754741668701, 0.6747870445251465, 0.6848621368408203, 0.6948273181915283, 0.7049143314361572, 0.7149920463562012, 0.7250773906707764, 0.7351083755493164, 0.7451539039611816, 0.7552130222320557, 0.7652947902679443, 0.775362491607666, 0.7854375839233398, 0.7954452037811279, 0.8055334091186523, 0.8156838417053223, 0.8256449699401855, 0.8357346057891846, 0.8458499908447266, 0.8559370040893555, 0.86586594581604, 0.8759398460388184, 0.8860113620758057, 0.8959999084472656, 0.9060971736907959, 0.9161713123321533, 0.926171064376831, 0.9364080429077148, 0.9464423656463623, 0.956510066986084, 0.9664742946624756, 0.9765028953552246, 0.9866847991943359, 0.9967494010925293, 1.0067808628082275, 1.0168464183807373, 1.0268187522888184, 1.036956787109375, 1.0471534729003906, 1.0569941997528076, 1.0670037269592285, 1.0770702362060547, 1.0871961116790771, 1.0971412658691406, 1.107224702835083, 1.1174297332763672, 1.1273281574249268, 1.1374146938323975, 1.1475422382354736, 1.1578254699707031, 1.1676251888275146, 1.1777400970458984, 1.187748908996582, 1.1978089809417725, 1.2078843116760254, 1.2179923057556152, 1.22794771194458, 1.2380945682525635, 1.248211145401001, 1.2581169605255127, 1.2681636810302734, 1.2782697677612305, 1.2883374691009521, 1.298368215560913, 1.308440923690796, 1.318497896194458, 1.3286561965942383, 1.3386423587799072, 1.3487107753753662, 1.3587567806243896, 1.368865966796875, 1.378904104232788, 1.3889639377593994, 1.398979902267456, 1.40901780128479, 1.4191837310791016, 1.4291715621948242, 1.439176082611084, 1.449270486831665, 1.4593424797058105, 1.4693872928619385, 1.4794237613677979, 1.4894897937774658, 1.4995296001434326, 1.509664535522461, 1.5197045803070068, 1.5297505855560303, 1.5399270057678223, 1.5499181747436523, 1.5599210262298584, 1.5699915885925293, 1.5801072120666504, 1.5901026725769043, 1.6001701354980469, 1.610234022140503, 1.6202938556671143, 1.630321741104126, 1.6404674053192139, 1.6504590511322021, 1.6604855060577393, 1.6706054210662842, 1.6806869506835938, 1.6906709671020508, 1.7007670402526855, 1.7108378410339355, 1.7209103107452393, 1.730983018875122, 1.7411141395568848, 1.7511303424835205, 1.7611467838287354, 1.7711429595947266, 1.7812471389770508, 1.7913122177124023, 1.801340103149414, 1.8118259906768799, 1.821603536605835, 1.8315463066101074, 1.8416922092437744, 1.851747989654541, 1.8617568016052246, 1.8717873096466064, 1.881929874420166, 1.8919975757598877, 1.9019193649291992, 1.9122099876403809, 1.9221289157867432, 1.9321856498718262, 1.942211389541626, 1.9542186260223389, 1.9625794887542725, 1.9725327491760254, 1.9825851917266846, 1.9925832748413086, 2.0026192665100098, 2.0127310752868652, 2.0228006839752197, 2.03277587890625, 2.042856216430664, 2.0530014038085938, 2.0629372596740723, 2.0730645656585693, 2.083144426345825, 2.093752861022949, 2.1032660007476807, 2.1134071350097656, 2.123366355895996, 2.133392810821533, 2.1434545516967773, 2.1535534858703613, 2.1635279655456543, 2.1736128330230713, 2.1837403774261475, 2.193791627883911, 2.2037699222564697, 2.2139134407043457, 2.223889112472534, 2.2341060638427734, 2.2440345287323, 2.254084587097168, 2.2640700340270996, 2.2741992473602295, 2.2844395637512207, 2.2942845821380615, 2.304378032684326, 2.3145227432250977, 2.324530601501465, 2.334568738937378, 2.3446462154388428, 2.354701280593872, 2.36476469039917, 2.3748443126678467, 2.384866952896118, 2.3949849605560303, 2.4051976203918457, 2.415123462677002, 2.425110101699829, 2.435149908065796, 2.44525408744812, 2.455381155014038, 2.465362071990967, 2.475419759750366, 2.4855241775512695, 2.4956166744232178, 2.505991220474243, 2.5160105228424072, 2.525928258895874, 2.535893678665161, 2.546765089035034, 2.556104898452759, 2.5660557746887207, 2.5761771202087402, 2.586285352706909, 2.5962324142456055, 2.606243848800659, 2.616381883621216, 2.626488447189331, 2.6364569664001465, 2.646531820297241, 2.6566100120544434, 2.6666665077209473, 2.6768083572387695, 2.6868269443511963, 2.69681978225708, 2.7068638801574707, 2.717061996459961, 2.726945638656616, 2.7370550632476807, 2.747126340866089, 2.7572596073150635, 2.767185688018799, 2.77726674079895, 2.7873761653900146, 2.7974495887756348, 2.8075098991394043, 2.8175582885742188, 2.827592611312866, 2.8378076553344727, 2.847831964492798, 2.8578147888183594, 2.867863416671753, 2.877955913543701, 2.888066530227661, 2.8979859352111816, 2.9081695079803467, 2.9182841777801514, 2.9282140731811523, 2.9383280277252197, 2.9484660625457764, 2.9584429264068604, 2.968573808670044, 2.978637456893921, 2.9886393547058105, 2.9987003803253174, 3.0087716579437256, 3.0188426971435547, 3.0288307666778564, 3.0389678478240967, 3.049053192138672, 3.0590007305145264, 3.069164514541626, 3.0792014598846436, 3.0892093181610107, 3.0993027687072754, 3.1093368530273438, 3.119452476501465, 3.129396677017212, 3.139476776123047, 3.1496405601501465, 3.159651517868042, 3.169719696044922, 3.1798317432403564, 3.189826250076294, 3.199904441833496, 3.20992374420166, 3.220022439956665, 3.230081081390381, 3.2402594089508057, 3.2501745223999023, 3.260228395462036, 3.270352602005005, 3.2803900241851807, 3.2903923988342285, 3.3004775047302246, 3.3106110095977783, 3.320659637451172, 3.3306832313537598, 3.3407347202301025, 3.3508126735687256, 3.361294984817505, 3.3709261417388916, 3.381056308746338, 3.3910257816314697, 3.401186227798462, 3.4111852645874023, 3.421250820159912, 3.431279182434082, 3.4413788318634033, 3.451556444168091, 3.461442470550537, 3.471550226211548, 3.4816601276397705, 3.4916841983795166, 3.5017237663269043, 3.5127508640289307, 3.521977663040161, 3.5319926738739014, 3.5429797172546387, 3.5522449016571045, 3.562066078186035, 3.572246789932251, 3.5822811126708984, 3.592264413833618, 3.6023361682891846, 3.6124751567840576, 3.622499704360962, 3.6325507164001465, 3.642571210861206, 3.6526806354522705, 3.6627016067504883, 3.672839879989624, 3.6829116344451904, 3.692894697189331, 3.702991247177124, 3.713135242462158, 3.7231228351593018, 3.733105182647705, 3.7432124614715576, 3.753305435180664, 3.7633423805236816, 3.7733750343322754, 3.7834720611572266, 3.7935378551483154, 3.803629159927368, 3.813697338104248, 3.823714017868042, 3.833757162094116, 3.8439595699310303, 3.8539071083068848, 3.8639469146728516, 3.8740081787109375, 3.88409423828125, 3.8941478729248047, 3.9042227268218994, 3.9143178462982178, 3.9244091510772705, 3.9344069957733154, 3.944540023803711, 3.954603433609009, 3.9646973609924316, 3.974787950515747, 3.984811544418335, 3.994798183441162, 4.004842281341553, 4.014906883239746, 4.025024175643921, 4.034936189651489, 4.045039653778076, 4.055058479309082, 4.065188407897949, 4.075227737426758, 4.085293531417847, 4.095393180847168, 4.105809688568115, 4.115593433380127, 4.1255621910095215, 4.135580062866211, 4.14567494392395, 4.155781507492065, 4.165781021118164, 4.175856590270996, 4.18618631362915, 4.196001291275024, 4.205917596817017, 4.216065883636475, 4.226020574569702, 4.236227989196777, 4.246291875839233, 4.256224870681763, 4.266307353973389, 4.276366472244263, 4.28645396232605, 4.296518564224243, 4.306514263153076, 4.316687822341919, 4.326741695404053, 4.336789131164551, 4.346866846084595, 4.35689377784729, 4.366936445236206, 4.377135992050171, 4.387037992477417, 4.397122859954834, 4.407166242599487, 4.417294502258301, 4.427305221557617, 4.43735146522522, 4.447446823120117, 4.457516193389893, 4.4675188064575195, 4.4776575565338135, 4.487685203552246, 4.497837543487549, 4.508414268493652, 4.5179283618927, 4.527883291244507, 4.5379884243011475, 4.548069953918457, 4.558011293411255, 4.568054914474487, 4.578250408172607, 4.588247776031494, 4.598289728164673, 4.608318567276001, 4.6183977127075195, 4.628429174423218, 4.6385178565979, 4.648594856262207, 4.6586339473724365, 4.668713808059692, 4.6788649559021, 4.68880820274353, 4.698873043060303, 4.708923816680908, 4.719052076339722, 4.729047775268555, 4.7390851974487305, 4.749182939529419, 4.759264707565308, 4.769272327423096, 4.779432058334351, 4.789372444152832, 4.799410820007324, 4.809493541717529, 4.819593906402588, 4.829560041427612, 4.8396923542022705, 4.849764108657837, 4.859812021255493, 4.869875907897949, 4.879955768585205, 4.890031814575195, 4.900005578994751, 4.910069942474365, 4.920170783996582, 4.930191993713379, 4.940422773361206, 4.950475454330444, 4.9604175090789795, 4.971229553222656, 4.980721950531006, 4.990718603134155, 5.000680446624756, 5.011051893234253, 5.021059989929199, 5.031284332275391, 5.041119813919067, 5.05111837387085, 5.061166048049927, 5.071258783340454, 5.081345558166504, 5.091338872909546, 5.101468563079834, 5.111482858657837, 5.121554136276245, 5.13161563873291, 5.14167046546936, 5.1518542766571045, 5.161889314651489, 5.171901226043701, 5.182041883468628, 5.192003488540649, 5.202078104019165, 5.212114095687866, 5.222198486328125, 5.232222318649292, 5.242421865463257, 5.25243616104126, 5.2623865604400635, 5.272467374801636, 5.282576322555542, 5.2926249504089355, 5.302680015563965, 5.3127875328063965, 5.322807550430298, 5.332932949066162, 5.3429787158966064, 5.353035926818848, 5.362995386123657, 5.373149394989014, 5.383179664611816, 5.393202304840088, 5.403303623199463, 5.41338324546814, 5.423413991928101, 5.433448553085327, 5.443506240844727, 5.4536292552948, 5.46364164352417, 5.4737372398376465, 5.483766555786133, 5.493823051452637, 5.503881931304932, 5.51396918296814, 5.523953676223755, 5.53406023979187, 5.544133901596069, 5.554210662841797, 5.5642030239105225, 5.57430362701416, 5.5844433307647705, 5.59442138671875, 5.604460000991821, 5.6145734786987305, 5.62459921836853, 5.634668350219727, 5.644737482070923, 5.654817819595337, 5.664883375167847, 5.674893856048584, 5.684988498687744, 5.695009231567383, 5.705049753189087, 5.715223073959351, 5.725171089172363, 5.735231637954712, 5.7454001903533936, 5.755443572998047, 5.765469074249268, 5.775534629821777, 5.785910367965698, 5.795696020126343, 5.805788278579712, 5.81587815284729, 5.825894117355347, 5.83600115776062, 5.846048593521118, 5.856057405471802, 5.8661208152771, 5.876159906387329, 5.886380195617676, 5.896242141723633, 5.9062981605529785, 5.916458606719971, 5.926453351974487, 5.936556339263916, 5.9467926025390625, 5.956768274307251, 5.966771841049194, 5.976795434951782, 5.986913442611694, 5.996962070465088, 6.007676124572754, 6.01715612411499, 6.027037143707275, 6.037116050720215, 6.047246694564819, 6.0571935176849365, 6.067340135574341, 6.077811002731323, 6.087872266769409, 6.097962379455566, 6.107589244842529, 6.117797374725342, 6.127669811248779, 6.137722730636597, 6.147826433181763, 6.157856225967407, 6.167862176895142, 6.177964687347412, 6.187977313995361, 6.197995662689209, 6.208081007003784, 6.218120813369751, 6.228189468383789, 6.238305568695068, 6.248434066772461, 6.258472681045532, 6.268521070480347, 6.278533935546875, 6.288688898086548, 6.298677682876587, 6.308743000030518, 6.318934917449951, 6.328960657119751, 6.3389647006988525, 6.349013090133667, 6.3589982986450195, 6.369093418121338, 6.379175186157227, 6.389223337173462, 6.399294853210449, 6.409329891204834, 6.419442653656006, 6.429419040679932, 6.43951678276062, 6.4496750831604, 6.459669828414917, 6.4696924686431885, 6.4797868728637695, 6.4898293018341064, 6.4998862743377686, 6.510033369064331, 6.520049571990967, 6.530071496963501, 6.5401692390441895, 6.55025839805603, 6.560210704803467, 6.570375442504883, 6.580437898635864, 6.590475559234619, 6.600579500198364, 6.610626220703125, 6.620657444000244, 6.630723476409912, 6.640807867050171, 6.65083909034729, 6.6608335971832275, 6.67094087600708, 6.681068420410156, 6.6909871101379395, 6.701026678085327, 6.7111523151397705, 6.721240997314453, 6.731313705444336, 6.741318702697754, 6.751420736312866, 6.761465549468994, 6.771527051925659, 6.781616687774658, 6.791662931442261, 6.801743984222412, 6.8118345737457275, 6.821845054626465, 6.831892013549805, 6.841987609863281, 6.852112531661987, 6.862082004547119, 6.872153282165527, 6.882178068161011, 6.892255067825317, 6.9022603034973145, 6.9126198291778564, 6.922595262527466, 6.932433605194092, 6.942550897598267, 6.953108549118042, 6.962789058685303, 6.9727537631988525, 6.982796669006348, 6.992861270904541, 7.003342866897583, 7.013921022415161, 7.023531436920166, 7.033131837844849, 7.0432727336883545, 7.053252220153809, 7.063241243362427, 7.073282957077026, 7.083347797393799, 7.093446731567383, 7.103498697280884, 7.113674163818359, 7.123656272888184, 7.133640766143799, 7.143761873245239, 7.153815984725952, 7.163824081420898, 7.173912525177002, 7.1840269565582275, 7.194030523300171, 7.204087972640991, 7.214213132858276, 7.224198579788208, 7.2342612743377686, 7.2443459033966064, 7.254666805267334, 7.264854669570923, 7.274630784988403, 7.284691572189331, 7.294739484786987, 7.304744482040405, 7.31488299369812, 7.3248772621154785, 7.334968090057373, 7.345096826553345, 7.355009317398071, 7.365086555480957, 7.375136613845825, 7.385253429412842, 7.395323038101196, 7.405325174331665, 7.415419340133667, 7.425621032714844, 7.435489892959595, 7.4456400871276855, 7.455712556838989, 7.465728521347046, 7.4757678508758545, 7.485886335372925, 7.495885133743286, 7.505971670150757, 7.516083478927612, 7.526069164276123, 7.5361127853393555, 7.546234846115112, 7.556289911270142, 7.5663721561431885, 7.576473951339722, 7.58652400970459, 7.596576690673828, 7.606875419616699, 7.616881608963013, 7.626725912094116, 7.636970520019531, 7.646989107131958, 7.656887769699097, 7.666964054107666, 7.677056312561035, 7.687152147293091, 7.697158336639404, 7.707239627838135, 7.717370271682739, 7.727313280105591, 7.737364053726196, 7.747506856918335, 7.757521867752075, 7.767657995223999, 7.777721643447876, 7.7877490520477295, 7.7978127002716064, 7.807972431182861, 7.8179497718811035, 7.827924966812134, 7.8380818367004395, 7.848151683807373, 7.858245611190796, 7.868255615234375, 7.878307104110718, 7.888439178466797, 7.898617744445801, 7.908498048782349, 7.918579816818237, 7.928588151931763, 7.938673973083496, 7.949441194534302, 7.958808660507202, 7.968937635421753, 7.9789252281188965, 7.989085912704468, 7.999099493026733, 8.00926160812378, 8.019160032272339, 8.029160737991333, 8.039304971694946, 8.04939317703247, 8.059361457824707, 8.069518804550171, 8.080021142959595, 8.089868545532227, 8.10044002532959, 8.110624313354492, 8.120545148849487, 8.130388021469116, 8.14047360420227, 8.15058422088623, 8.16053581237793, 8.170671939849854, 8.180821895599365, 8.190804481506348, 8.200777530670166, 8.210896968841553, 8.220984935760498, 8.23101806640625, 8.241039991378784, 8.25109338760376, 8.261239767074585, 8.271839141845703, 8.281503438949585, 8.291387557983398, 8.301537990570068, 8.311477422714233, 8.321573734283447, 8.331604480743408, 8.341633558273315, 8.351792812347412, 8.361769437789917, 8.371845245361328, 8.381967544555664, 8.391909122467041, 8.402193307876587, 8.412102937698364, 8.422157526016235, 8.432201623916626, 8.442161321640015, 8.452289581298828, 8.462340831756592, 8.472358703613281, 8.482435703277588, 8.492478847503662, 8.502664566040039, 8.512669324874878, 8.522697448730469, 8.532764434814453, 8.542827367782593, 8.552971124649048, 8.562875747680664, 8.57298493385315, 8.583049535751343, 8.593140602111816, 8.60313868522644, 8.61327576637268, 8.623255491256714, 8.63330888748169, 8.643429279327393, 8.653414487838745, 8.663470029830933, 8.673582792282104, 8.683653831481934, 8.693679809570312, 8.703799486160278, 8.71384072303772, 8.723862648010254, 8.73392367362976, 8.744050741195679, 8.754169702529907, 8.764070510864258, 8.774207353591919, 8.784188032150269, 8.794230699539185, 8.804320812225342, 8.814438343048096, 8.824442148208618, 8.83451533317566, 8.844621419906616, 8.85469937324524, 8.864700555801392, 8.874786138534546, 8.884907960891724, 8.894946336746216, 8.904931545257568, 8.91503119468689, 8.924987077713013, 8.935188293457031, 8.945277214050293, 8.955296516418457, 8.965481996536255, 8.975409507751465, 8.985503911972046, 8.9955415725708, 9.005995273590088, 9.016247510910034, 9.026247024536133], "set_target_data": [{"head": [[0.9920609021699317, -0.10495067852205137, 0.06928579553951114, -0.0038279546691533713], [0.11302262884801029, 0.9856643371517594, -0.12526651522042317, -0.010059980421845562], [-0.05514573196600827, 0.13210287485495772, 0.9897008531374464, 0.005700204232447548], [0.0, 0.0, 0.0, 1.0]], "antennas": [-0.020948287220521625, 0.020950204423777898], "body_yaw": 0.1456472147519983, "check_collision": false}, {"head": [[0.9921783432333268, -0.10561144421385442, 0.06654590948987829, -0.003927557446671745], [0.11331370815683957, 0.9856368280500609, -0.1252199933523458, -0.010082826062654884], [-0.05236543480691959, 0.13178112931098612, 0.9898947394521317, 0.005777692931301592], [0.0, 0.0, 0.0, 1.0]], "antennas": [-0.020948287220521625, 0.020950204423777898], "body_yaw": 0.1456472147519983, "check_collision": false}, {"head": [[0.9923156412610794, -0.10550423884495641, 0.0646415013312576, -0.004005534862135342], [0.11293642551205038, 0.9857277868251653, -0.12484427929754094, -0.01012315803003934], [-0.05054732338288233, 0.13118531116900134, 0.9900683725037975, 0.005831932607753776], [0.0, 0.0, 0.0, 1.0]], "antennas": [-0.020948287220521625, 0.020950204423777898], "body_yaw": 0.1456472147519983, "check_collision": false}, {"head": [[0.9924281392436206, -0.10518807831930761, 0.06341810953454859, -0.003984104274972014], [0.11244018029836235, 0.98583841611959, -0.12441793744187384, -0.01013937869855069], [-0.04943272490887551, 0.130606605814214, 0.990201151395904, 0.005878989311155158], [0.0, 0.0, 0.0, 1.0]], "antennas": [-0.020948287220521625, 0.020950204423777898], "body_yaw": 0.1456472147519983, "check_collision": false}, {"head": [[0.9925722730137306, -0.10459330130025116, 0.06213311651181321, -0.003991338257472726], [0.11166427692082667, 0.9859701775669688, -0.12407214920484155, -0.010068828311275972], [-0.04828428423518994, 0.13008862468207744, 0.9903259956318528, 0.005756625813699512], [0.0, 0.0, 0.0, 1.0]], "antennas": [-0.020948287220521625, 0.020950204423777898], "body_yaw": 0.1456472147519983, "check_collision": false}, {"head": [[0.9927308308608925, -0.10394283688165197, 0.06067441074486708, -0.003938356146692601], [0.11080196372669672, 0.9861363295489458, -0.12352353774905134, -0.010050770123460444], [-0.046993853774194114, 0.12934846811898398, 0.9904850082170464, 0.0057664373952099335], [0.0, 0.0, 0.0, 1.0]], "antennas": [-0.020948287220521625, 0.020950204423777898], "body_yaw": 0.1456472147519983, "check_collision": false}, {"head": [[0.9928635637870008, -0.10378093002820343, 0.05874914694408551, -0.003969106919208253], [0.11037067731978681, 0.9862421648987831, -0.12306382800698679, -0.010166189411449676], [-0.04516920734469566, 0.1286697739884658, 0.9906582821385028, 0.005816966659396017], [0.0, 0.0, 0.0, 1.0]], "antennas": [-0.020948287220521625, 0.020950204423777898], "body_yaw": 0.1456472147519983, "check_collision": false}, {"head": [[0.9929888128365624, -0.10364408280110984, 0.05684295630727875, -0.003965849950181783], [0.10998014116842181, 0.9863111909190377, -0.12286009611115947, -0.010120970777685014], [-0.043331121956493614, 0.12825029734151114, 0.990794769415849, 0.005854233414122334], [0.0, 0.0, 0.0, 1.0]], "antennas": [-0.020948287220521625, 0.020950204423777898], "body_yaw": 0.1456472147519983, "check_collision": false}, {"head": [[0.9931480479284818, -0.10350831561568215, 0.05424927183152573, -0.004124997149908381], [0.10950195310604992, 0.9863954853469314, -0.1226102310296834, -0.00981891329038502], [-0.04082005832684326, 0.1277105128233233, 0.9909711134804068, 0.005778026550581239], [0.0, 0.0, 0.0, 1.0]], "antennas": [-0.020948287220521625, 0.020950204423777898], "body_yaw": 0.1456472147519983, "check_collision": false}, {"head": [[0.9932969217660629, -0.10345129497951841, 0.0515660234759692, -0.004205531800662781], [0.10908562383348103, 0.9864953367090801, -0.12217723734026163, -0.009749434147883117], [-0.03823024827180453, 0.1269833855994516, 0.9911678303389274, 0.0058478391265675556], [0.0, 0.0, 0.0, 1.0]], "antennas": [-0.020948287220521625, 0.020950204423777898], "body_yaw": 0.1456472147519983, "check_collision": false}, {"head": [[0.9934254627301059, -0.10331658104230514, 0.049310587921907685, -0.004292991388226707], [0.1086455570082397, 0.9866105493254165, -0.12163785143683586, -0.009879698916383843], [-0.03608313930140685, 0.12619551514031396, 0.9913489289935338, 0.006090496461903239], [0.0, 0.0, 0.0, 1.0]], "antennas": [-0.020948287220521625, 0.020950204423777898], "body_yaw": 0.1456472147519983, "check_collision": false}, {"head": [[0.9935109561067877, -0.10330012206680987, 0.0475926977251621, -0.0043695624290760356], [0.10839170842871872, 0.9867110773357887, -0.12104745931555484, -0.009836098957535906], [-0.034456024722537226, 0.1254206308540563, 0.9915051425567547, 0.006174037453363479], [0.0, 0.0, 0.0, 1.0]], "antennas": [-0.020948287220521625, 0.020950204423777898], "body_yaw": 0.1456472147519983, "check_collision": false}, {"head": [[0.9935655810897147, -0.10326629430758683, 0.04651353065331011, -0.004411127094075706], [0.10820497835844839, 0.9867955897462108, -0.1205244652171314, -0.009695252307270457], [-0.033453232015834805, 0.12478195589670271, 0.9916200606836714, 0.0063711512140190996], [0.0, 0.0, 0.0, 1.0]], "antennas": [-0.020948287220521625, 0.020950204423777898], "body_yaw": 0.1456472147519983, "check_collision": false}, {"head": [[0.9936144126856186, -0.10304161244976581, 0.04596547625300434, -0.004412651915571239], [0.10790157777387968, 0.9868720189269043, -0.12017016174177031, -0.0096539775693745], [-0.0329795151165179, 0.12436255209221186, 0.9916886140416211, 0.00644063265686301], [0.0, 0.0, 0.0, 1.0]], "antennas": [-0.020948287220521625, 0.020950204423777898], "body_yaw": 0.1456472147519983, "check_collision": false}, {"head": [[0.9936878350121106, -0.10264321079980766, 0.04526431072766632, -0.00438240094898917], [0.10740510353183853, 0.9869763931651603, -0.11975701678818661, -0.009621832954028443], [-0.03238256142215323, 0.12386270871976444, 0.9917708400151435, 0.006483741194178605], [0.0, 0.0, 0.0, 1.0]], "antennas": [-0.020948287220521625, 0.020950204423777898], "body_yaw": 0.1456472147519983, "check_collision": false}, {"head": [[0.9937559241833668, -0.10251848397979389, 0.04403548106864844, -0.004413906022147187], [0.10712002518121434, 0.9870414864298829, -0.11947553838114018, -0.009469518993259523], [-0.031216395622149555, 0.12344660590219579, 0.9918601071399078, 0.006469928102779854], [0.0, 0.0, 0.0, 1.0]], "antennas": [-0.020948287220521625, 0.020950204423777898], "body_yaw": 0.1456472147519983, "check_collision": false}, {"head": [[0.9938057812869515, -0.10232554641603718, 0.04335379604246688, -0.0043952256924597345], [0.1068383032722084, 0.9870949702479217, -0.11928577729625083, -0.00943332727689071], [-0.03058833167317271, 0.12317874111190837, 0.9919129758721468, 0.006527708469034443], [0.0, 0.0, 0.0, 1.0]], "antennas": [-0.020948287220521625, 0.020950204423777898], "body_yaw": 0.1456472147519983, "check_collision": false}, {"head": [[0.9938374170427018, -0.10219943641504753, 0.04292392901794415, -0.004379483809607478], [0.10666013886659223, 0.987113826895849, -0.11928917607222819, -0.009390676914071527], [-0.030179517273311536, 0.12313231885852902, 0.9919312621294236, 0.006588583336114118], [0.0, 0.0, 0.0, 1.0]], "antennas": [-0.020948287220521625, 0.020950204423777898], "body_yaw": 0.1456472147519983, "check_collision": false}, {"head": [[0.9938578976685262, -0.10192611561307564, 0.04309925983038543, -0.004345421354763944], [0.10641546257413757, 0.9871197874991314, -0.11945825401704853, -0.00963980392222107], [-0.030368216395262073, 0.12331095686799005, 0.9919033114922396, 0.006757037567443558], [0.0, 0.0, 0.0, 1.0]], "antennas": [-0.020948287220521625, 0.020950204423777898], "body_yaw": 0.1456472147519983, "check_collision": false}, {"head": [[0.9939205827422167, -0.1013049933027509, 0.04311813462224118, -0.004321847169524412], [0.10579784976020194, 0.9871981075701937, -0.1193595886217185, -0.009596840661227825], [-0.030474418575091047, 0.12319575780747374, 0.9919143688195833, 0.0068397697534296475], [0.0, 0.0, 0.0, 1.0]], "antennas": [-0.020948287220521625, 0.020950204423777898], "body_yaw": 0.1456472147519983, "check_collision": false}, {"head": [[0.9939652331512637, -0.10079479516930298, 0.043284229845667654, -0.004298058447466575], [0.10532010841066392, 0.9872158632197925, -0.11963492036845409, -0.009512323786761565], [-0.030672301037260485, 0.12347165129688113, 0.9918739644103486, 0.006813925959588851], [0.0, 0.0, 0.0, 1.0]], "antennas": [-0.020948287220521625, 0.020950204423777898], "body_yaw": 0.1456472147519983, "check_collision": false}, {"head": [[0.994012792138144, -0.10034736341400138, 0.04323165184895614, -0.004312624617238489], [0.10487787165621842, 0.9872289665702835, -0.11991496821261288, -0.009532033605905984], [-0.030646388083961765, 0.12373105600627726, 0.9918424394413554, 0.006863423703106386], [0.0, 0.0, 0.0, 1.0]], "antennas": [-0.020948287220521625, 0.020950204423777898], "body_yaw": 0.1456472147519983, "check_collision": false}, {"head": [[0.9940461186759494, -0.10006281897677215, 0.04312477482494385, -0.004320432060300436], [0.10458532982070386, 0.9872469861313794, -0.12002206947392059, -0.009507800518332006], [-0.03056505736253371, 0.12381769111451625, 0.9918341376639016, 0.006940616431514279], [0.0, 0.0, 0.0, 1.0]], "antennas": [-0.020948287220521625, 0.020950204423777898], "body_yaw": 0.1456472147519983, "check_collision": false}, {"head": [[0.9939821193662263, -0.10069385673887561, 0.043131120960114275, -0.0043679193604456035], [0.10521878208872378, 0.9871561384417165, -0.12021549913636168, -0.00951181068808752], [-0.030472188565819753, 0.12403026062977415, 0.9918104356035581, 0.0070406794410375895], [0.0, 0.0, 0.0, 1.0]], "antennas": [-0.020948287220521625, 0.020950204423777898], "body_yaw": 0.1456472147519983, "check_collision": false}, {"head": [[0.9939237093023182, -0.1010752651099982, 0.04358269002326243, -0.004450727975925172], [0.10565133028041351, 0.9871190913018519, -0.12014031795107095, -0.009620276012972481], [-0.030878090884949135, 0.12401487963284495, 0.9917998049671876, 0.007209423611202026], [0.0, 0.0, 0.0, 1.0]], "antennas": [-0.020948287220521625, 0.020950204423777898], "body_yaw": 0.1456472147519983, "check_collision": false}, {"head": [[0.9939327291763909, -0.10080185848396807, 0.04400812650124399, -0.0044295853501004], [0.10542825256888262, 0.9871598096876845, -0.1200016403956492, -0.009559361925114595], [-0.031346665408673306, 0.12391325781994791, 0.9917978075717873, 0.007365193023355254], [0.0, 0.0, 0.0, 1.0]], "antennas": [-0.020948287220521625, 0.020950204423777898], "body_yaw": 0.1456472147519983, "check_collision": false}, {"head": [[0.9939570262537647, -0.10032592248561661, 0.044543677869962404, -0.004422023961433517], [0.1050231752399573, 0.9871986349098465, -0.12003744371925366, -0.00960909727579404], [-0.03193059071314141, 0.12399017908506228, 0.9917695664150842, 0.0075484442092787485], [0.0, 0.0, 0.0, 1.0]], "antennas": [-0.020948287220521625, 0.020950204423777898], "body_yaw": 0.1456472147519983, "check_collision": false}, {"head": [[0.9939940142404394, -0.09981675162548326, 0.044861071644733776, -0.0043850644429010745], [0.10457450894559187, 0.9871802454611306, -0.12057916507461168, -0.009601179878217288], [-0.03225014314643699, 0.1245462928642949, 0.9916895427505504, 0.007720904677133322], [0.0, 0.0, 0.0, 1.0]], "antennas": [-0.020948287220521625, 0.020950204423777898], "body_yaw": 0.1456472147519983, "check_collision": false}, {"head": [[0.9940023386105953, -0.09957163462491483, 0.04521991170700941, -0.004378770474983848], [0.10439668084424969, 0.9871214117932214, -0.12121324765907847, -0.00980141332163299], [-0.03256814187777887, 0.1252070603339911, 0.9915959399761322, 0.008039619390009134], [0.0, 0.0, 0.0, 1.0]], "antennas": [-0.020948287220521625, 0.020950204423777898], "body_yaw": 0.1456472147519983, "check_collision": false}, {"head": [[0.993999083279631, -0.09946409927892005, 0.04552708417948567, -0.004368232797662578], [0.10435785539920231, 0.9870159423717412, -0.12210228302739726, -0.009818914321430307], [-0.03279116429363281, 0.126120666263133, 0.9914728019898534, 0.00820220966369617], [0.0, 0.0, 0.0, 1.0]], "antennas": [-0.020948287220521625, 0.020950204423777898], "body_yaw": 0.1456472147519983, "check_collision": false}, {"head": [[0.9940076438632276, -0.09919399635187488, 0.04592771526234932, -0.004368910762324249], [0.10417004134144937, 0.9869252741445905, -0.12299229952133545, -0.009870321319919783], [-0.03312712526610073, 0.12703957785812026, 0.9913443091223326, 0.008496724329382588], [0.0, 0.0, 0.0, 1.0]], "antennas": [-0.020948287220521625, 0.020950204423777898], "body_yaw": 0.1456472147519983, "check_collision": false}, {"head": [[0.9940550667972152, -0.0986442150771743, 0.046085171222335276, -0.004369561347841083], [0.10366056783262526, 0.9869181584187066, -0.12347888588761374, -0.010018472603790112], [-0.03330181453617027, 0.12752202717662864, 0.9912765112385955, 0.008748411419996771], [0.0, 0.0, 0.0, 1.0]], "antennas": [-0.020948287220521625, 0.020950204423777898], "body_yaw": 0.1456472147519983, "check_collision": false}, {"head": [[0.9941017173878326, -0.09803845723942932, 0.046370641452051116, -0.004374897040811005], [0.1030999073180534, 0.9869610700281523, -0.12360524001794485, -0.010197989659534987], [-0.03364795086733947, 0.12765699021595936, 0.991247450564909, 0.009089564162384323], [0.0, 0.0, 0.0, 1.0]], "antennas": [-0.020948287220521625, 0.020950204423777898], "body_yaw": 0.1456472147519983, "check_collision": false}, {"head": [[0.9941611072642353, -0.09735799444103559, 0.046530782516191076, -0.004370960552952845], [0.10244577874345455, 0.9870256129537843, -0.12363374050336656, -0.010259069611382246], [-0.03389034111361152, 0.12767873860445955, 0.9912363918297075, 0.009381508896593171], [0.0, 0.0, 0.0, 1.0]], "antennas": [-0.020948287220521625, 0.020950204423777898], "body_yaw": 0.1456472147519983, "check_collision": false}, {"head": [[0.9941974931216675, -0.09720235518546484, 0.04607653217193174, -0.0044185323347746015], [0.10223383263427728, 0.9870451649906504, -0.12365308622710024, -0.010335051196366442], [-0.033460247092615865, 0.12764616882217358, 0.9912551979432556, 0.00961424396487659], [0.0, 0.0, 0.0, 1.0]], "antennas": [-0.020948287220521625, 0.020950204423777898], "body_yaw": 0.1456472147519983, "check_collision": false}, {"head": [[0.9942295489743741, -0.09700500130763663, 0.04579993086804855, -0.004428297621525714], [0.10200052324983182, 0.9870768483840022, -0.12359283410079214, -0.010382205993701793], [-0.03321892838387669, 0.12755126461784227, 0.9912755306631028, 0.009902531316190788], [0.0, 0.0, 0.0, 1.0]], "antennas": [-0.020948287220521625, 0.020950204423777898], "body_yaw": 0.1456472147519983, "check_collision": false}, {"head": [[0.9942317212079518, -0.09699596308942059, 0.0457719093793293, -0.0044509926760774345], [0.10197868734313977, 0.9871137634878098, -0.1233157137622882, -0.010301030508327317], [-0.03322095530902026, 0.12727215358156005, 0.9913113370939868, 0.01007925622035849], [0.0, 0.0, 0.0, 1.0]], "antennas": [-0.020948287220521625, 0.020950204423777898], "body_yaw": 0.1456472147519983, "check_collision": false}, {"head": [[0.9942930215536306, -0.09648446076131773, 0.04552072188958151, -0.0045210457071002096], [0.10141558421258035, 0.9872585850222437, -0.12261878150877854, -0.010501944359303857], [-0.033109916468815, 0.1265355093697982, 0.9914093495120738, 0.010425538082779073], [0.0, 0.0, 0.0, 1.0]], "antennas": [-0.020948287220521625, 0.020950204423777898], "body_yaw": 0.1456472147519983, "check_collision": false}, {"head": [[0.9943531819845923, -0.0959628324582315, 0.0453087658594858, -0.004528706653733724], [0.10084240376612952, 0.9874228107338527, -0.12176617939775848, -0.010530364263721642], [-0.033053881463229434, 0.12564763280321514, 0.9915241365146706, 0.010691278366244561], [0.0, 0.0, 0.0, 1.0]], "antennas": [-0.020948287220521625, 0.020950204423777898], "body_yaw": 0.1456472147519983, "check_collision": false}, {"head": [[0.9944013434751254, -0.09547067183926737, 0.04529148831099243, -0.004549383465003295], [0.10032598582781597, 0.9875692526852323, -0.12100275913552073, -0.010454739476356011], [-0.03317626655521551, 0.12486921946296813, 0.9916183809148389, 0.010894392212646986], [0.0, 0.0, 0.0, 1.0]], "antennas": [-0.020948287220521625, 0.020950204423777898], "body_yaw": 0.1456472147519983, "check_collision": false}, {"head": [[0.994458767466096, -0.09478159369847791, 0.04547756925991118, -0.004530091748880475], [0.09964404302935914, 0.9877138236122693, -0.12038466403157135, -0.010475980777145292], [-0.0335085735085305, 0.12424915348286174, 0.9916850928395646, 0.011150522491930714], [0.0, 0.0, 0.0, 1.0]], "antennas": [-0.020948287220521625, 0.020950204423777898], "body_yaw": 0.1456472147519983, "check_collision": false}, {"head": [[0.9945101085541735, -0.09413861974191241, 0.045689870394362495, -0.004498897419884395], [0.09901962013912811, 0.9878202478632017, -0.12002613356676055, -0.01057740298243174], [-0.03383428455086346, 0.12389139673347253, 0.9917187923017092, 0.011411342688582515], [0.0, 0.0, 0.0, 1.0]], "antennas": [-0.020948287220521625, 0.020950204423777898], "body_yaw": 0.1456472147519983, "check_collision": false}, {"head": [[0.9945498101696231, -0.09357179640699143, 0.045989064012390356, -0.00444714140152244], [0.09848419211121906, 0.987907336555494, -0.1197495648594636, -0.010592784817452527], [-0.03422775183630513, 0.12362610281408586, 0.9917383968099822, 0.011628622158135704], [0.0, 0.0, 0.0, 1.0]], "antennas": [-0.020948287220521625, 0.020950204423777898], "body_yaw": 0.1456472147519983, "check_collision": false}, {"head": [[0.9945722522500573, -0.0931738715391902, 0.04631052490143381, -0.004452048830097593], [0.0981182387034225, 0.9879801436568052, -0.11944893039963263, -0.010813278804101777], [-0.03462435974839159, 0.12334449887318268, 0.9917596928236885, 0.011910285590235825], [0.0, 0.0, 0.0, 1.0]], "antennas": [-0.020948287220521625, 0.020950204423777898], "body_yaw": 0.1456472147519983, "check_collision": false}, {"head": [[0.9946078592732769, -0.09263448227561444, 0.04662680522358713, -0.00441414439318597], [0.09761332200425757, 0.9880581272459955, -0.11921735003945153, -0.010823159776647617], [-0.035026356349506, 0.1231259106632916, 0.9917727383247699, 0.012090533482093102], [0.0, 0.0, 0.0, 1.0]], "antennas": [-0.020948287220521625, 0.020950204423777898], "body_yaw": 0.1456472147519983, "check_collision": false}, {"head": [[0.9946608408678201, -0.09197463056102727, 0.046802553106465014, -0.0043690176081288695], [0.09696674360894976, 0.9881649235484242, -0.11885930549356698, -0.010760098467366242], [-0.03531660060080996, 0.1227629879145153, 0.9918074341928999, 0.012320221595113479], [0.0, 0.0, 0.0, 1.0]], "antennas": [-0.020948287220521625, 0.020950204423777898], "body_yaw": 0.1456472147519983, "check_collision": false}, {"head": [[0.994693833701603, -0.09145124579741347, 0.04712586166966901, -0.004342407697570546], [0.09648130536384102, 0.9882298908210091, -0.11871411290653572, -0.010751335086109034], [-0.03571463161362549, 0.12263096073177243, 0.9918095142509501, 0.012491342714553544], [0.0, 0.0, 0.0, 1.0]], "antennas": [-0.020948287220521625, 0.020950204423777898], "body_yaw": 0.1456472147519983, "check_collision": false}, {"head": [[0.994745743899023, -0.09086330188435934, 0.04716741847346484, -0.004278529117771742], [0.09588798188842457, 0.9883350948206796, -0.11831836406561456, -0.010482046528550767], [-0.03586641777686107, 0.12221947764767253, 0.9918548277643183, 0.012630842902844885], [0.0, 0.0, 0.0, 1.0]], "antennas": [-0.020948287220521625, 0.020950204423777898], "body_yaw": 0.1456472147519983, "check_collision": false}, {"head": [[0.9948189763977674, -0.09026047299219324, 0.04677874746211226, -0.00426858862140559], [0.09524180567515357, 0.9883964477249833, -0.11832776756269343, -0.010454224999628153], [-0.035555627552256816, 0.12217000098166518, 0.9918721128298271, 0.012810198049092836], [0.0, 0.0, 0.0, 1.0]], "antennas": [-0.020948287220521625, 0.020950204423777898], "body_yaw": 0.1456472147519983, "check_collision": false}, {"head": [[0.9948353345876768, -0.09041259968277868, 0.04613262267015552, -0.004212609376840922], [0.09533051770480366, 0.9883311965960664, -0.11880041342151038, -0.010328103681918416], [-0.034853255944882, 0.12258469583756887, 0.9918458765838831, 0.01299526404910939], [0.0, 0.0, 0.0, 1.0]], "antennas": [-0.020948287220521625, 0.020950204423777898], "body_yaw": 0.1456472147519983, "check_collision": false}, {"head": [[0.9948358922195691, -0.09066275391304442, 0.04562688466897863, -0.004194398157080783], [0.09553577644953513, 0.9882457742844005, -0.11934489946038739, -0.010295854225860192], [-0.0342704387173257, 0.12308758939035354, 0.9918039031825765, 0.013176028134926576], [0.0, 0.0, 0.0, 1.0]], "antennas": [-0.020948287220521625, 0.020950204423777898], "body_yaw": 0.1456472147519983, "check_collision": false}, {"head": [[0.9948338426649268, -0.09070866618362106, 0.045580295827517846, -0.004151221614263437], [0.09558728799049701, 0.9881999483435547, -0.11968263227560441, -0.01042923717527854], [-0.03418619404317221, 0.12342122983094994, 0.9917653473296284, 0.01341624491349186], [0.0, 0.0, 0.0, 1.0]], "antennas": [-0.020948287220521625, 0.020950204423777898], "body_yaw": 0.1456472147519983, "check_collision": false}, {"head": [[0.9948456148031003, -0.09080617439949225, 0.04512694758090959, -0.0041163993868579985], [0.09563981228441844, 0.9881531226802919, -0.12002679885504362, -0.010415089704888025], [-0.0336931597396618, 0.12372406729540093, 0.9917444863263121, 0.013593416851750195], [0.0, 0.0, 0.0, 1.0]], "antennas": [-0.020948287220521625, 0.020950204423777898], "body_yaw": 0.1456472147519983, "check_collision": false}, {"head": [[0.9948742347993595, -0.09073488148793231, 0.044636736145916976, -0.004076731203635459], [0.09551884799792858, 0.9881263879597358, -0.12034280657685695, -0.01040970492149007], [-0.03318744656550044, 0.12398960722180336, 0.9917283754594529, 0.013780653016785382], [0.0, 0.0, 0.0, 1.0]], "antennas": [-0.020948287220521625, 0.020950204423777898], "body_yaw": 0.1456472147519983, "check_collision": false}, {"head": [[0.9949291899254528, -0.09029644665624445, 0.04429964735230965, -0.004038924205426316], [0.09506845198412284, 0.9880705999769855, -0.12115477249560974, -0.010643171363794963], [-0.032831333686366204, 0.12475191855188611, 0.99164462502753