{"description": "Deep sadness, could be tied to despair, disappointment, or inability to do something.", "time": [0.0, 0.010069608688354492, 0.020363330841064453, 0.030291080474853516, 0.04024076461791992, 0.05031108856201172, 0.06041669845581055, 0.07037711143493652, 0.0804591178894043, 0.09063434600830078, 0.10056018829345703, 0.11063742637634277, 0.12069034576416016, 0.13080191612243652, 0.1408686637878418, 0.15093088150024414, 0.16097569465637207, 0.17101454734802246, 0.1812450885772705, 0.19116759300231934, 0.2011585235595703, 0.21122455596923828, 0.22131729125976562, 0.23139262199401855, 0.24141454696655273, 0.25148582458496094, 0.26161861419677734, 0.2715764045715332, 0.2816658020019531, 0.2917959690093994, 0.3017771244049072, 0.3119032382965088, 0.321990966796875, 0.3320047855377197, 0.3420724868774414, 0.3521585464477539, 0.3622276782989502, 0.372236967086792, 0.38223886489868164, 0.3923196792602539, 0.4023168087005615, 0.4123997688293457, 0.42256641387939453, 0.4325838088989258, 0.4426767826080322, 0.4528231620788574, 0.4627830982208252, 0.47283411026000977, 0.48310422897338867, 0.49304676055908203, 0.5030341148376465, 0.5131781101226807, 0.5231990814208984, 0.533473014831543, 0.5433218479156494, 0.5535378456115723, 0.5634264945983887, 0.5734913349151611, 0.5835921764373779, 0.5935990810394287, 0.6036319732666016, 0.6136720180511475, 0.6238300800323486, 0.6337583065032959, 0.6438648700714111, 0.6539666652679443, 0.6641054153442383, 0.6740663051605225, 0.6840949058532715, 0.6941947937011719, 0.7042145729064941, 0.714306116104126, 0.7243242263793945, 0.7343392372131348, 0.7444727420806885, 0.7545936107635498, 0.7645535469055176, 0.7745873928070068, 0.784653902053833, 0.7947781085968018, 0.8047287464141846, 0.8148672580718994, 0.8249611854553223, 0.83502197265625, 0.8450658321380615, 0.8558864593505859, 0.8661797046661377, 0.8754630088806152, 0.8855087757110596, 0.8954739570617676, 0.9054982662200928, 0.9155807495117188, 0.925654411315918, 0.9356527328491211, 0.9457676410675049, 0.9558506011962891, 0.9658372402191162, 0.9759464263916016, 0.986072301864624, 0.996065616607666, 1.006098985671997, 1.0162088871002197, 1.026414394378662, 1.036311388015747, 1.0463402271270752, 1.0564546585083008, 1.0664427280426025, 1.0765085220336914, 1.086587905883789, 1.0966362953186035, 1.1067233085632324, 1.1167387962341309, 1.1268773078918457, 1.1368927955627441, 1.1469752788543701, 1.1570680141448975, 1.1676867008209229, 1.177304744720459, 1.187227487564087, 1.1972897052764893, 1.2073512077331543, 1.2174015045166016, 1.227440357208252, 1.2374799251556396, 1.2476229667663574, 1.2576661109924316, 1.2676277160644531, 1.2777998447418213, 1.2878377437591553, 1.297903299331665, 1.307962417602539, 1.3180582523345947, 1.3281137943267822, 1.3380486965179443, 1.3481972217559814, 1.358247995376587, 1.3682279586791992, 1.3783400058746338, 1.3884050846099854, 1.3984262943267822, 1.4084837436676025, 1.4185752868652344, 1.4288101196289062, 1.4388725757598877, 1.448725938796997, 1.4588680267333984, 1.468867540359497, 1.4791722297668457, 1.4891998767852783, 1.4992060661315918, 1.5091052055358887, 1.5192654132843018, 1.529219388961792, 1.5392591953277588, 1.5494720935821533, 1.5595080852508545, 1.5694849491119385, 1.579533576965332, 1.5896070003509521, 1.5996639728546143, 1.6096827983856201, 1.6197941303253174, 1.6298787593841553, 1.6399056911468506, 1.6499242782592773, 1.6601240634918213, 1.6700475215911865, 1.6801917552947998, 1.6902306079864502, 1.7002222537994385, 1.7102844715118408, 1.720426082611084, 1.7304489612579346, 1.7404742240905762, 1.7505435943603516, 1.7607159614562988, 1.7707607746124268, 1.7807700634002686, 1.7909324169158936, 1.800863265991211, 1.8109252452850342, 1.8210058212280273, 1.831040620803833, 1.8411140441894531, 1.85129976272583, 1.8612968921661377, 1.871417760848999, 1.8814094066619873, 1.8914430141448975, 1.9014666080474854, 1.9119699001312256, 1.9220654964447021, 1.9324946403503418, 1.942131519317627, 1.952272653579712, 1.962308406829834, 1.9722793102264404, 1.9823555946350098, 1.9924001693725586, 2.002441167831421, 2.0125153064727783, 2.0226027965545654, 2.0326297283172607, 2.0427165031433105, 2.0528087615966797, 2.0628459453582764, 2.0728437900543213, 2.082923650741577, 2.093052864074707, 2.103001594543457, 2.1130707263946533, 2.1232333183288574, 2.133147954940796, 2.1432511806488037, 2.153378963470459, 2.1633832454681396, 2.173360586166382, 2.1835122108459473, 2.193580150604248, 2.203585147857666, 2.213747024536133, 2.223857879638672, 2.233794689178467, 2.243884325027466, 2.2540040016174316, 2.2640461921691895, 2.274103879928589, 2.284153699874878, 2.294163942337036, 2.3042190074920654, 2.314366579055786, 2.3244104385375977, 2.3343615531921387, 2.344416379928589, 2.354462146759033, 2.364590644836426, 2.374626874923706, 2.3847148418426514, 2.3948159217834473, 2.404836416244507, 2.4148082733154297, 2.424950361251831, 2.4349679946899414, 2.4450571537017822, 2.4552133083343506, 2.4651598930358887, 2.4752724170684814, 2.4853575229644775, 2.4953761100769043, 2.5053577423095703, 2.5154497623443604, 2.525595188140869, 2.535616159439087, 2.5456416606903076, 2.5558629035949707, 2.5658011436462402, 2.575861692428589, 2.585988998413086, 2.5959603786468506, 2.6060142517089844, 2.6160759925842285, 2.6262152194976807, 2.6362698078155518, 2.646311044692993, 2.6564362049102783, 2.6663694381713867, 2.676410675048828, 2.6865386962890625, 2.696599245071411, 2.7066402435302734, 2.7166857719421387, 2.726807117462158, 2.736827850341797, 2.7468771934509277, 2.756991386413574, 2.7669472694396973, 2.777082920074463, 2.787200450897217, 2.7972347736358643, 2.807206392288208, 2.8172719478607178, 2.827533006668091, 2.837393045425415, 2.847454071044922, 2.857708692550659, 2.8676609992980957, 2.8776485919952393, 2.887838363647461, 2.8977668285369873, 2.9078927040100098, 2.9180121421813965, 2.9280240535736084, 2.937965154647827, 2.948118209838867, 2.9582204818725586, 2.9681954383850098, 2.978233814239502, 2.9885189533233643, 2.999025583267212, 3.008720636367798, 3.0188088417053223, 3.0287387371063232, 3.0388033390045166, 3.0488595962524414, 3.058969259262085, 3.068941354751587, 3.079063892364502, 3.089163303375244, 3.0991694927215576, 3.1092019081115723, 3.119276762008667, 3.12931752204895, 3.1394262313842773, 3.1494343280792236, 3.1595492362976074, 3.1695704460144043, 3.1795942783355713, 3.189753532409668, 3.1997716426849365, 3.2099597454071045, 3.219975471496582, 3.2299578189849854, 3.2400078773498535, 3.2500672340393066, 3.2602450847625732, 3.270254135131836, 3.2803127765655518, 3.290403366088867, 3.3003413677215576, 3.310490846633911, 3.320582151412964, 3.330594539642334, 3.3406574726104736, 3.350776433944702, 3.3608925342559814, 3.370793104171753, 3.3809051513671875, 3.3910114765167236, 3.400988817214966, 3.4110774993896484, 3.421192169189453, 3.431191921234131, 3.441307306289673, 3.4513487815856934, 3.461421012878418, 3.471407413482666, 3.4815807342529297, 3.4916698932647705, 3.5015625953674316, 3.5116384029388428, 3.5217459201812744, 3.531825304031372, 3.5418763160705566, 3.5519940853118896, 3.562058210372925, 3.572030782699585, 3.582097291946411, 3.592226505279541, 3.6021759510040283, 3.6123287677764893, 3.622781753540039, 3.632352590560913, 3.6425554752349854, 3.6524946689605713, 3.6626386642456055, 3.6726608276367188, 3.682715892791748, 3.692864418029785, 3.703052282333374, 3.7128992080688477, 3.723012924194336, 3.7330241203308105, 3.7431466579437256, 3.753213405609131, 3.7632527351379395, 3.773223638534546, 3.783318519592285, 3.7934505939483643, 3.8033607006073, 3.8134913444519043, 3.823636770248413, 3.833578586578369, 3.843686580657959, 3.85383677482605, 3.863957405090332, 3.8741328716278076, 3.8841137886047363, 3.89402437210083, 3.9040660858154297, 3.914306163787842, 3.924412965774536, 3.9344096183776855, 3.9445531368255615, 3.954582452774048, 3.9646787643432617, 3.9746694564819336, 3.9847185611724854, 3.994853973388672, 4.004852294921875, 4.014969348907471, 4.0250084400177, 4.035017013549805, 4.045153379440308, 4.055280447006226, 4.065181255340576, 4.075212478637695, 4.085296869277954, 4.095430612564087, 4.105411529541016, 4.11548113822937, 4.125566244125366, 4.1356589794158936, 4.1456499099731445, 4.155785083770752, 4.1657843589782715, 4.1758363246917725, 4.185994863510132, 4.195989370346069, 4.206060171127319, 4.216112375259399, 4.226240873336792, 4.236157655715942, 4.246487855911255, 4.256513357162476, 4.266386985778809, 4.276459693908691, 4.28656005859375, 4.296663284301758, 4.306692600250244, 4.3166844844818115, 4.326838254928589, 4.336844205856323, 4.346985816955566, 4.357014894485474, 4.367051124572754, 4.377131223678589, 4.387231826782227, 4.397215843200684, 4.407236337661743, 4.417333126068115, 4.427443981170654, 4.437571048736572, 4.447492837905884, 4.457611322402954, 4.467590093612671, 4.477769613265991, 4.4877331256866455, 4.497771263122559, 4.507840156555176, 4.517869234085083, 4.527994871139526, 4.537974834442139, 4.548139572143555, 4.558273792266846, 4.568185091018677, 4.578195810317993, 4.58827018737793, 4.598394155502319, 4.608419418334961, 4.6185383796691895, 4.62856650352478, 4.638585090637207, 4.648740768432617, 4.658809661865234, 4.668757915496826, 4.6788153648376465, 4.688948392868042, 4.698973178863525, 4.709034204483032, 4.719116687774658, 4.7292234897613525, 4.739166975021362, 4.749292850494385, 4.75939416885376, 4.769314289093018, 4.779435634613037, 4.789565086364746, 4.799723386764526, 4.809792995452881, 4.81969690322876, 4.829821586608887, 4.839897394180298, 4.849853992462158, 4.860117673873901, 4.8700056076049805, 4.88004207611084, 4.890156507492065, 4.900134086608887, 4.910274505615234, 4.920358180999756, 4.930593252182007, 4.940431594848633, 4.950444459915161, 4.960622072219849, 4.971094369888306, 4.9809958934783936, 4.9914984703063965, 5.001416206359863, 5.011484622955322, 5.02164101600647, 5.03158164024353, 5.041616678237915, 5.051750183105469, 5.061831474304199, 5.0717854499816895, 5.082090377807617, 5.09220552444458, 5.1020286083221436, 5.112123012542725, 5.122200965881348, 5.132203578948975, 5.142280101776123, 5.152356147766113, 5.162466049194336, 5.172405481338501, 5.182451963424683, 5.192562103271484, 5.202592849731445, 5.212626934051514, 5.222776651382446, 5.232772350311279, 5.242869853973389, 5.252924919128418, 5.262995719909668, 5.273014307022095, 5.283121824264526, 5.293238639831543, 5.303270101547241, 5.313298940658569, 5.323390007019043, 5.333364486694336, 5.343425035476685, 5.353532075881958, 5.363601446151733, 5.373678922653198, 5.383692502975464, 5.393784523010254, 5.403808116912842, 5.413906812667847, 5.424016237258911, 5.43398380279541, 5.444052696228027, 5.454209804534912, 5.464243650436401, 5.474183797836304, 5.484327793121338, 5.494375467300415, 5.504433870315552, 5.51439905166626, 5.524482011795044, 5.534555912017822, 5.5446999073028564, 5.554711818695068, 5.564802169799805, 5.575632333755493, 5.585155248641968, 5.595038414001465, 5.605079174041748, 5.615049123764038, 5.62519383430481, 5.635136127471924, 5.645195722579956, 5.655257940292358, 5.6654157638549805, 5.675420045852661, 5.685606956481934, 5.695531845092773, 5.705591440200806, 5.715803384780884, 5.725803852081299, 5.73572564125061, 5.74587345123291, 5.75599217414856, 5.766065359115601, 5.7760820388793945, 5.786096811294556, 5.7962470054626465, 5.80621075630188, 5.816231727600098, 5.826463222503662, 5.836392879486084, 5.846495151519775, 5.8568480014801025, 5.866634130477905, 5.876673936843872, 5.886795520782471, 5.896855592727661, 5.906915903091431, 5.916907787322998, 5.926995277404785, 5.937052249908447, 5.947229385375977, 5.9571990966796875, 5.967163801193237, 5.977306365966797, 5.987295866012573, 5.997301340103149, 6.007399082183838, 6.017387390136719, 6.027525424957275, 6.037528991699219, 6.047607421875, 6.057751417160034, 6.067796468734741, 6.077823877334595, 6.0879106521606445, 6.0979719161987305, 6.108047246932983, 6.118087530136108, 6.128149509429932, 6.138149738311768, 6.148311614990234, 6.15835428237915, 6.168317079544067, 6.178409576416016, 6.188745737075806, 6.1986403465271, 6.208640813827515, 6.218696117401123, 6.228777170181274, 6.238790035247803, 6.248880386352539, 6.259039402008057, 6.269000291824341, 6.279383659362793, 6.2894768714904785, 6.29920220375061, 6.309322118759155, 6.319364786148071, 6.32947301864624, 6.3394434452056885, 6.349521160125732, 6.359915494918823, 6.3698437213897705, 6.37969708442688, 6.389835834503174, 6.399760723114014, 6.409893751144409, 6.42003870010376, 6.430011987686157, 6.440016508102417, 6.4501001834869385, 6.460958003997803, 6.470413446426392, 6.480455636978149, 6.490485906600952, 6.50042200088501, 6.510509729385376, 6.520560264587402, 6.530688524246216, 6.540735960006714, 6.5507612228393555, 6.560900926589966, 6.570841550827026, 6.581115484237671, 6.591061115264893, 6.601046562194824, 6.611143589019775, 6.62137770652771, 6.631403923034668, 6.641441106796265, 6.651348352432251, 6.66143536567688, 6.671421766281128, 6.68153190612793, 6.691544532775879, 6.701601982116699, 6.711720705032349, 6.7217795848846436, 6.731756210327148, 6.741885423660278, 6.752000570297241, 6.762066602706909, 6.772003173828125, 6.782121896743774, 6.79223108291626, 6.802186489105225, 6.812317848205566, 6.822299480438232, 6.832379579544067, 6.842416763305664, 6.852593898773193, 6.862692594528198, 6.872642993927002, 6.88272500038147, 6.892842054367065, 6.902849435806274, 6.91291356086731, 6.922962665557861, 6.933163642883301, 6.943067312240601, 6.953382253646851, 6.963207721710205, 6.973191261291504, 6.983267068862915, 6.994050979614258, 7.00443434715271, 7.013948917388916, 7.0240864753723145, 7.033926486968994, 7.044004440307617, 7.054096937179565, 7.0642409324646, 7.074190378189087, 7.084264755249023, 7.094334363937378, 7.10441517829895, 7.114452838897705, 7.1245057582855225, 7.134527683258057, 7.144603729248047, 7.154811859130859, 7.164748668670654, 7.174786806106567, 7.184887170791626, 7.194955825805664, 7.2049336433410645, 7.215101480484009, 7.2251341342926025, 7.2351720333099365, 7.245223760604858, 7.255284786224365, 7.265305519104004, 7.275346279144287, 7.2856831550598145, 7.295517921447754, 7.305572271347046, 7.31567120552063, 7.325794219970703, 7.335730791091919, 7.345823287963867, 7.355913400650024], "set_target_data": [{"head": [[0.9940311522763599, -0.08300273663474443, 0.07079981649182021, -0.012295693852304473], [0.08614006750369092, 0.9953774139794447, -0.04246990122489765, -0.004621639672341039], [-0.06694742022357345, 0.048315105823502534, 0.9965860191045587, 0.009482146439447838], [0.0, 0.0, 0.0, 1.0]], "antennas": [-0.2775835264384681, 0.25481968219034434], "body_yaw": 0.09625857275714725, "check_collision": false}, {"head": [[0.9940265747931997, -0.08305658632817317, 0.07080093270861622, -0.01228647339532847], [0.08619350149854246, 0.995373133094644, -0.042461820648350294, -0.004581836640817483], [-0.06694661234386727, 0.04831075843808113, 0.996586284129386, 0.009462823123418953], [0.0, 0.0, 0.0, 1.0]], "antennas": [-0.2775835264384681, 0.25481968219034434], "body_yaw": 0.09625857275714725, "check_collision": false}, {"head": [[0.9940114746839048, -0.0831380738030034, 0.07091719735758958, -0.012261481733445203], [0.08628145497865548, 0.9953650623282541, -0.04247238188561121, -0.004585175111366311], [-0.06705742854818697, 0.048336873922475654, 0.9965775674255906, 0.009452196914221058], [0.0, 0.0, 0.0, 1.0]], "antennas": [-0.2775835264384681, 0.25481968219034434], "body_yaw": 0.09625857275714725, "check_collision": false}, {"head": [[0.994001369745642, -0.08321117091906971, 0.07097307924885998, -0.012242167196104622], [0.08635840835426498, 0.9953577282537587, -0.04248785840725486, -0.004584807238242729], [-0.06710813848040792, 0.04836211161430287, 0.9965729295490121, 0.009440536758454023], [0.0, 0.0, 0.0, 1.0]], "antennas": [-0.2775835264384681, 0.25481968219034434], "body_yaw": 0.09625857275714725, "check_collision": false}, {"head": [[0.9940010393934763, -0.08318282029542617, 0.07101092938687355, -0.01223635259372528], [0.08632743559262859, 0.9953632146528777, -0.042422220355490994, -0.004489264393435492], [-0.06715286701764318, 0.048297922559755166, 0.9965730295004589, 0.009403315887580201], [0.0, 0.0, 0.0, 1.0]], "antennas": [-0.2775835264384681, 0.25481968219034434], "body_yaw": 0.09625857275714725, "check_collision": false}, {"head": [[0.9939968460667982, -0.0831721459756128, 0.07108209439140893, -0.012205997412761621], [0.08630726000929716, 0.9953731208149904, -0.042230406447416234, -0.004555281000543504], [-0.06724081259878849, 0.04811179161949545, 0.996576102778015, 0.009462164613620651], [0.0, 0.0, 0.0, 1.0]], "antennas": [-0.2775835264384681, 0.25481968219034434], "body_yaw": 0.09625857275714725, "check_collision": false}, {"head": [[0.9939964435287431, -0.08320659460574249, 0.07104739873018512, -0.012197496708632084], [0.08634168165119256, 0.9953691269544781, -0.04225417275872474, -0.004556997525628879], [-0.06720256142331485, 0.048134849329728474, 0.9965775694937901, 0.009465516263671704], [0.0, 0.0, 0.0, 1.0]], "antennas": [-0.2775835264384681, 0.25481968219034434], "body_yaw": 0.09625857275714725, "check_collision": false}, {"head": [[0.9940009917704107, -0.08318461205086213, 0.07100949709290529, -0.012186021589953014], [0.08631923241724114, 0.9953701940369116, -0.04227489725379788, -0.004563189632130276], [-0.0671641159722814, 0.04815077508066121, 0.9965793919125527, 0.009466356558347268], [0.0, 0.0, 0.0, 1.0]], "antennas": [-0.2775835264384681, 0.25481968219034434], "body_yaw": 0.09625857275714725, "check_collision": false}, {"head": [[0.993995338907111, -0.08330405534311631, 0.07094857711278055, -0.012198039416896515], [0.08643235963058431, 0.9953626042024407, -0.0422224272635318, -0.0044770259714427], [-0.067102261061953, 0.04810114882958523, 0.9965859551697721, 0.009489854603680905], [0.0, 0.0, 0.0, 1.0]], "antennas": [-0.2775835264384681, 0.25481968219034434], "body_yaw": 0.09625857275714725, "check_collision": false}, {"head": [[0.9939891294883508, -0.08340791927692486, 0.07091353510356636, -0.012182407739699565], [0.08654027596391477, 0.9953496914394556, -0.04230570159529725, -0.004483615553248197], [-0.06705513474060155, 0.04818828439854283, 0.9965849176822039, 0.009497386374108465], [0.0, 0.0, 0.0, 1.0]], "antennas": [-0.2775835264384681, 0.25481968219034434], "body_yaw": 0.09625857275714725, "check_collision": false}, {"head": [[0.9939790710673739, -0.08346439258507674, 0.07098803737563814, -0.012166355546034575], [0.08660418581754659, 0.9953417639436444, -0.04236139691316633, -0.004613503683099646], [-0.06712169007795224, 0.04825420313256809, 0.9965772476838514, 0.009499437340184715], [0.0, 0.0, 0.0, 1.0]], "antennas": [-0.2775835264384681, 0.25481968219034434], "body_yaw": 0.09625857275714725, "check_collision": false}, {"head": [[0.9939629216990616, -0.08354481864163389, 0.071119431701901, -0.012144970662069755], [0.08669107757993642, 0.9953342103724484, -0.04236114647036792, -0.004762589772127842], [-0.06724854909583035, 0.04827082908331929, 0.9965678901630909, 0.009516349234143186], [0.0, 0.0, 0.0, 1.0]], "antennas": [-0.2775835264384681, 0.25481968219034434], "body_yaw": 0.09625857275714725, "check_collision": false}, {"head": [[0.9939510628119632, -0.08363303348452786, 0.07118146138668774, -0.012127730003784936], [0.08678585764635752, 0.9953237851809559, -0.04241199789729953, -0.004777803385720801], [-0.06730155754181952, 0.048332994560964404, 0.9965612986611586, 0.009518449394145536], [0.0, 0.0, 0.0, 1.0]], "antennas": [-0.2775835264384681, 0.25481968219034434], "body_yaw": 0.09625857275714725, "check_collision": false}, {"head": [[0.9939532533534964, -0.08358004847215893, 0.07121310023718934, -0.012140450074039426], [0.08672827748886737, 0.9953326205824733, -0.04232233793448175, -0.004813799776675499], [-0.06734341862286493, 0.04824261499771771, 0.9965628500332369, 0.009506926692431363], [0.0, 0.0, 0.0, 1.0]], "antennas": [-0.2775835264384681, 0.25481968219034434], "body_yaw": 0.09625857275714725, "check_collision": false}, {"head": [[0.9939632281117153, -0.08353190892019703, 0.07113031248269039, -0.012136083459228482], [0.08667539461387398, 0.9953376452911751, -0.04231250210927411, -0.004824613389868039], [-0.06726423366296902, 0.048222319089463235, 0.9965691801432386, 0.009514569676345732], [0.0, 0.0, 0.0, 1.0]], "antennas": [-0.2775835264384681, 0.25481968219034434], "body_yaw": 0.09625857275714725, "check_collision": false}, {"head": [[0.9939565171821841, -0.08370462943719614, 0.07102096142579378, -0.012132099944252479], [0.086844082235989, 0.9953222928133167, -0.042327754599445766, -0.004842172662875068], [-0.06714571715047202, 0.04823969775634793, 0.9965763313608873, 0.009521346262877763], [0.0, 0.0, 0.0, 1.0]], "antennas": [-0.2775835264384681, 0.25481968219034434], "body_yaw": 0.09625857275714725, "check_collision": false}, {"head": [[0.9939368389595248, -0.08395154623511725, 0.07100491563180947, -0.012171918325589514], [0.08710046123107892, 0.9952936263539698, -0.04247478066449964, -0.004802525994694582], [-0.06710491645535913, 0.04840181013037638, 0.9965712192129682, 0.00953286855911434], [0.0, 0.0, 0.0, 1.0]], "antennas": [-0.2775835264384681, 0.25481968219034434], "body_yaw": 0.09625857275714725, "check_collision": false}, {"head": [[0.9939341979436017, -0.08396699734971685, 0.07102361237139201, -0.012169719672687877], [0.0871228226762838, 0.995287876127852, -0.04256356895076445, -0.0048428035819982045], [-0.06711500523076727, 0.04849316435315716, 0.9965660987028867, 0.009563269447227131], [0.0, 0.0, 0.0, 1.0]], "antennas": [-0.2775835264384681, 0.25481968219034434], "body_yaw": 0.09625857275714725, "check_collision": false}, {"head": [[0.9939266497349116, -0.08400682324754491, 0.07108212570393672, -0.012162083763842426], [0.08716854241564606, 0.9952819760537689, -0.042607902502199736, -0.004861496058565139], [-0.06716740399826561, 0.048545255075661035, 0.9965600323361222, 0.009569555914642149], [0.0, 0.0, 0.0, 1.0]], "antennas": [-0.2775835264384681, 0.25481968219034434], "body_yaw": 0.09625857275714725, "check_collision": false}, {"head": [[0.9939180102073597, -0.08410417532848768, 0.07108780962835921, -0.012150490757597105], [0.08727054135504542, 0.9952703443598933, -0.0426707657458469, -0.004879850309043459], [-0.06716279920491806, 0.048615114214147825, 0.9965569371957155, 0.009571957865621707], [0.0, 0.0, 0.0, 1.0]], "antennas": [-0.2775835264384681, 0.25481968219034434], "body_yaw": 0.09625857275714725, "check_collision": false}, {"head": [[0.9938653116085316, -0.08441887327088492, 0.07145065581889913, -0.012116117022279634], [0.08761325700331458, 0.9952339879732932, -0.042816192965349636, -0.004963863380709272], [-0.06749562636606656, 0.04881355363471482, 0.996524750020291, 0.009602079269867671], [0.0, 0.0, 0.0, 1.0]], "antennas": [-0.2775835264384681, 0.25481968219034434], "body_yaw": 0.09625857275714725, "check_collision": false}, {"head": [[0.9938454416462451, -0.08451801374728715, 0.07160966045998124, -0.012067821674598954], [0.0877418539073904, 0.9952089685977277, -0.04313323423465553, -0.005074450060678734], [-0.06762104104400182, 0.04915093259400966, 0.9964996641410697, 0.009578645207918625], [0.0, 0.0, 0.0, 1.0]], "antennas": [-0.2775835264384681, 0.25481968219034434], "body_yaw": 0.09625857275714725, "check_collision": false}, {"head": [[0.9938274742902281, -0.08459324692129136, 0.07177000711452881, -0.012036423478082611], [0.08783210231104677, 0.9951965478342956, -0.04323601487559342, -0.005080757353080787], [-0.0677677884361582, 0.049272850069933594, 0.9964836742749266, 0.00956330038643455], [0.0, 0.0, 0.0, 1.0]], "antennas": [-0.2775835264384681, 0.25481968219034434], "body_yaw": 0.09625857275714725, "check_collision": false}, {"head": [[0.9938119418072237, -0.08465175801705457, 0.07191595223576705, -0.012006371596310588], [0.08790580748831425, 0.995185006196133, -0.043351729518322335, -0.005135253801507806], [-0.06789987725454683, 0.0494052963458816, 0.9964681246090076, 0.009571444813739284], [0.0, 0.0, 0.0, 1.0]], "antennas": [-0.2775835264384681, 0.25481968219034434], "body_yaw": 0.09625857275714725, "check_collision": false}, {"head": [[0.9937828730472709, -0.08482981315362333, 0.0721075865511618, -0.011964354834917158], [0.08810516905311457, 0.9951600021344797, -0.04352067712966346, -0.005148961344874801], [-0.06806673507693785, 0.04960315465798181, 0.9964469110915756, 0.009559427970346037], [0.0, 0.0, 0.0, 1.0]], "antennas": [-0.2775835264384681, 0.25481968219034434], "body_yaw": 0.09625857275714725, "check_collision": false}, {"head": [[0.9937566443508233, -0.08480192427158538, 0.07250079619167801, -0.011935379432485559], [0.08809585105210342, 0.9951614623418576, -0.0435061478071868, -0.005155530939860532], [-0.06846059330736584, 0.04962154279596187, 0.9964190130936642, 0.009568208675825087], [0.0, 0.0, 0.0, 1.0]], "antennas": [-0.2775835264384681, 0.25481968219034434], "body_yaw": 0.09625857275714725, "check_collision": false}, {"head": [[0.9937148478074315, -0.08495730906457069, 0.07289071877516438, -0.011890910611272029], [0.08827641097005107, 0.9951419792769726, -0.04358573559039563, -0.005171435386071965], [-0.06883368734347838, 0.049746323655283774, 0.9963870868138968, 0.00955991186915245], [0.0, 0.0, 0.0, 1.0]], "antennas": [-0.2775835264384681, 0.25481968219034434], "body_yaw": 0.09625857275714725, "check_collision": false}, {"head": [[0.9936257256213351, -0.08536695193599253, 0.07362337197271625, -0.011808994145612815], [0.08874095500721665, 0.9950895612608012, -0.04383843033450383, -0.005077179738323586], [-0.06951949573955603, 0.05009240049093212, 0.9963221322068347, 0.009443109943523377], [0.0, 0.0, 0.0, 1.0]], "antennas": [-0.2775835264384681, 0.25481968219034434], "body_yaw": 0.09625857275714725, "check_collision": false}, {"head": [[0.9935137857112952, -0.08592103801930565, 0.07448444688185123, -0.011752021354229201], [0.08936506679358902, 0.9950175481866568, -0.044203660907114785, -0.005087922170513841], [-0.07031530728502618, 0.05057325406080617, 0.9962419904496664, 0.009423874473769857], [0.0, 0.0, 0.0, 1.0]], "antennas": [-0.2775835264384681, 0.25481968219034434], "body_yaw": 0.09625857275714725, "check_collision": false}, {"head": [[0.9933925689322366, -0.08627616055161492, 0.07568109480367904, -0.011645432377456586], [0.0897959896656315, 0.9949698631361653, -0.044403284684469774, -0.005042195581850572], [-0.0714694636203553, 0.05090575184860971, 0.9961429215722744, 0.00936345183561066], [0.0, 0.0, 0.0, 1.0]], "antennas": [-0.2775835264384681, 0.25481968219034434], "body_yaw": 0.09625857275714725, "check_collision": false}, {"head": [[0.9932958788502816, -0.08644546625601514, 0.07674945226401901, -0.011580847620930873], [0.09003669269805413, 0.9949380456368974, -0.04462823447356529, -0.005067817968344537], [-0.0725030415020153, 0.05123930823119592, 0.9960511243229163, 0.009337110689987495], [0.0, 0.0, 0.0, 1.0]], "antennas": [-0.2775835264384681, 0.25481968219034434], "body_yaw": 0.09625857275714725, "check_collision": false}, {"head": [[0.9932140337395395, -0.08648329260318124, 0.07775939353766367, -0.011532756907634315], [0.09013583691060081, 0.9949234917793605, -0.04475238999193503, -0.005057069545028417], [-0.0734943132987736, 0.05145760979755288, 0.9959672184899784, 0.009302249219981852], [0.0, 0.0, 0.0, 1.0]], "antennas": [-0.2775835264384681, 0.25481968219034434], "body_yaw": 0.09625857275714725, "check_collision": false}, {"head": [[0.9931267515471904, -0.08630409861773614, 0.0790623673001591, -0.011483874746936058], [0.09001516133177923, 0.99493960515875, -0.04463689972393308, -0.00508139127800163], [-0.07480993310877203, 0.05144691096976355, 0.9958698154176229, 0.009262278682529936], [0.0, 0.0, 0.0, 1.0]], "antennas": [-0.2775835264384681, 0.25481968219034434], "body_yaw": 0.09625857275714725, "check_collision": false}, {"head": [[0.9930703508754285, -0.08611147723542173, 0.0799755693977025, -0.011398375198033264], [0.08993798430779462, 0.9949057404074328, -0.04553818928096242, -0.004972287817503689], [-0.0756467923365173, 0.05241546711297453, 0.9957560854027078, 0.009151506497508568], [0.0, 0.0, 0.0, 1.0]], "antennas": [-0.2775835264384681, 0.25481968219034434], "body_yaw": 0.09625857275714725, "check_collision": false}, {"head": [[0.9929643515902155, -0.08606193363537583, 0.08133351123591588, -0.011353930521481174], [0.0899717115503658, 0.9948957759860501, -0.04568901449815613, -0.005023192987653767], [-0.07698628184112062, 0.05268527786825382, 0.9956391785703415, 0.009096597152007614], [0.0, 0.0, 0.0, 1.0]], "antennas": [-0.2775835264384681, 0.25481968219034434], "body_yaw": 0.09625857275714725, "check_collision": false}, {"head": [[0.9928003350672999, -0.08596034257711772, 0.08341651032188636, -0.011278736471427698], [0.09002052868279532, 0.9948681162138839, -0.04619237769056461, -0.005052790556854158], [-0.07901771387433855, 0.05336900640879788, 0.9954435946094639, 0.008997458456831421], [0.0, 0.0, 0.0, 1.0]], "antennas": [-0.2775835264384681, 0.25481968219034434], "body_yaw": 0.09625857275714725, "check_collision": false}, {"head": [[0.9926627377549212, -0.08600108417762221, 0.0849970740271588, -0.011263317730115218], [0.09015680369965888, 0.9948498018099647, -0.046320865550369655, -0.005119290214169679], [-0.08057567759296815, 0.053644061730519485, 0.9953039107837799, 0.008927727922725172], [0.0, 0.0, 0.0, 1.0]], "antennas": [-0.2775835264384681, 0.25481968219034434], "body_yaw": 0.09625857275714725, "check_collision": false}, {"head": [[0.9925221544977184, -0.08557636333278927, 0.08704285651299115, -0.011239034323614274], [0.08988861857054957, 0.9948476444441051, -0.046884971957901006, -0.005210948212298656], [-0.08258213537251852, 0.05435853550960837, 0.9951006685429195, 0.008852872011242687], [0.0, 0.0, 0.0, 1.0]], "antennas": [-0.2775835264384681, 0.25481968219034434], "body_yaw": 0.09625857275714725, "check_collision": false}, {"head": [[0.9923643502278203, -0.08512855486337145, 0.0892531542512093, -0.011231808943218029], [0.08955118841785006, 0.9948834625795387, -0.04677050928414797, -0.005254810520864654], [-0.08481498128200538, 0.05440611208882522, 0.9949102441514569, 0.008766518288345017], [0.0, 0.0, 0.0, 1.0]], "antennas": [-0.2775835264384681, 0.25481968219034434], "body_yaw": 0.09625857275714725, "check_collision": false}, {"head": [[0.9921964285463706, -0.08493871573871299, 0.09127793681106766, -0.01121423464182174], [0.08947291327521374, 0.9948900378229208, -0.046780449236337236, -0.0049283323537614495], [-0.08683803872654672, 0.05458229758232568, 0.9947260566712633, 0.008581771579379007], [0.0, 0.0, 0.0, 1.0]], "antennas": [-0.2775835264384681, 0.25481968219034434], "body_yaw": 0.09625857275714725, "check_collision": false}, {"head": [[0.9919465677777048, -0.08506921073450893, 0.09383621933474971, -0.011212129398169823], [0.08979043678017387, 0.9948374600914777, -0.04728747679421597, -0.004955082386232549], [-0.08932907777905884, 0.055332245424757766, 0.9944640056228268, 0.008492327980286709], [0.0, 0.0, 0.0, 1.0]], "antennas": [-0.2775835264384681, 0.25481968219034434], "body_yaw": 0.09625857275714725, "check_collision": false}, {"head": [[0.9916350227926036, -0.08546023256273794, 0.09672915910642292, -0.011237877550506042], [0.090363996720529, 0.9947755390579682, -0.047497105055165294, -0.004987129006725183], [-0.0921646877486446, 0.05584062627023385, 0.9941767925223076, 0.00840047499215363], [0.0, 0.0, 0.0, 1.0]], "antennas": [-0.2775835264384681, 0.25481968219034434], "body_yaw": 0.09625857275714725, "check_collision": false}, {"head": [[0.9914498298846751, -0.08468924737272737, 0.09927218241324946, -0.011266647917083638], [0.08977554490978637, 0.9948079096265897, -0.04793302077405058, -0.005008338737090371], [-0.09469734081693858, 0.05643539956282423, 0.993905156098098, 0.008308869410837584], [0.0, 0.0, 0.0, 1.0]], "antennas": [-0.2775835264384681, 0.25481968219034434], "body_yaw": 0.09625857275714725, "check_collision": false}, {"head": [[0.9912469960396283, -0.08416157585889095, 0.10171638015266381, -0.011287581569331616], [0.08932052597343518, 0.9948806634397771, -0.04726847949170501, -0.004949583476872514], [-0.09721747004649918, 0.055940098878863184, 0.9936898252750608, 0.008163283377387977], [0.0, 0.0, 0.0, 1.0]], "antennas": [-0.2775835264384681, 0.25481968219034434], "body_yaw": 0.09625857275714725, "check_collision": false}, {"head": [[0.9910018322035221, -0.08465816734230454, 0.10367431346049553, -0.011330100731494376], [0.09001830983751115, 0.9947752393849791, -0.048155238557770846, -0.004956878480508173], [-0.09905590574650543, 0.05705451611222673, 0.9934448699993068, 0.008070798317925789], [0.0, 0.0, 0.0, 1.0]], "antennas": [-0.2775835264384681, 0.25481968219034434], "body_yaw": 0.09625857275714725, "check_collision": false}, {"head": [[0.9906750915352807, -0.08537051672924516, 0.10618256864921485, -0.011354539902191497], [0.09099845434636318, 0.9946285052754592, -0.04932968477579251, -0.0050054342142345845], [-0.10140090886247721, 0.058532139606269934, 0.9931222705764764, 0.007958730910953284], [0.0, 0.0, 0.0, 1.0]], "antennas": [-0.2775835264384681, 0.25481968219034434], "body_yaw": 0.09625857275714725, "check_collision": false}, {"head": [[0.9904265650180755, -0.08598463509973377, 0.10799010062622583, -0.011432159507679457], [0.09179608963020223, 0.9945196992308347, -0.050040441349120536, -0.005000119594037922], [-0.10309557330506788, 0.059474451393657486, 0.9928917828224401, 0.007879881861086293], [0.0, 0.0, 0.0, 1.0]], "antennas": [-0.2775835264384681, 0.25481968219034434], "body_yaw": 0.09625857275714725, "check_collision": false}, {"head": [[0.9901892540489556, -0.08654711422575977, 0.10970341008905071, -0.011538046314840117], [0.09255367435199864, 0.9944064432890926, -0.050888534161255675, -0.005075936462411907], [-0.10468552206450199, 0.0605427333734643, 0.9926608277280577, 0.007802379057479604], [0.0, 0.0, 0.0, 1.0]], "antennas": [-0.2775835264384681, 0.25481968219034434], "body_yaw": 0.09625857275714725, "check_collision": false}, {"head": [[0.9899197778087576, -0.08762341733075919, 0.11126980829649477, -0.011639304022841171], [0.09382124931787798, 0.9942440080160369, -0.05173418309627196, -0.005084010510642634], [-0.10609621425617252, 0.06165216346151708, 0.9924427459863978, 0.007721652555226057], [0.0, 0.0, 0.0, 1.0]], "antennas": [-0.2775835264384681, 0.25481968219034434], "body_yaw": 0.09625857275714725, "check_collision": false}, {"head": [[0.9897046478043199, -0.08801477096324946, 0.112863236737272, -0.011713904044416046], [0.09432594993976497, 0.994190485544038, -0.05184489966882498, -0.0052042907474822726], [-0.10764443916193589, 0.061957070185704496, 0.9922570212256074, 0.007694761807531316], [0.0, 0.0, 0.0, 1.0]], "antennas": [-0.2775835264384681, 0.25481968219034434], "body_yaw": 0.09625857275714725, "check_collision": false}, {"head": [[0.9895125123710768, -0.08806529337910861, 0.1144966897474816, -0.011816726063847182], [0.09446403681001324, 0.9941845981630155, -0.05170619426142074, -0.005223248528354344], [-0.10927732432044625, 0.06197974570369616, 0.9920771026043637, 0.007635143120499012], [0.0, 0.0, 0.0, 1.0]], "antennas": [-0.2775835264384681, 0.25481968219034434], "body_yaw": 0.09625857275714725, "check_collision": false}, {"head": [[0.989385271840827, -0.08778304328529475, 0.11580553171599903, -0.011882924274031878], [0.09422962852520923, 0.9942222060260573, -0.05140994215792854, -0.0052094508816151654], [-0.11062351003495713, 0.061776551832006234, 0.9919405711388629, 0.007606479251761335], [0.0, 0.0, 0.0, 1.0]], "antennas": [-0.2775835264384681, 0.25481968219034434], "body_yaw": 0.09625857275714725, "check_collision": false}, {"head": [[0.9892926978984447, -0.08774981260353185, 0.11661873036893164, -0.01195982517287028], [0.0942351037952624, 0.994227230545269, -0.051302624250428176, -0.005227537590975481], [-0.11144372166036387, 0.061742889714764264, 0.9918508519289367, 0.007551151950418946], [0.0, 0.0, 0.0, 1.0]], "antennas": [-0.2775835264384681, 0.25481968219034434], "body_yaw": 0.09625857275714725, "check_collision": false}, {"head": [[0.9891591389485617, -0.08842155794643614, 0.11724259432844823, -0.011983989314985457], [0.09504185330150075, 0.9941077951245139, -0.05212233488336554, -0.005161975596370988], [-0.11194303888833844, 0.06270023734407018, 0.9917345593864526, 0.007432457463818045], [0.0, 0.0, 0.0, 1.0]], "antennas": [-0.2775835264384681, 0.25481968219034434], "body_yaw": 0.09625857275714725, "check_collision": false}, {"head": [[0.9890823057142933, -0.0884552125159814, 0.11786376840085097, -0.012014508827386939], [0.09516127472180175, 0.9940749860367257, -0.052528601060802635, -0.005168675851778052], [-0.11251899535731133, 0.06317117629770515, 0.9916394900209176, 0.007366143480499911], [0.0, 0.0, 0.0, 1.0]], "antennas": [-0.2775835264384681, 0.25481968219034434], "body_yaw": 0.09625857275714725, "check_collision": false}, {"head": [[0.9890187703119858, -0.08799121090273859, 0.11874097344403767, -0.01208648273437367], [0.0947411009661441, 0.994119729275813, -0.05244127813380971, -0.005078049563901985], [-0.11342837280985199, 0.0631150589673691, 0.9915394563875183, 0.007284454499126404], [0.0, 0.0, 0.0, 1.0]], "antennas": [-0.2775835264384681, 0.25481968219034434], "body_yaw": 0.09625857275714725, "check_collision": false}, {"head": [[0.988839928522648, -0.08818679615341714, 0.120077827859768, -0.012111604586587282], [0.09506837549472304, 0.9940678886084886, -0.05283026422663235, -0.005085117501700159], [-0.11470658106716794, 0.06365627872925887, 0.9913577953686671, 0.0071876083536875374], [0.0, 0.0, 0.0, 1.0]], "antennas": [-0.2775835264384681, 0.25481968219034434], "body_yaw": 0.09625857275714725, "check_collision": false}, {"head": [[0.9886478775169101, -0.08786232050565398, 0.12188349731062918, -0.012138344533669045], [0.094946199595525, 0.9940397918276305, -0.053573421074703816, -0.005074243049555047], [-0.11644996120083141, 0.06453762389988127, 0.991097523777394, 0.007057370909077378], [0.0, 0.0, 0.0, 1.0]], "antennas": [-0.2775835264384681, 0.25481968219034434], "body_yaw": 0.09625857275714725, "check_collision": false}, {"head": [[0.9883975315012188, -0.08771426765885318, 0.12400212486634171, -0.012175438264358423], [0.09506996961698946, 0.9939670873605196, -0.05469122526575138, -0.005076196833396919], [-0.11845683010836242, 0.065845550290931, 0.9907736083018979, 0.006956842268202481], [0.0, 0.0, 0.0, 1.0]], "antennas": [-0.2775835264384681, 0.25481968219034434], "body_yaw": 0.09625857275714725, "check_collision": false}, {"head": [[0.9881992656153832, -0.08754691714296552, 0.125689095533303, -0.012185584727761281], [0.09510023231739707, 0.9939250599147266, -0.05539784370067019, -0.00515285079552893], [-0.12007563137620449, 0.0666971706466587, 0.9905217464434266, 0.0068912067452668885], [0.0, 0.0, 0.0, 1.0]], "antennas": [-0.2775835264384681, 0.25481968219034434], "body_yaw": 0.09625857275714725, "check_collision": false}, {"head": [[0.9880493270035642, -0.08754741758944093, 0.12686203955961053, -0.012236438346558541], [0.09526466201810313, 0.9938706322321931, -0.056087525858764996, -0.005159916419042756], [-0.12117413741545974, 0.06750271149962128, 0.9903333844528409, 0.006804645245542864], [0.0, 0.0, 0.0, 1.0]], "antennas": [-0.2775835264384681, 0.25481968219034434], "body_yaw": 0.09625857275714725, "check_collision": false}, {"head": [[0.9878533850070936, -0.08756468833739621, 0.1283671106101626, -0.012292703378877971], [0.09543832405712839, 0.9938297492721682, -0.05651509322991525, -0.0051987229353340405], [-0.12262632682745415, 0.0680797680518532, 0.9901151090407683, 0.00674165784900105], [0.0, 0.0, 0.0, 1.0]], "antennas": [-0.2775835264384681, 0.25481968219034434], "body_yaw": 0.09625857275714725, "check_collision": false}, {"head": [[0.9877036532409665, -0.08737478456817034, 0.12964235571800586, -0.012343780733495176], [0.09536760493970893, 0.9938219404118543, -0.05677121351600645, -0.0052071