{"description": "You tremble all over due to anxiety or worry.", "time": [0.0, 0.01001429557800293, 0.02000117301940918, 0.03025197982788086, 0.04017806053161621, 0.050238847732543945, 0.06023097038269043, 0.070281982421875, 0.08032631874084473, 0.09040331840515137, 0.10046625137329102, 0.11061477661132812, 0.12055826187133789, 0.13058233261108398, 0.14071202278137207, 0.15070605278015137, 0.16078877449035645, 0.17095565795898438, 0.18088221549987793, 0.19092774391174316, 0.20108842849731445, 0.2112712860107422, 0.2211754322052002, 0.23128795623779297, 0.24135804176330566, 0.25191807746887207, 0.2617001533508301, 0.2717435359954834, 0.2816348075866699, 0.2916436195373535, 0.3017690181732178, 0.3117399215698242, 0.321765661239624, 0.3318805694580078, 0.34198951721191406, 0.35202455520629883, 0.36211180686950684, 0.3722224235534668, 0.38219475746154785, 0.3922390937805176, 0.40227413177490234, 0.4123196601867676, 0.4223353862762451, 0.4324793815612793, 0.4424915313720703, 0.45250439643859863, 0.4626157283782959, 0.4726104736328125, 0.4826619625091553, 0.49269795417785645, 0.5028257369995117, 0.512864351272583, 0.52288818359375, 0.5329544544219971, 0.5430319309234619, 0.5531449317932129, 0.5631697177886963, 0.5732848644256592, 0.5833396911621094, 0.5933175086975098, 0.6034336090087891, 0.6134481430053711, 0.6234886646270752, 0.6335997581481934, 0.6435964107513428, 0.6536343097686768, 0.6636652946472168, 0.6737411022186279, 0.6838839054107666, 0.6938431262969971, 0.7039203643798828, 0.7139496803283691, 0.7240645885467529, 0.7342422008514404, 0.7442026138305664, 0.754235029220581, 0.7643222808837891, 0.774411678314209, 0.7843806743621826, 0.794466495513916, 0.8045952320098877, 0.8146493434906006, 0.8246443271636963, 0.8347852230072021, 0.8448519706726074, 0.8550312519073486, 0.8649115562438965, 0.8749685287475586, 0.8849632740020752, 0.89504075050354, 0.9051713943481445, 0.9151947498321533, 0.9252331256866455, 0.9353089332580566, 0.9453835487365723, 0.9553766250610352, 0.9654943943023682, 0.9755978584289551, 0.9856076240539551, 0.9956727027893066, 1.0057203769683838, 1.015723466873169, 1.0258359909057617, 1.0362086296081543, 1.0461950302124023, 1.0562539100646973, 1.066349983215332, 1.076216459274292, 1.0865731239318848, 1.096276044845581, 1.1065611839294434, 1.1164147853851318, 1.1264958381652832, 1.1365342140197754, 1.1467154026031494, 1.1566693782806396, 1.166717767715454, 1.1767349243164062, 1.1868066787719727, 1.1968870162963867, 1.207111120223999, 1.2170603275299072, 1.2271387577056885, 1.2372338771820068, 1.2472269535064697, 1.2573339939117432, 1.2678494453430176, 1.2777197360992432, 1.287559986114502, 1.2976243495941162, 1.307628870010376, 1.3176259994506836, 1.3278896808624268, 1.337859869003296, 1.3478937149047852, 1.357896089553833, 1.3681108951568604, 1.3780694007873535, 1.3880174160003662, 1.3981471061706543, 1.4082610607147217, 1.4182348251342773, 1.4283206462860107, 1.4383971691131592, 1.448434591293335, 1.4585139751434326, 1.4686975479125977, 1.4785833358764648, 1.4885833263397217, 1.4987435340881348, 1.5087964534759521, 1.5187976360321045, 1.5288639068603516, 1.5389397144317627, 1.5491387844085693, 1.559035062789917, 1.5691547393798828, 1.5791966915130615, 1.5892155170440674, 1.5992660522460938, 1.6095032691955566, 1.6193814277648926, 1.6295208930969238, 1.6395843029022217, 1.649552822113037, 1.6596674919128418, 1.6697323322296143, 1.6797895431518555, 1.6898033618927002, 1.6998579502105713, 1.7099888324737549, 1.7200894355773926, 1.7300498485565186, 1.7401819229125977, 1.7501580715179443, 1.760265827178955, 1.7703635692596436, 1.7804014682769775, 1.790398120880127, 1.8005268573760986, 1.8106234073638916, 1.8205206394195557, 1.8307249546051025, 1.8407213687896729, 1.8507328033447266, 1.8607714176177979, 1.871023178100586, 1.8811044692993164, 1.891083002090454, 1.9010653495788574, 1.911139965057373, 1.9212298393249512, 1.9316036701202393, 1.9414680004119873, 1.9513428211212158, 1.9614646434783936, 1.9716145992279053, 1.9815561771392822, 1.991560697555542, 2.0017218589782715, 2.01175594329834, 2.021702289581299, 2.0318074226379395, 2.04190993309021, 2.0519344806671143, 2.062011480331421, 2.072099208831787, 2.0821340084075928, 2.0921735763549805, 2.1022891998291016, 2.112365961074829, 2.122384548187256, 2.1324565410614014, 2.1425464153289795, 2.1525487899780273, 2.1627676486968994, 2.1726553440093994, 2.182645559310913, 2.1927309036254883, 2.2034313678741455, 2.2131235599517822, 2.223010301589966, 2.2330315113067627, 2.243116855621338, 2.253129482269287, 2.2632534503936768, 2.2733936309814453, 2.2833385467529297, 2.2942087650299072, 2.3035154342651367, 2.3143351078033447, 2.323549747467041, 2.3335886001586914, 2.34365177154541, 2.3536665439605713, 2.3638291358947754, 2.3739426136016846, 2.3837947845458984, 2.3938918113708496, 2.4040021896362305, 2.4140377044677734, 2.4240665435791016, 2.434140682220459, 2.4442286491394043, 2.454233169555664, 2.464388847351074, 2.4744505882263184, 2.484461784362793, 2.494661569595337, 2.5046465396881104, 2.514678478240967, 2.524772882461548, 2.534804105758667, 2.5448172092437744, 2.554914951324463, 2.565019130706787, 2.5751051902770996, 2.585059881210327, 2.595097541809082, 2.6052041053771973, 2.6152725219726562, 2.625293254852295, 2.635361671447754, 2.6454567909240723, 2.6555590629577637, 2.665557384490967, 2.6756155490875244, 2.6855862140655518, 2.6957056522369385, 2.70589017868042, 2.7158308029174805, 2.7258975505828857, 2.7360472679138184, 2.746072769165039, 2.756044864654541, 2.766139268875122, 2.776273727416992, 2.786292314529419, 2.7963008880615234, 2.8064448833465576, 2.8164865970611572, 2.8265750408172607, 2.8366169929504395, 2.846597671508789, 2.8566479682922363, 2.8667209148406982, 2.876814603805542, 2.886791944503784, 2.8970894813537598, 2.9072539806365967, 2.9170265197753906, 2.927090644836426, 2.9371776580810547, 2.947267770767212, 2.9572925567626953, 2.9673407077789307, 2.977440118789673, 2.9875051975250244, 2.9976460933685303, 3.0076904296875, 3.017594814300537, 3.0277392864227295, 3.0378165245056152, 3.047834873199463, 3.0578439235687256, 3.0679116249084473, 3.0780856609344482, 3.088080883026123, 3.0981414318084717, 3.1082305908203125, 3.1182761192321777, 3.128329277038574, 3.1385233402252197, 3.14860200881958, 3.1585707664489746, 3.1687700748443604, 3.178651809692383, 3.1886911392211914, 3.1987907886505127, 3.2091736793518066, 3.2189443111419678, 3.229039192199707, 3.2390503883361816, 3.249176263809204, 3.25939679145813, 3.269685983657837, 3.2796268463134766, 3.2896292209625244, 3.299769401550293, 3.3098254203796387, 3.319793224334717, 3.330146312713623, 3.3402903079986572, 3.349982261657715, 3.3603038787841797, 3.3702690601348877, 3.3802781105041504, 3.3902595043182373, 3.40029239654541, 3.4104373455047607, 3.4205167293548584, 3.430537223815918, 3.4406208992004395, 3.4505748748779297, 3.46071195602417, 3.470841884613037, 3.4808101654052734, 3.4908828735351562, 3.5010147094726562, 3.511117458343506, 3.5210392475128174, 3.531094789505005, 3.541210174560547, 3.551358461380005, 3.561337947845459, 3.5714194774627686, 3.5814783573150635, 3.591498374938965, 3.6016554832458496, 3.611610174179077, 3.6216070652008057, 3.631697177886963, 3.641808271408081, 3.651796579360962, 3.661909818649292, 3.6720468997955322, 3.6820027828216553, 3.69205641746521, 3.7021212577819824, 3.7122788429260254, 3.7222254276275635, 3.732374668121338, 3.742511510848999, 3.752471685409546, 3.7625129222869873, 3.772630214691162, 3.7826008796691895, 3.792710542678833, 3.802738666534424, 3.8127825260162354, 3.822784662246704, 3.8330023288726807, 3.8431079387664795, 3.8530662059783936, 3.863085985183716, 3.873490810394287, 3.883239507675171, 3.893279790878296, 3.9033617973327637, 3.9134016036987305, 3.9234657287597656, 3.933626651763916, 3.9435935020446777, 3.9536237716674805, 3.9638612270355225, 3.9737980365753174, 3.9838151931762695, 3.993898630142212, 4.004008054733276, 4.014079809188843, 4.0241124629974365, 4.034144639968872, 4.044315576553345, 4.054364204406738, 4.064356565475464, 4.074465274810791, 4.084457159042358, 4.0945446491241455, 4.104648113250732, 4.11464786529541, 4.1246607303619385, 4.134709119796753, 4.144834756851196, 4.154796600341797, 4.164882659912109, 4.174923419952393, 4.185068130493164, 4.195037126541138, 4.205207586288452, 4.215303182601929, 4.225485563278198, 4.23546290397644, 4.24542760848999, 4.25546932220459, 4.265548944473267, 4.275713920593262, 4.285525560379028, 4.2957072257995605, 4.305750370025635, 4.315830945968628, 4.325809955596924, 4.335970401763916, 4.345985174179077, 4.356065511703491, 4.366165637969971, 4.376388072967529, 4.386429309844971, 4.3963353633880615, 4.4064414501190186, 4.4164416790008545, 4.426508188247681, 4.436646223068237, 4.446625232696533, 4.456684350967407, 4.466800212860107, 4.476820707321167, 4.486819744110107, 4.496877193450928, 4.5070109367370605, 4.517005205154419, 4.527063846588135, 4.53713846206665, 4.5472846031188965, 4.557378053665161, 4.567303657531738, 4.577448129653931, 4.587460517883301, 4.5978171825408936, 4.607635021209717, 4.617604732513428, 4.6277101039886475, 4.637815952301025, 4.647916555404663, 4.657978773117065, 4.66794228553772, 4.678091287612915, 4.688056468963623, 4.698118209838867, 4.708263874053955, 4.718315601348877, 4.728362083435059, 4.738426685333252, 4.748489856719971, 4.758594036102295, 4.768640756607056, 4.778672456741333, 4.78867506980896, 4.798740386962891, 4.808863401412964, 4.818877220153809, 4.829029321670532, 4.839091777801514, 4.8490846157073975, 4.8591156005859375, 4.869203805923462, 4.880776882171631, 4.889588832855225, 4.899429798126221, 4.909611225128174, 4.9195716381073, 4.929587364196777, 4.939668893814087, 4.949641466140747, 4.959788799285889, 4.969852447509766, 4.979889154434204, 4.989901542663574, 4.999973297119141, 5.010103464126587, 5.020072937011719, 5.0301806926727295, 5.04032826423645, 5.0502917766571045, 5.0603625774383545, 5.0704851150512695, 5.080651760101318, 5.090550184249878, 5.100558280944824, 5.11100697517395, 5.1209187507629395, 5.131000280380249, 5.140951871871948, 5.1508800983428955, 5.160968542098999, 5.171071767807007, 5.181147575378418, 5.191135406494141, 5.20125412940979, 5.211431264877319, 5.221351385116577, 5.231477499008179, 5.241513252258301, 5.251526832580566, 5.26200532913208, 5.271696090698242, 5.281736850738525, 5.292042970657349, 5.30186915397644, 5.311896085739136, 5.321953535079956, 5.3319783210754395, 5.3420729637146, 5.352087736129761, 5.362147808074951, 5.372296094894409, 5.382364988327026, 5.3924150466918945, 5.402448892593384, 5.412588834762573, 5.422684192657471, 5.43260383605957, 5.44267201423645, 5.452692270278931, 5.462733507156372, 5.472849130630493, 5.482851028442383, 5.49288010597229, 5.503023862838745, 5.513014554977417, 5.523064851760864, 5.533257246017456, 5.543493270874023, 5.553508043289185, 5.563429117202759, 5.573516130447388, 5.583517074584961, 5.59361457824707, 5.603644371032715, 5.613689184188843, 5.62372612953186, 5.633798837661743, 5.643859148025513, 5.653919219970703, 5.6643126010894775, 5.674134016036987, 5.684108734130859, 5.694180727005005, 5.704261064529419, 5.7143213748931885, 5.724369525909424, 5.734441518783569, 5.744715213775635, 5.754508972167969, 5.764551877975464, 5.774693012237549, 5.784697771072388, 5.794750690460205, 5.804844617843628, 5.814885377883911, 5.824986457824707, 5.835139274597168, 5.845079183578491, 5.855117559432983, 5.865229606628418, 5.875388860702515, 5.885274887084961, 5.89539909362793, 5.9055016040802, 5.91560435295105, 5.925513505935669, 5.935617923736572, 5.94563627243042, 5.955744504928589, 5.965731143951416, 5.975869417190552, 5.985839128494263, 5.9960777759552, 6.006287097930908, 6.016303539276123, 6.02614951133728, 6.036285400390625, 6.046278715133667, 6.056302547454834, 6.066356658935547, 6.076536417007446, 6.08651065826416, 6.096568584442139, 6.106848955154419, 6.116706371307373, 6.126760721206665, 6.136932849884033, 6.146861553192139, 6.156940221786499, 6.167062997817993, 6.17713737487793, 6.187087059020996, 6.19739294052124, 6.207431077957153, 6.217387437820435, 6.2274439334869385, 6.237555742263794, 6.247602462768555, 6.257707357406616, 6.2677671909332275, 6.277718544006348, 6.287721872329712, 6.297899007797241, 6.307979345321655, 6.317915201187134, 6.328014373779297, 6.338668584823608, 6.348753929138184, 6.359215497970581, 6.368882656097412, 6.379101514816284, 6.3890650272369385, 6.399077892303467, 6.409173965454102, 6.419116258621216, 6.429418563842773, 6.439282417297363, 6.449325799942017, 6.459370851516724, 6.469506740570068, 6.47949481010437, 6.489521503448486, 6.499569416046143, 6.509711027145386, 6.519690036773682, 6.529757976531982, 6.539888143539429, 6.54992938041687, 6.560000419616699, 6.570033073425293, 6.580078363418579, 6.590150356292725, 6.600324630737305, 6.610298156738281, 6.620305061340332, 6.630378007888794, 6.640552997589111, 6.650487184524536, 6.660617351531982, 6.6706223487854, 6.6806721687316895, 6.690730810165405, 6.700739145278931, 6.710832595825195, 6.720942258834839, 6.730973958969116, 6.741070747375488, 6.751084089279175, 6.761118650436401, 6.771362781524658, 6.781250953674316, 6.791344404220581, 6.801390886306763, 6.811471939086914, 6.821447372436523, 6.831610202789307, 6.841784238815308, 6.8517680168151855, 6.8617753982543945, 6.871800661087036, 6.8818323612213135, 6.891923189163208, 6.902052879333496, 6.911988735198975, 6.92205023765564, 6.932171583175659, 6.942301988601685, 6.952213764190674, 6.962318420410156, 6.972402334213257, 6.982506036758423, 6.992502689361572, 7.002532243728638, 7.012559413909912, 7.02260160446167, 7.032717704772949, 7.042798757553101, 7.052804470062256, 7.062909364700317, 7.072939157485962, 7.082946062088013, 7.093049764633179, 7.103267669677734, 7.113231420516968, 7.123237133026123, 7.133304595947266, 7.143420934677124, 7.153520822525024, 7.1635284423828125, 7.173600196838379, 7.183629274368286, 7.193908214569092, 7.204037427902222, 7.214080333709717], "set_target_data": [{"head": [[0.9648439205212991, 0.2511937073096877, 0.07731707729281866, -0.010126175629729155], [-0.23745787640222774, 0.9592403436710721, -0.15320483023830347, 0.003066131920396539], [-0.11264974907931703, 0.12945920006634518, 0.9851651382131569, 0.005196125241982211], [0.0, 0.0, 0.0, 1.0]], "antennas": [-0.014048707382385997, 0.1334936128013119], "body_yaw": -0.23336407115526803, "check_collision": false}, {"head": [[0.9648277155072198, 0.2512707246386259, 0.07726902567457897, -0.01009511650614006], [-0.2375631106298924, 0.9592455533756251, -0.15300894351945504, 0.0030243915602260084], [-0.11256663740633097, 0.12927099933345504, 0.9851993508292425, 0.005177281852560559], [0.0, 0.0, 0.0, 1.0]], "antennas": [-0.014048707382385997, 0.1334936128013119], "body_yaw": -0.23336407115526803, "check_collision": false}, {"head": [[0.9648876682369553, 0.2510737841321067, 0.07716049899939248, -0.01006794955804583], [-0.2374175996731239, 0.9593320374411873, -0.1526922568580087, 0.0030267960908590694], [-0.11235956145207776, 0.12901161521554605, 0.9852569878411278, 0.0051760789021564925], [0.0, 0.0, 0.0, 1.0]], "antennas": [-0.014048707382385997, 0.1334936128013119], "body_yaw": -0.23336407115526803, "check_collision": false}, {"head": [[0.9649641495712641, 0.2508023072154215, 0.07708691677339566, -0.010046694655491814], [-0.23719440670913283, 0.9594390884577305, -0.15236616739060466, 0.0030566332798533553], [-0.11217398748421845, 0.12874330365040582, 0.9853132285202862, 0.005167438682921525], [0.0, 0.0, 0.0, 1.0]], "antennas": [-0.014048707382385997, 0.1334936128013119], "body_yaw": -0.23336407115526803, "check_collision": false}, {"head": [[0.965017225724955, 0.2505017808595157, 0.07739904289022335, -0.010001976437455819], [-0.23687749229909613, 0.959548594850888, -0.1521694705313071, 0.003070856914447061], [-0.11238686620865944, 0.128512069105971, 0.9853191566177424, 0.005152964103895211], [0.0, 0.0, 0.0, 1.0]], "antennas": [-0.014048707382385997, 0.1334936128013119], "body_yaw": -0.23336407115526803, "check_collision": false}, {"head": [[0.9650318169836917, 0.250338330503816, 0.07774517663313027, -0.009998883248674548], [-0.23670659635889119, 0.9596413495934981, -0.15185014781210546, 0.003078695200637813], [-0.11262139871864221, 0.12813742790820923, 0.9853411694026212, 0.005233189835497257], [0.0, 0.0, 0.0, 1.0]], "antennas": [-0.014048707382385997, 0.1334936128013119], "body_yaw": -0.23336407115526803, "check_collision": false}, {"head": [[0.9650680004141716, 0.2500884848924525, 0.078099323305578, -0.009968124643169669], [-0.23641901418377223, 0.9597214344919764, -0.1517920218886206, 0.0031058713584134236], [-0.11291503136856915, 0.12802545801855084, 0.9853221187967793, 0.005234876122650282], [0.0, 0.0, 0.0, 1.0]], "antennas": [-0.014048707382385997, 0.1334936128013119], "body_yaw": -0.23336407115526803, "check_collision": false}, {"head": [[0.9651555795132906, 0.2496843155817291, 0.07830996032975232, -0.009962644885224794], [-0.23599496309558526, 0.9598328245804431, -0.1517475741204498, 0.0030024509013454135], [-0.11305345960154084, 0.12797926164192214, 0.9853122468850729, 0.005267340320217143], [0.0, 0.0, 0.0, 1.0]], "antennas": [-0.014048707382385997, 0.1334936128013119], "body_yaw": -0.23336407115526803, "check_collision": false}, {"head": [[0.9651570435342351, 0.24965966715308327, 0.07837047858259964, -0.009955587077296777], [-0.23596398830939716, 0.9598423054611943, -0.15173577319821954, 0.0030382545984388625], [-0.11310560347470285, 0.12795623956630844, 0.9853092525794489, 0.00527030187402339], [0.0, 0.0, 0.0, 1.0]], "antennas": [-0.014048707382385997, 0.1334936128013119], "body_yaw": -0.23336407115526803, "check_collision": false}, {"head": [[0.9651126660951252, 0.24977188442199919, 0.0785591973930618, -0.009947023702632167], [-0.2360583975159882, 0.9598289556772975, -0.15167336221502922, 0.0030770067567865217], [-0.11328713388969752, 0.12783732473621015, 0.9853038331902225, 0.005359966807944431], [0.0, 0.0, 0.0, 1.0]], "antennas": [-0.014048707382385997, 0.1334936128013119], "body_yaw": -0.23336407115526803, "check_collision": false}, {"head": [[0.9650302729792473, 0.25004854955048267, 0.07869113737454432, -0.009962668751677275], [-0.23633379667449977, 0.9597848728745765, -0.1515233788910125, 0.0031236781614231842], [-0.11341476439606875, 0.127627272433571, 0.9853163809397221, 0.005372032321438238], [0.0, 0.0, 0.0, 1.0]], "antennas": [-0.014048707382385997, 0.1334936128013119], "body_yaw": -0.23336407115526803, "check_collision": false}, {"head": [[0.9649690651694209, 0.2501979816426902, 0.07896627918281394, -0.00992445160166343], [-0.23648267644862275, 0.9597969987138639, -0.15121397091391767, 0.003279930184575202], [-0.11362502807810455, 0.1272426471030181, 0.9853419009422398, 0.005275132489057756], [0.0, 0.0, 0.0, 1.0]], "antennas": [-0.014048707382385997, 0.1334936128013119], "body_yaw": -0.23336407115526803, "check_collision": false}, {"head": [[0.9649002870009049, 0.25042527745266724, 0.0790861337930103, -0.009933363368848216], [-0.23673091179641365, 0.9597870004287171, -0.15088866494234873, 0.003337090536237177], [-0.11369217891134778, 0.12687038354478317, 0.9853821564416466, 0.005271643549497886], [0.0, 0.0, 0.0, 1.0]], "antennas": [-0.014048707382385997, 0.1334936128013119], "body_yaw": -0.23336407115526803, "check_collision": false}, {"head": [[0.9646857524098301, 0.2510822013665962, 0.07961863635094364, -0.009895273867867467], [-0.23730471034939832, 0.9596296703918547, -0.15098798014944198, 0.0034696278317361585], [-0.11431480019432282, 0.12676207579763016, 0.985324059685953, 0.00513990649373808], [0.0, 0.0, 0.0, 1.0]], "antennas": [-0.014048707382385997, 0.1334936128013119], "body_yaw": -0.23336407115526803, "check_collision": false}, {"head": [[0.9645167801801731, 0.25154976157301323, 0.08018789312253834, -0.009893741202653907], [-0.23771070049374887, 0.9595476111090282, -0.1508708218501121, 0.003535595470884007], [-0.114895620550318, 0.1264559190687302, 0.9852958423290133, 0.005121878538831394], [0.0, 0.0, 0.0, 1.0]], "antennas": [-0.014048707382385997, 0.1334936128013119], "body_yaw": -0.23336407115526803, "check_collision": false}, {"head": [[0.9642529601424861, 0.25235888914116444, 0.08081596332340878, -0.009844811591944294], [-0.23846169567306882, 0.9593962457532583, -0.1506481441348618, 0.0034101212848220543], [-0.11555193011446314, 0.1259914072704598, 0.9852785985399415, 0.005138375975775657], [0.0, 0.0, 0.0, 1.0]], "antennas": [-0.014048707382385997, 0.1334936128013119], "body_yaw": -0.23336407115526803, "check_collision": false}, {"head": [[0.9639959164509997, 0.2531650445157902, 0.08135928527903577, -0.009843444190888086], [-0.23924238180510712, 0.959265243203904, -0.1502440545551621, 0.0034512166823430787], [-0.11608167733978048, 0.12537006587009975, 0.985295585481692, 0.005114412583768714], [0.0, 0.0, 0.0, 1.0]], "antennas": [-0.014048707382385997, 0.1334936128013119], "body_yaw": -0.23336407115526803, "check_collision": false}, {"head": [[0.9637927133280225, 0.2537693504012367, 0.08188237009724866, -0.009877161076714427], [-0.23979818931544608, 0.9591537312981653, -0.15006981088093874, 0.003201133564363771], [-0.11662089922840563, 0.12500094613138568, 0.9852788079165292, 0.005216431202615725], [0.0, 0.0, 0.0, 1.0]], "antennas": [-0.014048707382385997, 0.1334936128013119], "body_yaw": -0.23336407115526803, "check_collision": false}, {"head": [[0.9636073216151173, 0.25431450374653763, 0.08237149333290009, -0.00989885373554735], [-0.24033594497754174, 0.9590939470648396, -0.14959088961343336, 0.0032173014000468772], [-0.11704513352331969, 0.12435004578904939, 0.98531086608784, 0.005187307229236717], [0.0, 0.0, 0.0, 1.0]], "antennas": [-0.014048707382385997, 0.1334936128013119], "body_yaw": -0.23336407115526803, "check_collision": false}, {"head": [[0.9634966831295851, 0.2546165326955827, 0.08273187340056423, -0.01001365312777289], [-0.24059211854068865, 0.9590307634516573, -0.14958418114705302, 0.0034891861649954236], [-0.11742901725889957, 0.12421922569155881, 0.9852816906216204, 0.005162638240750974], [0.0, 0.0, 0.0, 1.0]], "antennas": [-0.014048707382385997, 0.1334936128013119], "body_yaw": -0.23336407115526803, "check_collision": false}, {"head": [[0.9633948776106557, 0.2548608962791701, 0.08316389445743722, -0.010081121157887478], [-0.2407806642843748, 0.9589827856462108, -0.1495883970801507, 0.0035211504578389462], [-0.11787697612479223, 0.12408843774506857, 0.9852446793145666, 0.005133810522028661], [0.0, 0.0, 0.0, 1.0]], "antennas": [-0.014048707382385997, 0.1334936128013119], "body_yaw": -0.23336407115526803, "check_collision": false}, {"head": [[0.9632322277826958, 0.2552971205140751, 0.08370815741614868, -0.01018150927750132], [-0.24113155567635364, 0.9588749359637111, -0.14971449508210838, 0.0038026258847013465], [-0.11848733357573071, 0.12402514840874368, 0.9851794325625677, 0.00503423760771299], [0.0, 0.0, 0.0, 1.0]], "antennas": [-0.014048707382385997, 0.1334936128013119], "body_yaw": -0.23336407115526803, "check_collision": false}, {"head": [[0.9629587882506395, 0.2559874285913315, 0.08473965148652461, -0.010273663918789405], [-0.24158265818231164, 0.9586234156640666, -0.15059537245920357, 0.0038443325876754177], [-0.11978393630378019, 0.12454550711991114, 0.9849569661969073, 0.004948679507068178], [0.0, 0.0, 0.0, 1.0]], "antennas": [-0.014048707382385997, 0.1334936128013119], "body_yaw": -0.23336407115526803, "check_collision": false}, {"head": [[0.9625238750770895, 0.25701513910515483, 0.0865506104966424, -0.010343580510120853], [-0.2422060737620299, 0.9582462335540631, -0.15198807095372405, 0.0037832143551810643], [-0.12200003171870785, 0.1253290634697716, 0.984585505738544, 0.00483893050028056], [0.0, 0.0, 0.0, 1.0]], "antennas": [-0.014048707382385997, 0.1334936128013119], "body_yaw": -0.23336407115526803, "check_collision": false}, {"head": [[0.9620824327109326, 0.2580600987104394, 0.08833107110508907, -0.010455003678211812], [-0.2428215646599953, 0.957837609575388, -0.15357343982270685, 0.003779186249686912], [-0.12423799903848158, 0.12630161969058476, 0.9841812945074954, 0.0046654382750012675], [0.0, 0.0, 0.0, 1.0]], "antennas": [-0.014048707382385997, 0.1334936128013119], "body_yaw": -0.23336407115526803, "check_collision": false}, {"head": [[0.9615692506862855, 0.2592722800709935, 0.09034633872716522, -0.010471043777856208], [-0.24365681454284766, 0.9574816918381389, -0.15446736393687693, 0.0037990001017161575], [-0.12655407090033777, 0.12651756629639832, 0.9838584108279955, 0.004310224239313211], [0.0, 0.0, 0.0, 1.0]], "antennas": [-0.014048707382385997, 0.1334936128013119], "body_yaw": -0.23336407115526803, "check_collision": false}, {"head": [[0.9610681979867678, 0.2603307940942754, 0.09260559629261679, -0.01058042959209679], [-0.24433306335225777, 0.9571991098463944, -0.15514901953338847, 0.0037603499764569392], [-0.1290320617961626, 0.1264821795966299, 0.9835410440205926, 0.004060463014500306], [0.0, 0.0, 0.0, 1.0]], "antennas": [-0.014048707382385997, 0.1334936128013119], "body_yaw": -0.23336407115526803, "check_collision": false}, {"head": [[0.9608776479384475, 0.2603075419129074, 0.09462626123617346, -0.010646294269315133], [-0.24401602246917622, 0.9572367337762829, -0.1554156243356365, 0.003592024390100543], [-0.13103559238084536, 0.12624507567653154, 0.9833065922675529, 0.003822034220224259], [0.0, 0.0, 0.0, 1.0]], "antennas": [-0.014048707382385997, 0.1334936128013119], "body_yaw": -0.23336407115526803, "check_collision": false}, {"head": [[0.9608389978332472, 0.2592699525338229, 0.09781365935241412, -0.01072992263813595], [-0.24252832182776118, 0.957558677276222, -0.15576069043382498, 0.0035363344150727543], [-0.13404638508445793, 0.12593836304367775, 0.9829400263290065, 0.0034871920903783455], [0.0, 0.0, 0.0, 1.0]], "antennas": [-0.014048707382385997, 0.1334936128013119], "body_yaw": -0.23336407115526803, "check_collision": false}, {"head": [[0.960836254401632, 0.2581496620531418, 0.10075933807489636, -0.010883739645087596], [-0.24098111483018142, 0.9578847622627116, -0.1561566025504899, 0.003431954522163716], [-0.136827608773396, 0.1257598274758574, 0.9825796004755021, 0.0032138780808640428], [0.0, 0.0, 0.0, 1.0]], "antennas": [-0.014048707382385997, 0.1334936128013119], "body_yaw": -0.23336407115526803, "check_collision": false}, {"head": [[0.9608880084721093, 0.2569646220943442, 0.10326382796707712, -0.010963931152997453], [-0.23934542309715312, 0.9581390667288684, -0.1571091889431594, 0.0034249321290859055], [-0.1393126111195536, 0.12624861108084906, 0.9821676458645989, 0.0028650549764762685], [0.0, 0.0, 0.0, 1.0]], "antennas": [-0.014048707382385997, 0.1334936128013119], "body_yaw": -0.23336407115526803, "check_collision": false}, {"head": [[0.9610341225249757, 0.25557142177389386, 0.10534070303126447, -0.011060118339224661], [-0.23752591267271464, 0.9584040567309837, -0.15825013380906758, 0.003605025202905886], [-0.14140316881755002, 0.12706263185557073, 0.9817638368947451, 0.0023361875040002773], [0.0, 0.0, 0.0, 1.0]], "antennas": [-0.014048707382385997, 0.1334936128013119], "body_yaw": -0.23336407115526803, "check_collision": false}, {"head": [[0.9609427769437354, 0.25479573880278583, 0.10801903039559568, -0.011096982174666014], [-0.23624035890541883, 0.9585334765802237, -0.15938653361958918, 0.003579554059605518], [-0.14415086633073348, 0.12764288371457325, 0.9812888575608747, 0.0019300291949815324], [0.0, 0.0, 0.0, 1.0]], "antennas": [-0.014048707382385997, 0.1334936128013119], "body_yaw": -0.23336407115526803, "check_collision": false}, {"head": [[0.9602121600728105, 0.25595453108700394, 0.11171340861481145, -0.011227302596404866], [-0.2368876764598157, 0.9583391387788853, -0.15959424747156314, 0.003396077930328887], [-0.1479082025777393, 0.12678080730369562, 0.9808413686777522, 0.0016860683406764738], [0.0, 0.0, 0.0, 1.0]], "antennas": [-0.014048707382385997, 0.1334936128013119], "body_yaw": -0.23336407115526803, "check_collision": false}, {"head": [[0.9595209916471283, 0.2570342810390557, 0.11512100138223041, -0.011330124676807083], [-0.23760806996316416, 0.9582475902772376, -0.15907218743780402, 0.003403356184759022], [-0.15120142749621068, 0.12527942408314105, 0.9805320974983456, 0.0012998115003573524], [0.0, 0.0, 0.0, 1.0]], "antennas": [-0.018669291873673475, 0.1334936128013119], "body_yaw": -0.23336407115526803, "check_collision": false}, {"head": [[0.9589511493455631, 0.25775538278629734, 0.11821529432993502, -0.011430576928033382], [-0.23806307588562825, 0.958269739432694, -0.1582563691845314, 0.003416104073866653], [-0.15407357031203453, 0.12361743053585293, 0.9802959072642385, 0.0008797195699374333], [0.0, 0.0, 0.0, 1.0]], "antennas": [-0.023632092565036136, 0.1387972981122047], "body_yaw": -0.23336407115526803, "check_collision": false}, {"head": [[0.9581892287915056, 0.25894060538160285, 0.12175041976333968, -0.011637602379512668], [-0.23909199604557996, 0.95830800585955, -0.15646336099046865, 0.0034507368767730607], [-0.15718911939088137, 0.12081195632097996, 0.9801510352772258, 0.00062407526419689], [0.0, 0.0, 0.0, 1.0]], "antennas": [-0.02893710945647398, 0.14718092922377413], "body_yaw": -0.23336407115526803, "check_collision": false}, {"head": [[0.9575734084573432, 0.2598715866109154, 0.1245789945685549, -0.011804829538544387], [-0.2398402110327053, 0.9582850999661723, -0.15545526801820148, 0.00379522154426509], [-0.15978060141072795, 0.11898077851127453, 0.9799559856226592, 0.00019705198342573511], [0.0, 0.0, 0.0, 1.0]], "antennas": [-0.034926558748062185, 0.1572756413357195], "body_yaw": -0.23336407115526803, "check_collision": false}, {"head": [[0.95657159333788, 0.26169573748907254, 0.1283983169635811, -0.011989791275469393], [-0.24143405860621064, 0.9581070243402241, -0.15407960687532343, 0.003783651359295646], [-0.16334130574953373, 0.11638844826687825, 0.9796802268832753, -4.719095648347653e-05], [0.0, 0.0, 0.0, 1.0]], "antennas": [-0.041600440439800754, 0.16873921824796556], "body_yaw": -0.23336407115526803, "check_collision": false}, {"head": [[0.9551633326387808, 0.2646994394634336, 0.132654493818048, -0.012024770539553559], [-0.24447271755650454, 0.9578321769685877, -0.15096559586261526, 0.003775521220958299], [-0.1670212512015044, 0.11176639705815417, 0.9795979655632834, -0.00036708558573550314], [0.0, 0.0, 0.0, 1.0]], "antennas": [-0.04895875453168969, 0.18328274096088829], "body_yaw": -0.23336407115526803, "check_collision": false}, {"head": [[0.9540245168555452, 0.26667566746070637, 0.13682583682525212, -0.012127857751183746], [-0.2464827329227699, 0.9577661532403923, -0.14808868315311705, 0.0037598194363111168], [-0.17053880382325387, 0.10755502820179327, 0.9794633389254779, -0.0005591411865456513], [0.0, 0.0, 0.0, 1.0]], "antennas": [-0.05905479822418008, 0.19953734467418693], "body_yaw": -0.23336407115526803, "check_collision": false}, {"head": [[0.953566445165775, 0.26749754714105883, 0.1384055523720919, -0.01213483753254282], [-0.24734601986717547, 0.9577293091928678, -0.14688266326840244, 0.003627273353271067], [-0.1718458062036246, 0.10582831656257724, 0.9794229864076895, -0.0007161356856761874], [0.0, 0.0, 0.0, 1.0]], "antennas": [-0.07086192291704639, 0.21818746178801182], "body_yaw": -0.23336407115526803, "check_collision": false}, {"head": [[0.9531142853764705, 0.26915587485805387, 0.1383050036719407, -0.012080309134128464], [-0.2498601826421451, 0.9577994322495554, -0.14209200087430307, 0.003581721972954771], [-0.1707133507999119, 0.10087300239323056, 0.980143657453764, -0.0010119877236711688], [0.0, 0.0, 0.0, 1.0]], "antennas": [-0.08711785821089006, 0.239233092302363], "body_yaw": -0.23336407115526803, "check_collision": false}, {"head": [[0.9519149730904131, 0.2719038139034175, 0.14116019265732563, -0.01213120154070798], [-0.25259527268640075, 0.9573039100707516, -0.1405875242677414, 0.00371586174730744], [-0.17335948841283663, 0.09817097202343286, 0.979953543811753, -0.0013461932453358565], [0.0, 0.0, 0.0, 1.0]], "antennas": [-0.10576930690526, 0.2640431010175412], "body_yaw": -0.23336407115526803, "check_collision": false}, {"head": [[0.9509492075647493, 0.27430952930483615, 0.14300310054168316, -0.012108012362352238], [-0.2550095252266537, 0.9568103982051559, -0.1395851135693486, 0.0037547788703743822], [-0.17511638037502988, 0.09627120036153355, 0.9798296327960783, -0.0015122101609211219], [0.0, 0.0, 0.0, 1.0]], "antennas": [-0.12681626900015622, 0.2905641907330953], "body_yaw": -0.23336407115526803, "check_collision": false}, {"head": [[0.9501201000111101, 0.27579063055548614, 0.1456410781774348, -0.012119889539321643], [-0.2561928817080267, 0.9564558755855446, -0.13984765074904432, 0.003608316984843981], [-0.17786793673120346, 0.09555985640265977, 0.9794035485576351, -0.0015993692717218271], [0.0, 0.0, 0.0, 1.0]], "antennas": [-0.14923209589535316, 0.3208496586494764], "body_yaw": -0.23336407115526803, "check_collision": false}, {"head": [[0.9496307052424795, 0.2759420312050809, 0.1485177399339406, -0.01222951481677125], [-0.2557215406203124, 0.9563093987669216, -0.14169977943816012, 0.003731567139563704], [-0.1811298355419266, 0.0965832762152096, 0.9787050901227047, -0.001750768243491128], [0.0, 0.0, 0.0, 1.0]], "antennas": [-0.17370121999100122, 0.35250399136615823], "body_yaw": -0.23336407115526803, "check_collision": false}, {"head": [[0.949420891232793, 0.27524709648315404, 0.15112579914866447, -0.012287745422759346], [-0.2546786684061899, 0.9565210070745426, -0.1421490024022438, 0.003745438428860573], [-0.1836811017758201, 0.09647071525958753, 0.9782405910346006, -0.0018990313562523547], [0.0, 0.0, 0.0, 1.0]], "antennas": [-0.19988142508702517, 0.3862116212832911], "body_yaw": -0.23336407115526803, "check_collision": false}, {"head": [[0.9496094525171058, 0.27280987249912153, 0.15432647587881795, -0.012513272016379015], [-0.2516123162670501, 0.9571034079732214, -0.14368127487176266, 0.0038775849109082116], [-0.18690406628239062, 0.09761065471073394, 0.9775167671677296, -0.00201935633221245], [0.0, 0.0, 0.0, 1.0]], "antennas": [-0.2267460625831995, 0.4209458998006496], "body_yaw": -0.23336407115526803, "check_collision": false}, {"head": [[0.9495777158562457, 0.2712677541838127, 0.15721312632635387, -0.012631797226840508], [-0.24954979143522102, 0.957474244478135, -0.14480322080555627, 0.00406784365896435], [-0.18980796385787724, 0.09826940877554705, 0.9768910175424032, -0.0020677722320197028], [0.0, 0.0, 0.0, 1.0]], "antennas": [-0.25463734867959936, 0.45773347551845917], "body_yaw": -0.23336407115526803, "check_collision": false}, {"head": [[0.9492031451236953, 0.2715222460218429, 0.1590253413847604, -0.012729198518068608], [-0.24925950299867944, 0.9572681537618393, -0.14665395309452683, 0.004171907687348347], [-0.19204970568094368, 0.09956581596438703, 0.9763214423739803, -0.002153369101382526], [0.0, 0.0, 0.0, 1.0]], "antennas": [-0.28355528337622476, 0.4952054836364191], "body_yaw": -0.23336407115526803, "check_collision": false}, {"head": [[0.9482952692088211, 0.27479402563178534, 0.15882167948125805, -0.012560517372273802], [-0.25179625566696984, 0.9559869938987138, -0.15062374689468752, 0.004132964606143983], [-0.19322196569816721, 0.10284508239861864, 0.9757500504730491, -0.0023249568558877907], [0.0, 0.0, 0.0, 1.0]], "antennas": [-0.3138420828731509, 0.5330197079544542], "body_yaw": -0.23336407115526803, "check_collision": false}, {"head": [[0.9468264138892999, 0.28011063406066805, 0.15829647705384653, -0.012417640162045164], [-0.2567197585645963, 0.9542822633774732, -0.15310234278319335, 0.004103528609939719], [-0.19394511472079895, 0.10432350880457164, 0.9754495876192879, -0.0024084892670184176], [0.0, 0.0, 0.0, 1.0]], "antennas": [-0.3458399633704529, 0.5711761484725645], "body_yaw": -0.23336407115526803, "check_collision": false}, {"head": [[0.9455227536447447, 0.2843073787778367, 0.15860654687791068, -0.012321154799847236], [-0.26045329519947763, 0.9528949814416382, -0.15541954627096757, 0.00404482787537855], [-0.19532230635488854, 0.10564311958577983, 0.9750326804391695, -0.00245569214378338], [0.0, 0.0, 0.0, 1.0]], "antennas": [-0.37818006006783017, 0.6096748051907499], "body_yaw": -0.23336407115526803, "check_collision": false}, {"head": [[0.9443164932846686, 0.2883913515552543, 0.15841966058125617, -0.01208776549572207], [-0.2638094871964436, 0.9513301677035468, -0.15929678741987002, 0.004000580596370831], [-0.19664921809073171, 0.10863397426806913, 0.9744371424874098, -0.0025564547586714413], [0.0, 0.0, 0.0, 1.0]], "antennas": [-0.41086237296528255, 0.6481734619089354], "body_yaw": -0.23336407115526803, "check_collision": false}, {"head": [[0.9435834385263341, 0.29060661788871583, 0.1587390568766932, -0.012030760799596859], [-0.26514007376341536, 0.9502363895021335, -0.16355899654461242, 0.0036974935399550863], [-0.19837095509058472, 0.11224347511206074, 0.9736787799224227, -0.0025260827643696603], [0.0, 0.0, 0.0, 1.0]], "antennas": [-0.4438869020628102, 0.6866721186271209], "body_yaw": -0.23336407115526803, "check_collision": false}, {"head": [[0.9425197248790403, 0.2935254096091157, 0.1596853222050739, -0.011822120436831894], [-0.26736770750352074, 0.9491022203471843, -0.1664916944365573, 0.0036289558483386004], [-0.20042723666769743, 0.11422700751505764, 0.973026779464936, -0.0027054717235863134], [0.0, 0.0, 0.0, 1.0]], "antennas": [-0.47691143116033774, 0.7251707753453063], "body_yaw": -0.23336407115526803, "check_collision": false}, {"head": [[0.9410964023574082, 0.2971682730098399, 0.16133375030133085, -0.011553698619317793], [-0.2705866502914343, 0.9479726262547349, -0.16772228401664918, 0.003454780470152353], [-0.20278172046317178, 0.11418807901024419, 0.9725433956682581, -0.0027424437836510683], [0.0, 0.0, 0.0, 1.0]], "antennas": [-0.5099359602578654, 0.7636694320634918], "body_yaw": -0.23336407115526803, "check_collision": false}, {"head": [[0.9389189212470581, 0.30322687648684715, 0.16274126919835222, -0.011298541925248118], [-0.27665284464941403, 0.9463268359364788, -0.16711888921914073, 0.0033078055990807733], [-0.2046813691366349, 0.11188825212006205, 0.9724127498988635, -0.00292901466325551], [0.0, 0.0, 0.0, 1.0]], "antennas": [-0.542960489355393, 0.8021680887816772], "body_yaw": -0.23336407115526803, "check_collision": false}, {"head": [[0.9364543674502109, 0.3104926672607008, 0.1632406850658295, -0.010980567149093705], [-0.28395868664235124, 0.9441928462031228, -0.16693511751335377, 0.0031485316879712767], [-0.2059628169446529, 0.10997350933830369, 0.9723606045495887, -0.0029572939449034573], [0.0, 0.0, 0.0, 1.0]], "antennas": [-0.5759850184529205, 0.8406667454998628], "body_yaw": -0.23336407115526803, "check_collision": false}, {"head": [[0.9343698419737345, 0.316467757802895, 0.16371058817677728, -0.010859620937778394], [-0.28997280320929525, 0.9423981171742666, -0.1667380045020947, 0.003109008207509106], [-0.2070477524845936, 0.10832334474897544, 0.9723154226759303, -0.0031240823320866605], [0.0, 0.0, 0.0, 1.0]], "antennas": [-0.6090095475504481, 0.8791654022180482], "body_yaw": -0.23336407115526803, "check_collision": false}, {"head": [[0.9333501658228399, 0.31878110931111786, 0.1650335490282207, -0.010729681595137854], [-0.29206185524114286, 0.9416730397694578, -0.16718779526164765, 0.0028604262805582703], [-0.20870395461413455, 0.10784475192480161, 0.972014490020956, -0.003137437313632859], [0.0, 0.0, 0.0, 1.0]], "antennas": [-0.6420340766479757, 0.9176640589362337], "body_yaw": -0.23336407115526803, "check_collision": false}, {"head": [[0.9333100696662838, 0.3172358587840256, 0.1682073831943131, -0.01086665857399667], [-0.289767706093103, 0.9420705783404918, -0.1689310567384005, 0.002958360545271946], [-0.21205421562670668, 0.10892398875717582, 0.9711686641918432, -0.0032788951597399994], [0.0, 0.0, 0.0, 1.0]], "antennas": [-0.6750586057455034, 0.9561627156544191], "body_yaw": -0.23336407115526803, "check_collision": false}, {"head": [[0.9333789899365061, 0.31528632428299574, 0.17145901803411956, -0.010