{"description": "You try to calm down and regain inner peace.", "time": [0.0, 0.010133743286132812, 0.020125389099121094, 0.0304257869720459, 0.040441036224365234, 0.05059528350830078, 0.06068825721740723, 0.07046294212341309, 0.08057641983032227, 0.09065580368041992, 0.10067629814147949, 0.11078882217407227, 0.12079095840454102, 0.13081765174865723, 0.14085054397583008, 0.15099430084228516, 0.16098809242248535, 0.1710677146911621, 0.18111228942871094, 0.19124364852905273, 0.2012014389038086, 0.2113347053527832, 0.2213764190673828, 0.23143339157104492, 0.24143600463867188, 0.25151848793029785, 0.2615792751312256, 0.2716851234436035, 0.2819030284881592, 0.2918589115142822, 0.30186009407043457, 0.3119971752166748, 0.32207345962524414, 0.3320479393005371, 0.34213829040527344, 0.3522045612335205, 0.36232566833496094, 0.37227892875671387, 0.3825957775115967, 0.39277052879333496, 0.40259575843811035, 0.4125993251800537, 0.4227297306060791, 0.4326963424682617, 0.4434988498687744, 0.4534790515899658, 0.46342015266418457, 0.47298431396484375, 0.48314571380615234, 0.4931159019470215, 0.5030887126922607, 0.5132043361663818, 0.5232565402984619, 0.5332491397857666, 0.5433738231658936, 0.5534031391143799, 0.5634603500366211, 0.5735170841217041, 0.5836892127990723, 0.5937108993530273, 0.6036920547485352, 0.6137735843658447, 0.6238653659820557, 0.6338887214660645, 0.6439483165740967, 0.6540243625640869, 0.6640865802764893, 0.6741116046905518, 0.6842186450958252, 0.6942269802093506, 0.70424485206604, 0.7144272327423096, 0.7244000434875488, 0.7344284057617188, 0.7445275783538818, 0.754596471786499, 0.7645869255065918, 0.7746553421020508, 0.7847743034362793, 0.7949492931365967, 0.8048934936523438, 0.8150010108947754, 0.8250076770782471, 0.8351314067840576, 0.8451919555664062, 0.8552923202514648, 0.8652417659759521, 0.8753392696380615, 0.8855047225952148, 0.8954427242279053, 0.905449628829956, 0.9155480861663818, 0.925668478012085, 0.9355823993682861, 0.9457378387451172, 0.9558413028717041, 0.9660415649414062, 0.9759230613708496, 0.9859118461608887, 0.9960076808929443, 1.0061774253845215, 1.016261100769043, 1.026231050491333, 1.036437749862671, 1.0465312004089355, 1.0564351081848145, 1.066399097442627, 1.0764484405517578, 1.0866003036499023, 1.096639633178711, 1.1066334247589111, 1.116795539855957, 1.126812219619751, 1.1368205547332764, 1.1470084190368652, 1.1569838523864746, 1.1670317649841309, 1.1772708892822266, 1.1872506141662598, 1.1972646713256836, 1.2072525024414062, 1.2174072265625, 1.2275023460388184, 1.237398386001587, 1.2475533485412598, 1.2576065063476562, 1.267679214477539, 1.277714729309082, 1.2878057956695557, 1.2978758811950684, 1.3079092502593994, 1.3180270195007324, 1.3281006813049316, 1.3380978107452393, 1.3485355377197266, 1.3583884239196777, 1.3682425022125244, 1.3783700466156006, 1.3885643482208252, 1.3985350131988525, 1.4088122844696045, 1.4186418056488037, 1.428617238998413, 1.438751220703125, 1.448887825012207, 1.4588310718536377, 1.4688794612884521, 1.479064702987671, 1.4891102313995361, 1.49906325340271, 1.5093202590942383, 1.5194215774536133, 1.5299386978149414, 1.5399248600006104, 1.5493886470794678, 1.559443712234497, 1.5695109367370605, 1.5796406269073486, 1.5896127223968506, 1.599630355834961, 1.609670639038086, 1.6199095249176025, 1.6298744678497314, 1.6399438381195068, 1.650008201599121, 1.6600594520568848, 1.6700403690338135, 1.6801471710205078, 1.6901884078979492, 1.700209140777588, 1.710374116897583, 1.7203404903411865, 1.7304096221923828, 1.7404654026031494, 1.7505848407745361, 1.7605671882629395, 1.7706410884857178, 1.780724287033081, 1.7908310890197754, 1.8008277416229248, 1.8108985424041748, 1.820991039276123, 1.8310515880584717, 1.8410801887512207, 1.8511474132537842, 1.8612463474273682, 1.87119722366333, 1.8813583850860596, 1.891298770904541, 1.9013535976409912, 1.911524772644043, 1.9215738773345947, 1.9315381050109863, 1.941622018814087, 1.9517061710357666, 1.9617574214935303, 1.9718263149261475, 1.981924295425415, 1.9921643733978271, 2.001995325088501, 2.012134313583374, 2.0221712589263916, 2.0321812629699707, 2.042253017425537, 2.0524251461029053, 2.0623416900634766, 2.072401762008667, 2.082500457763672, 2.0925772190093994, 2.1026012897491455, 2.1126246452331543, 2.122771978378296, 2.1327931880950928, 2.1427929401397705, 2.1529104709625244, 2.1629347801208496, 2.1730153560638428, 2.1831743717193604, 2.193305730819702, 2.203279495239258, 2.213219165802002, 2.2233352661132812, 2.2333178520202637, 2.2433688640594482, 2.2534914016723633, 2.263545513153076, 2.2735254764556885, 2.2836556434631348, 2.293700933456421, 2.30371356010437, 2.3139140605926514, 2.3238911628723145, 2.3339171409606934, 2.3440427780151367, 2.354099750518799, 2.3640928268432617, 2.3741719722747803, 2.3844470977783203, 2.394710063934326, 2.4044198989868164, 2.414512872695923, 2.4245474338531494, 2.4350390434265137, 2.4450714588165283, 2.4554150104522705, 2.465548038482666, 2.4756104946136475, 2.485525369644165, 2.495375394821167, 2.505404472351074, 2.515331983566284, 2.525371789932251, 2.535519599914551, 2.5455522537231445, 2.5556628704071045, 2.565502166748047, 2.5756773948669434, 2.5856194496154785, 2.5956969261169434, 2.6057450771331787, 2.6158223152160645, 2.6259102821350098, 2.635927677154541, 2.646019220352173, 2.6560988426208496, 2.6661906242370605, 2.676269054412842, 2.6862947940826416, 2.696349620819092, 2.706376314163208, 2.716566562652588, 2.726522922515869, 2.7365407943725586, 2.7466840744018555, 2.7567107677459717, 2.7667272090911865, 2.776822805404663, 2.7868759632110596, 2.7969954013824463, 2.8070337772369385, 2.817112684249878, 2.8272767066955566, 2.8371968269348145, 2.84726619720459, 2.857282876968384, 2.867313861846924, 2.8774516582489014, 2.887504816055298, 2.8976051807403564, 2.9076220989227295, 2.917680501937866, 2.927783727645874, 2.9377408027648926, 2.947857618331909, 2.957914113998413, 2.967954158782959, 2.978024959564209, 2.988116979598999, 2.998286724090576, 3.0087828636169434, 3.018585443496704, 3.0283966064453125, 3.0383684635162354, 3.0484890937805176, 3.0585553646087646, 3.0685577392578125, 3.078653573989868, 3.0887515544891357, 3.0987915992736816, 3.1092000007629395, 3.1196794509887695, 3.1296775341033936, 3.1396663188934326, 3.149784564971924, 3.1600406169891357, 3.169750452041626, 3.1797807216644287, 3.189671754837036, 3.1996359825134277, 3.2097010612487793, 3.2198877334594727, 3.229891300201416, 3.239934206008911, 3.2500345706939697, 3.2599756717681885, 3.269986152648926, 3.280059337615967, 3.2901082038879395, 3.3001999855041504, 3.3102355003356934, 3.320207357406616, 3.330296754837036, 3.3403306007385254, 3.350464105606079, 3.3604602813720703, 3.370486259460449, 3.3805956840515137, 3.3907735347747803, 3.400688648223877, 3.4107325077056885, 3.4209160804748535, 3.430891275405884, 3.4410994052886963, 3.4512240886688232, 3.461113452911377, 3.4710967540740967, 3.4813246726989746, 3.4913549423217773, 3.5012588500976562, 3.5113883018493652, 3.5218505859375, 3.5315568447113037, 3.541508674621582, 3.551748275756836, 3.561743974685669, 3.571695566177368, 3.5817768573760986, 3.591815710067749, 3.6019210815429688, 3.612006664276123, 3.622065544128418, 3.6320512294769287, 3.6423137187957764, 3.652400255203247, 3.6623778343200684, 3.6724095344543457, 3.6823716163635254, 3.692481756210327, 3.7023978233337402, 3.712538719177246, 3.722672700881958, 3.732725143432617, 3.742720365524292, 3.752786159515381, 3.762845993041992, 3.772926092147827, 3.782989025115967, 3.793055295944214, 3.8030686378479004, 3.813180446624756, 3.823228359222412, 3.833299160003662, 3.843332052230835, 3.8534181118011475, 3.863473653793335, 3.873504638671875, 3.8836026191711426, 3.8937203884124756, 3.9036459922790527, 3.913747787475586, 3.9238204956054688, 3.933915615081787, 3.943969488143921, 3.95401930809021, 3.9640488624572754, 3.974104166030884, 3.984222412109375, 3.9942400455474854, 4.004318714141846, 4.01441216468811, 4.024506568908691, 4.034481048583984, 4.044541358947754, 4.054647922515869, 4.064745664596558, 4.074717998504639, 4.084833860397339, 4.094884634017944, 4.104910612106323, 4.11507248878479, 4.125059366226196, 4.135108709335327, 4.145226001739502, 4.155220031738281, 4.165257215499878, 4.175346851348877, 4.18543815612793, 4.195507764816284, 4.2055580615997314, 4.215644598007202, 4.225778579711914, 4.235694408416748, 4.245769739151001, 4.255850315093994, 4.265913963317871, 4.275981187820435, 4.2860119342803955, 4.296104192733765, 4.306117057800293, 4.316310882568359, 4.326205730438232, 4.336203575134277, 4.346353530883789, 4.356409311294556, 4.366408109664917, 4.376561641693115, 4.386694431304932, 4.396814346313477, 4.406792163848877, 4.416852951049805, 4.4269797801971436, 4.436925411224365, 4.447261810302734, 4.457251787185669, 4.467247247695923, 4.477410316467285, 4.4875102043151855, 4.497501611709595, 4.5074782371521, 4.517594337463379, 4.527713775634766, 4.537760257720947, 4.547852277755737, 4.557847499847412, 4.567900657653809, 4.577947378158569, 4.588040828704834, 4.598057985305786], "set_target_data": [{"head": [[0.9999971562127766, 0.0010114381899226609, 0.002159759048452877, -0.0006360430655356422], [-0.0010098674632623402, 0.9999992249196252, -0.0007282361260369789, 0.0014826169165692987], [-0.0021604939402951797, 0.0007260529846968691, 0.9999974025531252, -0.0010261263228782402], [0.0, 0.0, 0.0, 1.0]], "antennas": [0.031815620978690444, 0.3272639379832052], "body_yaw": -0.02113527251664314, "check_collision": false}, {"head": [[0.999997232414012, 0.000985743126274348, 0.002136229108939436, -0.0006397195632497042], [-0.0009842202396941968, 0.9999992608858732, -0.0007138194640473929, 0.0014716940949678486], [-0.002136931172652409, 0.0007117149685650041, 0.9999974634902666, -0.0010244743164800063], [0.0, 0.0, 0.0, 1.0]], "antennas": [0.031815620978690444, 0.3272639379832052], "body_yaw": -0.02113527251664314, "check_collision": false}, {"head": [[0.9999969487194159, 0.0010534419073039895, 0.0022344601150764477, -0.000628161214930284], [-0.001051936282916371, 0.9999992189774968, -0.0006748884745644637, 0.00157512600574633], [-0.0022351693257146783, 0.0006725359056225864, 0.99999727585306, -0.0011031478421781316], [0.0, 0.0, 0.0, 1.0]], "antennas": [0.031815620978690444, 0.3272639379832052], "body_yaw": -0.02113527251664314, "check_collision": false}, {"head": [[0.9999968860524625, 0.0010777846157541933, 0.0022508366666909667, -0.0006274383169782467], [-0.001076221169084005, 0.999999178872592, -0.0006957026207777406, 0.001569868815850646], [-0.0022515846360491036, 0.0006932780563274347, 0.9999972248622309, -0.0011090691526015606], [0.0, 0.0, 0.0, 1.0]], "antennas": [0.031815620978690444, 0.3272639379832052], "body_yaw": -0.02113527251664314, "check_collision": false}, {"head": [[0.9999968315633555, 0.0009582572255824848, 0.002327790011990218, -0.0005537682966898806], [-0.0009567329678482349, 0.9999993272715011, -0.0006558342579165467, 0.001376589327991895], [-0.0023284169039359697, 0.0006536051065005523, 0.9999970756332672, -0.001033002157031726], [0.0, 0.0, 0.0, 1.0]], "antennas": [0.031815620978690444, 0.3272639379832052], "body_yaw": -0.02113527251664314, "check_collision": false}, {"head": [[0.999996835380734, 0.0009214521979899091, 0.00234097295227958, -0.0005433284942526033], [-0.0009198992977040351, 0.9999993562140105, -0.000664346932067124, 0.0013566700590402214], [-0.0023415836091347734, 0.0006621913702872776, 0.9999970392400119, -0.0010319094335307089], [0.0, 0.0, 0.0, 1.0]], "antennas": [0.031815620978690444, 0.3272639379832052], "body_yaw": -0.02113527251664314, "check_collision": false}, {"head": [[0.9999969705932108, 0.0009990339677098704, 0.0022496078618869696, -0.0005501794542618482], [-0.0009975452853258075, 0.9999992828149123, -0.0006627767832428291, 0.0013030426376933954], [-0.0022502683850212273, 0.0006605306897058851, 0.9999972499919203, -0.0009776196506038337], [0.0, 0.0, 0.0, 1.0]], "antennas": [0.031815620978690444, 0.3272639379832052], "body_yaw": -0.02113527251664314, "check_collision": false}, {"head": [[0.9999969561052817, 0.0009655378558158083, 0.002270576318976988, -0.000544884263833624], [-0.0009639768514892159, 0.9999992983672461, -0.0006884864889098776, 0.0012827304936812375], [-0.002271239485634532, 0.000686295610218457, 0.9999971852308057, -0.0009682841703455569], [0.0, 0.0, 0.0, 1.0]], "antennas": [0.031815620978690444, 0.3272639379832052], "body_yaw": -0.02113527251664314, "check_collision": false}, {"head": [[0.9999967747408594, 0.001209193134251749, 0.002233463642658882, -0.0006401598123724171], [-0.0012077473466473357, 0.9999990603543529, -0.0006485651531774865, 0.0014760432221183895], [-0.0022342457845248294, 0.0006458656015985432, 0.9999972954980424, -0.0009981888852238496], [0.0, 0.0, 0.0, 1.0]], "antennas": [0.031815620978690444, 0.3272639379832052], "body_yaw": -0.02113527251664314, "check_collision": false}, {"head": [[0.9999967809703469, 0.0011898284972479568, 0.002241061599125055, -0.0006413431660601335], [-0.0011883639379795495, 0.9999990795596931, -0.000654729652066663, 0.0014655628946914079], [-0.0022418385523596514, 0.0006520643476853074, 0.9999972744822816, -0.0009864302090386579], [0.0, 0.0, 0.0, 1.0]], "antennas": [0.031815620978690444, 0.3272639379832052], "body_yaw": -0.02113527251664314, "check_collision": false}, {"head": [[0.9999965757334544, 0.001095804789313882, 0.0023764959982038652, -0.0005101664300605144], [-0.0010941403335884695, 0.9999991553283305, -0.0007015693523373201, 0.0012724745543743407], [-0.00237726277390135, 0.0006989667298526109, 0.9999969300288949, -0.0008119904090324592], [0.0, 0.0, 0.0, 1.0]], "antennas": [0.031815620978690444, 0.3272639379832052], "body_yaw": -0.02113527251664314, "check_collision": false}, {"head": [[0.9999965497197192, 0.001078065472062434, 0.002395479804856869, -0.0005015719047173073], [-0.0010764221618662529, 0.9999991845436408, -0.0006871880262391486, 0.001257975852075023], [-0.0023962186851315312, 0.0006846071076976014, 0.9999968947197394, -0.0007877748262602458], [0.0, 0.0, 0.0, 1.0]], "antennas": [0.031815620978690444, 0.3272639379832052], "body_yaw": -0.02113527251664314, "check_collision": false}, {"head": [[0.9999964047582315, 0.0011608731020546863, 0.002417197603206079, -0.00044700827171912164], [-0.001159393496621916, 0.9999991397564388, -0.0006134273412804359, 0.0011552090178771068], [-0.002417907635127961, 0.0006106226526796292, 0.9999968904264877, -0.0006453357996167863], [0.0, 0.0, 0.0, 1.0]], "antennas": [0.031815620978690444, 0.3272639379832052], "body_yaw": -0.02113527251664314, "check_collision": false}, {"head": [[0.9999962685633162, 0.0011409346857064171, 0.002482161857421333, -0.00043332564261474096], [-0.0011394109904708564, 0.9999991616442511, -0.0006151856543159486, 0.0011390347715201365], [-0.0024828616631378288, 0.0006123551562891575, 0.9999967302042161, -0.0006096082436791717], [0.0, 0.0, 0.0, 1.0]], "antennas": [0.031815620978690444, 0.3272639379832052], "body_yaw": -0.02113527251664314, "check_collision": false}, {"head": [[0.9999961188631562, 0.0010919762833530402, 0.002563171164881044, -0.00038847200249816916], [-0.0010904623819631943, 0.9999992302376817, -0.0005919593206129767, 0.0011021607478339662], [-0.002563815597387286, 0.000589161981404012, 0.9999965398628846, -0.000614449978225351], [0.0, 0.0, 0.0, 1.0]], "antennas": [0.031815620978690444, 0.3272639379832052], "body_yaw": -0.02113527251664314, "check_collision": false}, {"head": [[0.9999962121861928, 0.0010795282463988668, 0.002531843603386324, -0.00036794327990192013], [-0.00107796019140775, 0.999999226418418, -0.0006206161385099212, 0.0010881156154080238], [-0.0025325116174504366, 0.000617884561116222, 0.9999966022960162, -0.0005886101679158928], [0.0, 0.0, 0.0, 1.0]], "antennas": [0.031815620978690444, 0.3272639379832052], "body_yaw": -0.02113527251664314, "check_collision": false}, {"head": [[0.9999960622934375, 0.0010462178406650422, 0.002604001891110005, -0.00027049553063817136], [-0.0010445513524521871, 0.9999992488553509, -0.0006412497219522734, 0.0009726454632565107], [-0.0026046708220273463, 0.0006385271832018883, 0.9999964039800068, -0.0006264119792701583], [0.0, 0.0, 0.0, 1.0]], "antennas": [0.031815620978690444, 0.3272639379832052], "body_yaw": -0.02113527251664314, "check_collision": false}, {"head": [[0.9999960948062095, 0.0010244745037975215, 0.002600158518444037, -0.00023855996109367963], [-0.0010228497301434927, 0.9999992808709888, -0.0006261277301204264, 0.0009494207273209182], [-0.0026007981004902416, 0.000623465713531382, 0.9999964235634766, -0.0006151298257666138], [0.0, 0.0, 0.0, 1.0]], "antennas": [0.031815620978690444, 0.3272639379832052], "body_yaw": -0.02113527251664314, "check_collision": false}, {"head": [[0.9999963999188207, 0.0010533517808901452, 0.002467913982282712, -0.0003078737979341148], [-0.0010519391772254518, 0.9999992821941425, -0.0005736158712222376, 0.0011367244194197546], [-0.0024685164300990983, 0.0005710177107545497, 0.9999967901775528, -0.0007676874207033224], [0.0, 0.0, 0.0, 1.0]], "antennas": [0.031815620978690444, 0.3272639379832052], "body_yaw": -0.02113527251664314, "check_collision": false}, {"head": [[0.9999963837075282, 0.0010638173290290437, 0.0024699928252110083, -0.00028215970807437055], [-0.001062399047245887, 0.9999992700848768, -0.0005754458952142847, 0.001119013845045258], [-0.0024706031916411383, 0.0005728196962094175, 0.9999967839935613, -0.0007664804772093969], [0.0, 0.0, 0.0, 1.0]], "antennas": [0.031815620978690444, 0.3272639379832052], "body_yaw": -0.02113527251664314, "check_collision": false}, {"head": [[0.9999968609125274, 0.0009911475442890808, 0.0023012587071978238, -0.0003009689979193188], [-0.0009898136176525255, 0.9999993415179045, -0.0005807174530142048, 0.0012328688707000032], [-0.002301832768537648, 0.0005784378128851969, 0.999997183483835, -0.000914317080410898], [0.0, 0.0, 0.0, 1.0]], "antennas": [0.031815620978690444, 0.3272639379832052], "body_yaw": -0.02113527251664314, "check_collision": false}, {"head": [[0.999996917975699, 0.0009804909088065982, 0.0022809376757539765, -0.0002741951080679553], [-0.0009791597348849596, 0.9999993497140833, -0.0005846517116544378, 0.001223075648914905], [-0.0022815094381804244, 0.0005824165074137746, 0.9999972277490049, -0.0009274518372729412], [0.0, 0.0, 0.0, 1.0]], "antennas": [0.031815620978690444, 0.3272639379832052], "body_yaw": -0.02113527251664314, "check_collision": false}, {"head": [[0.9999971204505023, 0.0010529010886254789, 0.002156499478512117, -0.00035580614721590284], [-0.0010517792169176005, 0.9999993110051544, -0.0005212961681525747, 0.001145788977766432], [-0.0021570468659980364, 0.0005190265057216629, 0.9999975388771234, -0.0008669330559951671], [0.0, 0.0, 0.0, 1.0]], "antennas": [0.031815620978690444, 0.3272639379832052], "body_yaw": -0.02113527251664314, "check_collision": false}, {"head": [[0.9999970648551416, 0.001043627489820623, 0.002186577865951066, -0.00034732893969917356], [-0.0010424854226198065, 0.9999993196471186, -0.0005233826928350931, 0.0011320814065099022], [-0.0021871225948724535, 0.0005211016810803962, 0.9999974724707021, -0.0008656513131610755], [0.0, 0.0, 0.0, 1.0]], "antennas": [0.031815620978690444, 0.3272639379832052], "body_yaw": -0.02113527251664314, "check_collision": false}, {"head": [[0.9999976200717183, 0.0010909111178213325, 0.0018893818651067361, -0.0005103380201145272], [-0.0010899390896305923, 0.9999992731861258, -0.0005154221580369067, 0.0013417343478418498], [-0.001889942771640357, 0.0005133616202191169, 0.9999980822862445, -0.0009642001454703841], [0.0, 0.0, 0.0, 1.0]], "antennas": [0.031815620978690444, 0.3272639379832052], "body_yaw": -0.02113527251664314, "check_collision": false}, {"head": [[0.9999976080710526, 0.0010925812648216139, 0.0018947607640402674, -0.000520857639447498], [-0.001091668271413872, 0.9999992875729169, -0.0004828188516248035, 0.0013355250378720498], [-0.0018952869329929714, 0.00048074924654839334, 0.9999980883819745, -0.0009598193253018694], [0.0, 0.0, 0.0, 1.0]], "antennas": [0.031815620978690444, 0.3272639379832052], "body_yaw": -0.02113527251664314, "check_collision": false}, {"head": [[0.9999975823351569, 0.001048467255774612, 0.001932883921620825, -0.0004434487562251267], [-0.001047496446725409, 0.9999993247685836, -0.0005032033096378078, 0.001031455786735365], [-0.0019334102086700296, 0.0005011774040210267, 0.999998005371098, -0.0007285764280422491], [0.0, 0.0, 0.0, 1.0]], "antennas": [0.031815620978690444, 0.3272639379832052], "body_yaw": -0.02113527251664314, "check_collision": false}, {"head": [[0.999997549548622, 0.0010533462051436281, 0.0019471411153573915, -0.00045309959563849186], [-0.0010522716136357137, 0.9999992935549085, -0.0005528237828239537, 0.0010139240491637766], [-0.001947722054642859, 0.0005507735068327197, 0.9999979515115728, -0.0007136351145846653], [0.0, 0.0, 0.0, 1.0]], "antennas": [0.031815620978690444, 0.3272639379832052], "body_yaw": -0.02113527251664314, "check_collision": false}, {"head": [[0.9999974786800192, 0.0010666350384247966, 0.001976087877533457, -0.0004501745962889325], [-0.001065745850450444, 0.9999993304046705, -0.0004509722755508187, 0.0009841781167663002], [-0.001976567577184704, 0.00044886513104980274, 0.999997945848244, -0.0006097621226288652], [0.0, 0.0, 0.0, 1.0]], "antennas": [0.031815620978690444, 0.3272639379832052], "body_yaw": -0.02113527251664314, "check_collision": false}, {"head": [[0.9999974767282656, 0.0010549538236229155, 0.0019833329353632022, -0.00045818941394227056], [-0.0010540791610951974, 0.9999993467763529, -0.0004419999887343512, 0.0009672979717551475], [-0.0019837979293813846, 0.00043990828353159277, 0.9999979355111079, -0.0005859915379587965], [0.0, 0.0, 0.0, 1.0]], "antennas": [0.031815620978690444, 0.3272639379832052], "body_yaw": -0.02113527251664314, "check_collision": false}, {"head": [[0.999997503585113, 0.0010358951922657983, 0.0019798345113344433, -0.00046627163703077956], [-0.001035100959069389, 0.9999993834229219, -0.00040214397923873365, 0.0009686217237018444], [-0.0019802498696285574, 0.00040009364671903625, 0.9999979592656814, -0.0005783072627563168], [0.0, 0.0, 0.0, 1.0]], "antennas": [0.031815620978690444, 0.3272639379832052], "body_yaw": -0.02113527251664314, "check_collision": false}, {"head": [[0.9999975326743847, 0.001024320151715013, 0.001971145192431221, -0.0004712233014558566], [-0.0010235905982772095, 0.9999994072771564, -0.00037108977763880796, 0.0009556557475804209], [-0.0019715241388257683, 0.0003690712163526821, 0.9999979884374804, -0.0005536514681276916], [0.0, 0.0, 0.0, 1.0]], "antennas": [0.031815620978690444, 0.3272639379832052], "body_yaw": -0.02113527251664314, "check_collision": false}, {"head": [[0.9999973895890748, 0.0009514513041687568, 0.0020773915018223884, -0.00037937525499408264], [-0.000950686292753224, 0.9999994799388272, -0.00036921219898308544, 0.0008324230644924449], [-0.002077741708879965, 0.0003672362875620629, 0.9999977740609727, -0.000509163667291701], [0.0, 0.0, 0.0, 1.0]], "antennas": [0.031815620978690444, 0.3272639379832052], "body_yaw": -0.02113527251664314, "check_collision": false}, {"head": [[0.9999973432941818, 0.0009426620542613772, 0.0021035191535491594, -0.00037016438080025513], [-0.0009418128144415838, 0.9999994746122712, -0.0004046774068423361, 0.0008136000423092579], [-0.0021038995224216565, 0.000402695210439279, 0.9999977057190514, -0.00048170517257528633], [0.0, 0.0, 0.0, 1.0]], "antennas": [0.031815620978690444, 0.3272639379832052], "body_yaw": -0.02113527251664314, "check_collision": false}, {"head": [[0.9999968453316528, 0.0011187922342865636, 0.0022489176682768276, -0.0004025982989187202], [-0.0011171971937959666, 0.9999991236155109, -0.0007103792226798419, 0.0009708956719082576], [-0.0022497104641179986, 0.0007078644971609167, 0.9999972188614731, -0.0006633729021022772], [0.0, 0.0, 0.0, 1.0]], "antennas": [0.031815620978690444, 0.3272639379832052], "body_yaw": -0.02113527251664314, "check_collision": false}, {"head": [[0.9999968124101166, 0.001164107916428451, 0.0022405406411653626, -0.0003880883530029619], [-0.0011625890550891606, 0.9999990936163738, -0.0006790825571702869, 0.0009530704303912368], [-0.0022413291357567225, 0.0006764755645066964, 0.9999972594085024, -0.0006518480535162574], [0.0, 0.0, 0.0, 1.0]], "antennas": [0.031815620978690444, 0.3272639379832052], "body_yaw": -0.02113527251664314, "check_collision": false}, {"head": [[0.9999967291981705, 0.001169313323744316, 0.0022747086212883123, -0.00038991139836241917], [-0.0011680709187606138, 0.9999991679628836, -0.0005474338948119494, 0.0009959024816055123], [-0.002275346850393383, 0.0005447750832749838, 0.999997263004664, -0.0007087020444236369], [0.0, 0.0, 0.0, 1.0]], "antennas": [0.031815620978690444, 0.3272639379832052], "body_yaw": -0.02113527251664314, "check_collision": false}, {"head": [[0.9999966480118522, 0.001188832722438508, 0.0023001395213934433, -0.0003766885177364822], [-0.0011876142465334848, 0.9999991537876394, -0.0005310333384547357, 0.0009818572930522518], [-0.00230076888479641, 0.0005282998799726574, 0.9999972136770059, -0.0007059605789304646], [0.0, 0.0, 0.0, 1.0]], "antennas": [0.031815620978690444, 0.3272639379832052], "body_yaw": -0.02113527251664314, "check_collision": false}, {"head": [[0.9999968382803955, 0.0010583908020666997, 0.002281060745050188, -0.00033610489043849057], [-0.001057065570709362, 0.9999992718863795, -0.00058209886623949, 0.001017243022066655], [-0.0022816751722647115, 0.0005796857950278036, 0.9999972289575544, -0.0007611178010841213], [0.0, 0.0, 0.0, 1.0]], "antennas": [0.031815620978690444, 0.3272639379832052], "body_yaw": -0.02113527251664314, "check_collision": false}, {"head": [[0.9999968387741046, 0.0010780836567434284, 0.002271602391792976, -0.0003177040318349707], [-0.0010767510296180727, 0.9999992475561792, -0.0005877876278136057, 0.0010031172743252131], [-0.0022722343667749747, 0.0005853398194698897, 0.99999724716035, -0.0007588973883267958], [0.0, 0.0, 0.0, 1.0]], "antennas": [0.031815620978690444, 0.3272639379832052], "body_yaw": -0.02113527251664314, "check_collision": false}, {"head": [[0.999997013289348, 0.0011303935812011065, 0.00216693856278003, -0.00041740280801991214], [-0.0011292253907860428, 0.9999992164924489, -0.0005402448563923614, 0.0012572672120664471], [-0.0021675475542852463, 0.0005377962807919295, 0.9999975062532707, -0.0009021372739422828], [0.0, 0.0, 0.0, 1.0]], "antennas": [0.031815620978690444, 0.3272639379832052], "body_yaw": -0.02113527251664314, "check_collision": false}, {"head": [[0.9999970708824253, 0.001091220568712699, 0.002160431493911842, -0.0004075988113729813], [-0.0010898982118924645, 0.9999992180763894, -0.0006131627005288293, 0.0012500615069034604], [-0.0021610989003702325, 0.0006108062540810564, 0.9999974782804517, -0.000907751769953058], [0.0, 0.0, 0.0, 1.0]], "antennas": [0.031815620978690444, 0.3272639379832052], "body_yaw": -0.02113527251664314, "check_collision": false}, {"head": [[0.9999971451527211, 0.0010181858817427797, 0.002161708564582505, -0.00038853115073855804], [-0.0010168277215319569, 0.9999992850293645, -0.0006292870130402663, 0.0011801338990314464], [-0.0021623477501766, 0.0006270871313276087, 0.9999974655037569, -0.0008187847177091312], [0.0, 0.0, 0.0, 1.0]], "antennas": [0.031815620978690444, 0.3272639379832052], "body_yaw": -0.02113527251664314, "check_collision": false}, {"head": [[0.999997216424743, 0.0009962875439300384, 0.0021388206786821843, -0.00038079623212261896], [-0.0009949173148610614, 0.9999992992343479, -0.0006416154218933777, 0.0011748491834503438], [-0.0021394584133229426, 0.0006394856861819609, 0.9999975068847696, -0.00081287489361348], [0.0, 0.0, 0.0, 1.0]], "antennas": [0.031815620978690444, 0.3272639379832052], "body_yaw": -0.02113527251664314, "check_collision": false}, {"head": [[0.9999973116202115, 0.0010768446821444223, 0.0020535719807028745, -0.0004769128600543432], [-0.0010757146276332015, 0.9999992694460583, -0.0005513124244953501, 0.0014437076867136883], [-0.0020541641583102874, 0.0005491018849396313, 0.9999977394458103, -0.0009269093931016936], [0.0, 0.0, 0.0, 1.0]], "antennas": [0.031815620978690444, 0.3272639379832052], "body_yaw": -0.02113527251664314, "check_collision": false}, {"head": [[0.9999973166793769, 0.0011019918017693238, 0.0020377065820456016, -0.00047391620949120694], [-0.001100812139241058, 0.9999992259363206, -0.0005799477504587645, 0.0014563794630521251], [-0.002038344102397408, 0.0005777030621312784, 0.9999977557037275, -0.000926475094700896], [0.0, 0.0, 0.0, 1.0]], "antennas": [0.031815620978690444, 0.3272639379832052], "body_yaw": -0.02113527251664314, "check_collision": false}, {"head": [[0.9999973284189427, 0.0010560022674471342, 0.0020562135561791772, -0.00045515632629916647], [-0.0010547999368033128, 0.9999992721601574, -0.0005857271114706897, 0.0014156369469353544], [-0.002056830588742844, 0.000583556652724122, 0.9999977144521693, -0.0008090413520400741], [0.0, 0.0, 0.0, 1.0]], "antennas": [0.031815620978690444, 0.3272639379832052], "body_yaw": -0.02113527251664314, "check_collision": false}, {"head": [[0.9999973256802753, 0.0010846888842684602, 0.002042567580689325, -0.0004557109884951935], [-0.0010835712264761117, 0.9999992626693621, -0.0005482099317016178, 0.0014268387814565311], [-0.0020431607118608303, 0.0005459951981544163, 0.999997763689274, -0.000797413757737675], [0.0, 0.0, 0.0, 1.0]], "antennas": [0.031815620978690444, 0.3272639379832052], "body_yaw": -0.02113527251664314, "check_collision": false}, {"head": [[0.999997486291619, 0.0011110381128156231, 0.0019475637999840105, -0.0005095444749242499], [-0.0011101001229588238, 0.9999992673693545, -0.00048263699716539094, 0.001599273153392325], [-0.0019480986012375926, 0.0004804737931428938, 0.9999979870263609, -0.0008614022531582277], [0.0, 0.0, 0.0, 1.0]], "antennas": [0.031815620978690444, 0.3272639379832052], "body_yaw": -0.02113527251664314, "check_collision": false}, {"head": [[0.9999974253333601, 0.0011098076908280007, 0.001979306328071039, -0.0005122827656250349], [-0.0011087168908921322, 0.9999992329580573, -0.0005521142572601187, 0.0016206555132736028], [-0.001979917550508991, 0.0005499183453917771, 0.9999978887559247, -0.0008525901036738892], [0.0, 0.0, 0.0, 1.0]], "antennas": [0.031815620978690444, 0.3272639379832052], "body_yaw": -0.02113527251664314, "check_collision": false}, {"head": [[0.9999977451641165, 0.0011262384377387614, 0.0018003482063174755, -0.0005908460150758424], [-0.00112531542847254, 0.9999992349323517, -0.0005136145418936657, 0.0017854684955539366], [-0.0018009252813685696, 0.0005115874241639745, 0.9999982474716834, -0.0009736718119766063], [0.0, 0.0, 0.0, 1.0]], "antennas": [0.031815620978690444, 0.3272639379832052], "body_yaw": -0.02113527251664314, "check_collision": false}, {"head": [[0.9999977296454841, 0.0011260678547676292, 0.00180905363772274, -0.0006013350433772685], [-0.0011251659927095192, 0.9999992422666135, -0.0004994674042561876, 0.001811232413014549], [-0.0018096147011308378, 0.0004974307846559576, 0.9999982389270734, -0.000969575945129364], [0.0, 0.0, 0.0, 1.0]], "antennas": [0.031815620978690444, 0.3272639379832052], "body_yaw": -0.02113527251664314, "check_collision": false}, {"head": [[0.9999979012951735, 0.001090230161499389, 0.0017345902812502163, -0.000634170281384832], [-0.0010893540498006012, 0.9999992786622126, -0.0005059474370771945, 0.0018034838594492703], [-0.001735140629180735, 0.0005040567922952416, 0.9999983676055414, -0.0010910376228033813], [0.0, 0.0, 0.0, 1.0]], "antennas": [0.02983050070214538, 0.3272639379832052], "body_yaw": -0.02113527251664314, "check_collision": false}, {"head": [[0.9999979314084904, 0.0010628302804199345, 0.001734234855755367, -0.0006463849377458739], [-0.001061915390125374, 0.9999992965735738, -0.0005283824954698424, 0.001817556695208139], [-0.0017347952167645697, 0.00052653979177888, 0.9999983566193513, -0.0011027915303072344], [0.0, 0.0, 0.0, 1.0]], "antennas": [0.027434720985510096, 0.3272639379832052], "body_yaw": -0.02113527251664314, "check_collision": false}, {"head": [[0.9999978538250196, 0.0010904781256050207, 0.001761590988990521, -0.0006618095623333528], [-0.0010894698095294776, 0.9999992422210354, -0.0005732476683387593, 0.001833957417448566], [-0.0017622147681368027, 0.0005713272378497116, 0.999998284090677, -0.0011148375827466639], [0.0, 0.0, 0.0, 1.0]], "antennas": [0.02476516830881467, 0.3272639379832052], "body_yaw": -0.02113527251664314, "check_collision": false}, {"head": [[0.9999975298778402, 0.0011520961367909555, 0.0019007663478283374, -0.0006770472640488974], [-0.0011506567766220597, 0.9999990505813355, -0.0007581724138630287, 0.0018087078779214227], [-0.0019016380307143239, 0.0007559834114056447, 0.9999979061287484, -0.0012844367908753096], [0.0, 0.0, 0.0, 1.0]], "antennas": [0.021958729152089167, 0.3272639379832052], "body_yaw": -0.02113527251664314, "check_collision": false}, {"head": [[0.9999975190534326, 0.0011485598346014044, 0.001908585152924557, -0.0006872771776655247], [-0.0011471890542546718, 0.9999990833843313, -0.0007191576815081392, 0.0018157269249272426], [-0.0019094093991132263, 0.0007169663893198098, 0.9999979200553085, -0.001307124573783458], [0.0, 0.0, 0.0, 1.0]], "antennas": [0.018878517035303518, 0.3272639379832052], "body_yaw": -0.02113527251664314, "check_collision": false}, {"head": [[0.9999975175884209, 0.001171252338349069, 0.0018955170681060395, -0.0006970126610462389], [-0.001169820560619813, 0.9999990297782687, -0.0007562819428063377, 0.0018231125986103505], [-0.001896401026028151, 0.0007540626505640098, 0.9999979175241652, -0.001335582858310147], [0.0, 0.0, 0.0, 1.0]], "antennas": [0.0156614184384878, 0.3295222985875924], "body_yaw": -0.02113527251664314, "check_collision": false}, {"head": [[0.9999979162570951, 0.0010301211999917406, 0.0017624788738148523, -0.0007199658190189043], [-0.0010289479925011098, 0.999999248564974, -0.0006664349298079133, 0.0018676685720696723], [-0.0017631640581761046, 0.0006646200420298195, 0.9999982247647758, -0.001317283373395206], [0.0, 0.0, 0.0, 1.0]], "antennas": [0.012033660401581861, 0.3327388645521901], "body_yaw": -0.02113527251664314, "check_collision": false}, {"head": [[0.9999979226949443, 0.001016669863672297, 0.001766631875831585, -0.0007334221263807505], [-0.001015527100511993, 0.9999992746355807, -0.0006476364880490036, 0.0018808474751180818], [-0.0017672890268796942, 0.0006458410801639173, 0.9999982297878306, -0.001337928570520508], [0.0, 0.0, 0.0, 1.0]], "antennas": [0.008132129404615777, 0.3365029764369081], "body_yaw": -0.02113527251664314, "check_collision": false}, {"head": [[0.9999978781407148, 0.0011165445939094797, 0.0017311967646995354, -0.0008064015320574797], [-0.0011154729053096362, 0.999999185729843, -0.0006198869645124172, 0.0018245065578323047], [-0.0017318874864767349, 0.0006179545461147237, 0.9999983093475275, -0.00122484187465699], [0.0, 0.0, 0.0, 1.0]], "antennas": [0.003819938967559475, 0.34067774776171633], "body_yaw": -0.02113527251664314, "check_collision": false}, {"head": [[0.9999978890281189, 0.0011149719230541617, 0.0017259133571740659, -0.0008334330804076473], [-0.0011138654606083437, 0.9999991736230792, -0.0006419165787292864, 0.0018393634471434647], [-0.0017266276498813268, 0.0006399927883848799, 0.9999983045816574, -0.001241490312080984], [0.0, 0.0, 0.0, 1.0]], "antennas": [-0.0006291379495269002, 0.3455369514866749], "body_yaw": -0.02113527251664314, "check_collision": false}, {"head": [[0.9999975227349628, 0.0011501102435312444, 0.0019057204321720363, -0.0008638742712267812], [-0.0011489069020348738, 0.9999991400342513, -0.0006324110123959065, 0.0018681146047488106], [-0.0019064461357012161, 0.000630219950388345, 0.9999979841409412, -0.0011979380014420782], [0.0, 0.0, 0.0, 1.0]], "antennas": [-0.0053519878266734214, 0.3508068146517237], "body_yaw": -0.02113527251664314, "check_collision": false}, {"head": [[0.9999975617442086, 0.001159863951147657, 0.001879154398189271, -0.0008912715485978953], [-0.0011587467052511637, 0.9999991513265705, -0.0005955268352187086, 0.0018838656067955012], [-0.0018798435335089746, 0.0005933479192043938, 0.9999980570613805, -0.0012157792312785798], [0.0, 0.0, 0.0, 1.0]], "antennas": [-0.010211724183850015, 0.35676111021692286], "body_yaw": -0.02113527251664314, "check_collision": false}, {"head": [[0.9999970836606469, 0.0010769410007386343, 0.0021616818180055924, -0.0007854036758795889], [-0.0010758750484144554, 0.9999992991220626, -0.0004942147950895353, 0.0018714310113005644], [-0.0021622125431065018, 0.0004918876542608762, 0.9999975414387048, -0.0011783075845399615], [0.0, 0.0, 0.0, 1.0]], "antennas": [-0.015345233501086755, 0.3629891787421822], "body_yaw": -0.02113527251664314, "check_collision": false}, {"head": [[0.9999971417339367, 0.0010615606200728104, 0.0021423382101418958, -0.0007922284640688969], [-0.0010603984731108241, 0.9999992900650757, -0.0005435295970003583, 0.0018891323051437314], [-0.0021429136788372006, 0.0005412563112812353, 0.9999975574783023, -0.0011813362219073031], [0.0, 0.0, 0.0, 1.0]], "antennas": [-0.02075251577838364, 0.3696279067075317], "body_yaw": -0.02113527251664314, "check_collision": false}, {"head": [[0.9999968770768184, 0.0010707582928245138, 0.0022581659124580023, -0.0007758922279605986], [-0.0010696885777967968, 0.9999993151349114, -0.0004748642480539922, 0.001999615615960855], [-0.0022586728307505753, 0.00047244723080609757, 0.9999973375917843, -0.0012679301611703275], [0.0, 0.0, 0.0, 1.0]], "antennas": [-0.026296684535710598, 0.3766772941129714], "body_yaw": -0.02113527251664314, "check_collision": false}, {"head": [[0.9999969146810072, 0.0010904492411127748, 0.002231938377176891, -0.0007789959960632503], [-0.0010892980678144468, 0.9999992731096212, -0.0005169235428188364, 0.0020171010666739306], [-0.0022325004336873383, 0.000514490701783072, 0.9999973756171223, -0.0012800941880418693], [0.0, 0.0, 0.0, 1.0]], "antennas": [-0.031840853293037555, 0.3841373409585014], "body_yaw": -0.02113527251664314, "check_collision": false}, {"head": [[0.9999964115029851, 0.0012026610773424712, 0.0023938645503252167, -0.0007347471692979966], [-0.0012008692531682071, 0.9999989978533003, -0.0007498035955797661, 0.0019016662043004826], [-0.002394763910921813, 0.0007469261865770669, 0.9999968535985914, -0.0012883620158935516], [0.0, 0.0, 0.0, 1.0]], "antennas": [-0.03752190853039459, 0.3920080472441216], "body_yaw": -0.02113527251664314, "check_collision": false}, {"head": [[0.9999964139599955, 0.0012049169608868092, 0.0023917027965317693, -0.000733334960050628], [-0.0012030392398788771, 0.9999989671498867, -0.0007863814261876992, 0.0019079903120758149], [-0.002392647850579404, 0.0007835012938780902, 0.9999968306759707, -0.0013072523767330146], [0.0, 0.0, 0.0, 1.0]], "antennas": [-0.043202963767751616, 0.4001525264898019], "body_yaw": -0.02113527251664314, "check_collision": false}, {"head": [[0.9999962434429072, 0.0012685537912273794, 0.002429788334939829, -0.0007026580084250854], [-0.0012668106452120873, 0.9999989392500096, -0.0007188112718584546, 0.0018512861030662159], [-0.002430697608305969, 0.000715730489874559, 0.9999967897143484, -0.0012825013897813653], [0.0, 0.0, 0.0, 1.0]], "antennas": [-0.04888401900510865, 0.4084338922155123], "body_yaw": -0.02113527251664314, "check_collision": false}, {"head": [[0.9999962728108047, 0.0012520871345420663, 0.002426240364404254, -0.0007001026013495823], [-0.001250306261417526, 0.9999989479724628, -0.000735383043065636, 0.001856715688007729], [-0.0024271585755797614, 0.0007323467586345849, 0.9999967862795729, -0.001297845623412175], [0.0, 0.0, 0.0, 1.0]], "antennas": [-0.055112620162585974, 0.4167152579412227], "body_yaw": -0.02113527251664314, "check_collision": false}, {"head": [[0.9999960677373294, 0.0012777602656144887, 0.0024963650738878958, -0.0005924465274283267], [-0.0012760902128582418, 0.9999989610299288, -0.0006704720960041608, 0.0017548932343577905], [-0.0024972191828427745, 0.0006672838724932564, 