{"description": "You show reserve or embarrassment when facing a tricky question like 'who do you like most on the team?' or when someone compliments you. As if you\u2019re blushing.", "time": [0.0, 0.010043621063232422, 0.02012348175048828, 0.030189037322998047, 0.040170907974243164, 0.05069756507873535, 0.06059575080871582, 0.07070541381835938, 0.08081984519958496, 0.09076285362243652, 0.10082054138183594, 0.11085724830627441, 0.12089252471923828, 0.1309964656829834, 0.1411285400390625, 0.15118193626403809, 0.1612086296081543, 0.17119431495666504, 0.1812422275543213, 0.19137120246887207, 0.20139169692993164, 0.21146869659423828, 0.22136569023132324, 0.23138833045959473, 0.24164319038391113, 0.2516810894012451, 0.2618446350097656, 0.27196240425109863, 0.28183531761169434, 0.29189491271972656, 0.3019273281097412, 0.3119494915008545, 0.3220398426055908, 0.3320944309234619, 0.3422069549560547, 0.3522965908050537, 0.36234068870544434, 0.37236523628234863, 0.3823084831237793, 0.39244985580444336, 0.4025092124938965, 0.41258811950683594, 0.42267274856567383, 0.43266916275024414, 0.4426865577697754, 0.4527411460876465, 0.46288537979125977, 0.47292160987854004, 0.4830605983734131, 0.4929988384246826, 0.5033135414123535, 0.5131113529205322, 0.5237312316894531, 0.5336742401123047, 0.5432548522949219, 0.5534331798553467, 0.5634617805480957, 0.5734283924102783, 0.5835342407226562, 0.5937244892120361, 0.6037023067474365, 0.6136677265167236, 0.6237435340881348, 0.6340541839599609, 0.6441037654876709, 0.6542298793792725, 0.6640958786010742, 0.6741552352905273, 0.6841788291931152, 0.6942873001098633, 0.7042832374572754, 0.7142949104309082, 0.7244670391082764, 0.7344224452972412, 0.7445347309112549, 0.754580020904541, 0.7646305561065674, 0.7747018337249756, 0.7847886085510254, 0.7949600219726562, 0.8049371242523193, 0.8149118423461914, 0.8249809741973877, 0.8350896835327148, 0.8451972007751465, 0.8552300930023193, 0.8652260303497314, 0.8753097057342529, 0.8854091167449951, 0.8954262733459473, 0.9054076671600342, 0.9154448509216309, 0.9255750179290771, 0.9356038570404053, 0.9457480907440186, 0.9557766914367676, 0.9659199714660645, 0.9758563041687012, 0.9859428405761719, 0.9960224628448486, 1.0060458183288574, 1.0160906314849854, 1.026482343673706, 1.0362634658813477, 1.0462217330932617, 1.0563654899597168, 1.0664036273956299, 1.0764501094818115, 1.0866806507110596, 1.096703290939331, 1.106675386428833, 1.1167116165161133, 1.1270782947540283, 1.13706374168396, 1.1468770503997803, 1.1569569110870361, 1.1670572757720947, 1.1771018505096436, 1.1871442794799805, 1.1972088813781738, 1.207413673400879, 1.2173099517822266, 1.2274672985076904, 1.237485408782959, 1.2474966049194336, 1.2576019763946533, 1.267664909362793, 1.2777938842773438, 1.2878015041351318, 1.2978992462158203, 1.3078980445861816, 1.3179056644439697, 1.328113079071045, 1.3381321430206299, 1.3481545448303223, 1.3582067489624023, 1.3683152198791504, 1.378284215927124, 1.388383150100708, 1.3986947536468506, 1.4086666107177734, 1.4185247421264648, 1.4286162853240967, 1.4386425018310547, 1.4486618041992188, 1.458850383758545, 1.468979835510254, 1.4791076183319092, 1.489293098449707, 1.4993023872375488, 1.5097370147705078, 1.5191614627838135, 1.5293898582458496, 1.5393500328063965, 1.5492892265319824, 1.5593791007995605, 1.5694804191589355, 1.579761266708374, 1.5898141860961914, 1.5999045372009277, 1.6103501319885254, 1.6200900077819824, 1.6303107738494873, 1.6403193473815918, 1.6502599716186523, 1.6602892875671387, 1.6703970432281494, 1.6804027557373047, 1.690514087677002, 1.7005503177642822, 1.710648775100708, 1.7206847667694092, 1.730738878250122, 1.7408807277679443, 1.7508490085601807, 1.7609326839447021, 1.7709486484527588, 1.7810077667236328, 1.791121006011963, 1.801159143447876, 1.8112125396728516, 1.821274757385254, 1.8313591480255127, 1.8413946628570557, 1.8514602184295654, 1.861558198928833, 1.8716137409210205, 1.8816187381744385, 1.891754150390625, 1.9018146991729736, 1.911851406097412, 1.9219183921813965, 1.932265043258667, 1.9420506954193115, 1.9521105289459229, 1.9621880054473877, 1.9722750186920166, 1.9822571277618408, 1.9923653602600098, 2.002379894256592, 2.0124711990356445, 2.022526741027832, 2.032517671585083, 2.04256272315979, 2.0526487827301025, 2.062777280807495, 2.072850465774536, 2.0829267501831055, 2.0929243564605713, 2.1029703617095947, 2.1130027770996094, 2.123074531555176, 2.1331796646118164, 2.1431756019592285, 2.153301954269409, 2.1634304523468018, 2.1735219955444336, 2.1834099292755127, 2.193540334701538, 2.2036211490631104, 2.213655948638916, 2.223734140396118, 2.233799457550049, 2.2438242435455322, 2.25388240814209, 2.263972282409668, 2.2741377353668213, 2.2841787338256836, 2.294255256652832, 2.3042142391204834, 2.3142595291137695, 2.3243484497070312, 2.3342981338500977, 2.344439744949341, 2.3544628620147705, 2.364556312561035, 2.374589204788208, 2.3846895694732666, 2.394819974899292, 2.4047977924346924, 2.4148061275482178, 2.4249267578125, 2.4349451065063477, 2.4450738430023193, 2.455127239227295, 2.465306282043457, 2.475221633911133, 2.485290050506592, 2.4954121112823486, 2.505394697189331, 2.5154571533203125, 2.525724411010742, 2.5361931324005127, 2.545905590057373, 2.5560429096221924, 2.5660059452056885, 2.5760879516601562, 2.5861518383026123, 2.5961530208587646, 2.606193780899048, 2.616189479827881, 2.626311779022217, 2.6363706588745117, 2.6463723182678223, 2.6565091609954834, 2.666501045227051, 2.676602363586426, 2.686706304550171, 2.696918249130249, 2.7069778442382812, 2.716858386993408, 2.727459669113159, 2.737091302871704, 2.747032403945923, 2.7571206092834473, 2.767195701599121, 2.777202844619751, 2.7873189449310303, 2.797351598739624, 2.8076422214508057, 2.817462921142578, 2.8275349140167236, 2.837613582611084, 2.847717523574829, 2.8577215671539307, 2.867755889892578, 2.877830982208252, 2.8879003524780273, 2.8979837894439697, 2.9080564975738525, 2.9181294441223145, 2.928189277648926, 2.938201427459717, 2.948209524154663, 2.9582438468933105, 2.9684760570526123, 2.9784064292907715, 2.988483190536499, 2.9985432624816895, 3.008585214614868, 3.01863169670105, 3.028688669204712, 3.038731813430786, 3.0488414764404297, 3.0590150356292725, 3.069060802459717, 3.0790860652923584, 3.089149236679077, 3.099393367767334, 3.109595537185669, 3.11960768699646, 3.1295323371887207, 3.139573335647583, 3.149599313735962, 3.1598315238952637, 3.169773578643799, 3.1799685955047607, 3.1899492740631104, 3.200075387954712, 3.2101166248321533, 3.22029185295105, 3.2300820350646973, 3.240098476409912, 3.25016713142395, 3.2602968215942383, 3.270305871963501, 3.2803003787994385, 3.2904250621795654, 3.3005363941192627, 3.310497283935547, 3.3206138610839844, 3.3306708335876465, 3.340721607208252, 3.3507628440856934, 3.360860586166382, 3.3709282875061035, 3.3809704780578613, 3.3911566734313965, 3.4012198448181152, 3.411210298538208, 3.421292781829834, 3.4313313961029053, 3.4412994384765625, 3.4514429569244385, 3.4615530967712402, 3.4720869064331055, 3.481947898864746, 3.4919586181640625, 3.5018014907836914, 3.511836290359497, 3.521894693374634, 3.53200101852417, 3.54202938079834, 3.552037477493286, 3.5621705055236816, 3.572197675704956, 3.582213878631592, 3.592752456665039, 3.603196144104004, 3.6124699115753174, 3.622622013092041, 3.6325619220733643, 3.6426239013671875, 3.6526944637298584, 3.662914752960205, 3.672813653945923, 3.6828768253326416, 3.693000316619873, 3.7030680179595947, 3.7132251262664795, 3.7231333255767822, 3.733193874359131, 3.74332332611084, 3.753249168395996, 3.7632973194122314, 3.7733733654022217, 3.783449172973633, 3.793583869934082, 3.803586959838867, 3.813575029373169, 3.8236477375030518, 3.8337349891662598, 3.843855619430542, 3.8538973331451416, 3.864093780517578, 3.874081611633301, 3.884054183959961, 3.894331216812134, 3.9042463302612305, 3.914283275604248, 3.9243383407592773, 3.9343996047973633, 3.944460868835449, 3.9545986652374268, 3.964616537094116, 3.9747281074523926, 3.98469877243042, 3.994901418685913, 4.004863739013672, 4.014846563339233, 4.025055408477783, 4.035022735595703, 4.045123100280762, 4.055177450180054, 4.065171241760254, 4.075334072113037, 4.085725784301758, 4.095427751541138, 4.10548734664917, 4.115447998046875, 4.125641822814941, 4.135725736618042, 4.14565634727478, 4.155702829360962, 4.165817975997925, 4.175838947296143, 4.185849189758301, 4.1959228515625, 4.205983400344849, 4.216062068939209, 4.226202011108398, 4.236220836639404, 4.2462029457092285, 4.256280183792114, 4.266323804855347, 4.27640438079834, 4.286569833755493, 4.296481370925903, 4.306571960449219, 4.316620588302612, 4.326764345169067, 4.33678412437439, 4.346785545349121, 4.356868028640747, 4.3669703006744385, 4.37703275680542, 4.387109279632568, 4.397313356399536, 4.40735650062561, 4.417297601699829, 4.427335739135742, 4.437340259552002, 4.447394847869873, 4.457615613937378, 4.467801332473755, 4.477801322937012, 4.487812519073486, 4.497797012329102, 4.507882833480835, 4.518029451370239, 4.52828311920166, 4.538245677947998, 4.548224449157715, 4.558360576629639, 4.568309783935547, 4.578342437744141, 4.588438510894775, 4.598527669906616, 4.608531713485718, 4.618605375289917, 4.628786087036133, 4.638774871826172, 4.648792743682861, 4.659003019332886, 4.66907000541687, 4.6790406703948975, 4.689392805099487, 4.699218034744263, 4.709233999252319, 4.719297885894775, 4.72935938835144, 4.739404678344727, 4.749496221542358, 4.7595038414001465, 4.76960015296936, 4.779650926589966, 4.789746999740601, 4.799810409545898, 4.80991530418396, 4.820003509521484, 4.829967975616455, 4.840017557144165, 4.85010027885437, 4.860341310501099, 4.870312213897705, 4.880314826965332, 4.890392541885376, 4.900428056716919, 4.910583972930908, 4.920531749725342, 4.930749416351318, 4.940751075744629, 4.950693130493164, 4.960888862609863, 4.970917224884033, 4.98091459274292, 4.991010665893555, 5.001044988632202, 5.011106014251709, 5.021135091781616, 5.031207323074341, 5.041265964508057, 5.051371097564697, 5.06141471862793, 5.071444272994995, 5.081472635269165, 5.091638803482056, 5.101671457290649, 5.111676216125488, 5.121737718582153, 5.131830215454102, 5.141937971115112, 5.15213942527771, 5.16205620765686, 5.17209792137146, 5.182101488113403, 5.192270994186401, 5.202343940734863, 5.2122979164123535, 5.222353935241699, 5.232802152633667, 5.242488384246826, 5.2525670528411865, 5.262783050537109, 5.272822618484497, 5.282923936843872, 5.293080568313599, 5.30291748046875, 5.312868595123291, 5.322942733764648, 5.3331122398376465, 5.343045711517334, 5.353113174438477, 5.363222599029541, 5.373246431350708, 5.383349180221558, 5.393573522567749, 5.403524160385132, 5.413451671600342, 5.423530578613281, 5.433771371841431, 5.443685531616211, 5.453923940658569, 5.464348793029785, 5.47402811050415, 5.483983993530273, 5.494087219238281, 5.504575729370117, 5.514564275741577, 5.5246617794036865, 5.534700393676758, 5.544949769973755, 5.554836273193359, 5.564854145050049, 5.574949026107788, 5.585041761398315, 5.595371246337891, 5.605555772781372, 5.615835189819336, 5.6256325244903564, 5.6355695724487305, 5.645689964294434, 5.655729055404663, 5.665719032287598, 5.675833463668823, 5.68586802482605, 5.696018695831299, 5.706057071685791, 5.716049432754517, 5.726218223571777, 5.73635196685791, 5.746222972869873, 5.756315231323242, 5.7663609981536865, 5.776406288146973, 5.786540269851685, 5.7965521812438965, 5.806621074676514, 5.816629648208618, 5.826780557632446, 5.836867809295654, 5.846910715103149, 5.857180595397949, 5.867265224456787, 5.877251625061035, 5.887214660644531, 5.897180080413818, 5.907277345657349, 5.917233228683472, 5.9274351596832275, 5.937552452087402, 5.947431325912476, 5.9575254917144775, 5.967648506164551, 5.9776811599731445, 5.987952947616577, 5.997822523117065, 6.007840156555176, 6.0179102420806885, 6.027968168258667, 6.038026571273804, 6.0480382442474365, 6.058146953582764, 6.068270444869995, 6.0782270431518555, 6.088393926620483, 6.098313570022583, 6.108394145965576, 6.118485450744629, 6.128715753555298, 6.138761520385742, 6.148889780044556, 6.158894062042236, 6.16902232170105, 6.1788153648376465, 6.188883543014526, 6.198931455612183, 6.208988904953003, 6.219088315963745, 6.229122877120972, 6.239168405532837, 6.249224424362183, 6.2596352100372314, 6.269436597824097, 6.279564380645752, 6.289632081985474, 6.299692153930664, 6.309624910354614, 6.319647550582886, 6.329726457595825, 6.339788436889648, 6.349791526794434, 6.360005617141724, 6.369953155517578, 6.379964351654053, 6.390040397644043, 6.400162696838379, 6.410232067108154, 6.4202721118927, 6.430272579193115, 6.440290689468384, 6.450342655181885, 6.460564613342285, 6.4705774784088135, 6.48063063621521, 6.490694046020508, 6.50068998336792, 6.5108442306518555, 6.521252393722534, 6.531445264816284, 6.541470289230347, 6.551494598388672, 6.561590909957886, 6.5715837478637695, 6.581639528274536, 6.591749668121338, 6.601855516433716, 6.611833095550537, 6.62196683883667, 6.63193154335022, 6.641993522644043, 6.652062654495239, 6.662158250808716, 6.6721532344818115, 6.682236909866333, 6.692391872406006, 6.702450513839722, 6.712393045425415, 6.722675800323486, 6.73271632194519, 6.742787599563599, 6.752657651901245, 6.76272177696228, 6.77276873588562, 6.782895803451538, 6.792943000793457, 6.803082466125488, 6.813127517700195, 6.823131561279297, 6.833159685134888, 6.843258380889893, 6.853305101394653, 6.863443613052368, 6.873450756072998, 6.883446455001831, 6.893520355224609, 6.90359091758728, 6.913649320602417, 6.923760652542114, 6.9339752197265625, 6.943989992141724, 6.953897714614868, 6.963912010192871, 6.974121570587158, 6.984071254730225, 6.994243860244751, 7.0043182373046875, 7.0142292976379395, 7.0242509841918945, 7.034487962722778, 7.044418573379517, 7.054569244384766, 7.064627170562744, 7.074575662612915, 7.084702730178833, 7.0949952602386475, 7.104787349700928, 7.114837408065796, 7.124898195266724, 7.135060787200928, 7.1450090408325195, 7.155116558074951, 7.165187835693359, 7.1751768589019775, 7.185266733169556, 7.1953277587890625, 7.205389976501465, 7.21549916267395, 7.225611448287964, 7.235623836517334, 7.24561333656311, 7.255858659744263, 7.265782594680786, 7.275860071182251, 7.2859532833099365, 7.296185255050659, 7.306196451187134, 7.3161609172821045, 7.3261353969573975, 7.33623480796814, 7.346269369125366, 7.356362581253052, 7.36636757850647, 7.3764567375183105, 7.386566400527954, 7.396748065948486, 7.406688928604126, 7.416675329208374, 7.426848649978638, 7.436849594116211, 7.44691801071167, 7.4570653438568115, 7.4672300815582275, 7.477277755737305, 7.4876604080200195, 7.497438192367554, 7.507394075393677, 7.5174455642700195, 7.527479887008667, 7.537532806396484, 7.547621488571167, 7.557793378829956, 7.567761421203613, 7.577868938446045, 7.589248418807983, 7.598668336868286, 7.6085898876190186, 7.618244409561157, 7.628229379653931, 7.63820743560791, 7.64818263053894, 7.658269882202148, 7.6683268547058105, 7.6783447265625, 7.688432455062866, 7.698745012283325, 7.70872163772583, 7.718673467636108, 7.728825569152832, 7.738835096359253, 7.74881649017334, 7.759004831314087, 7.769159555435181, 7.779034614562988, 7.7892231941223145, 7.799196004867554, 7.8093225955963135], "set_target_data": [{"head": [[0.9970375252585959, 0.07429299282393526, -0.019917942752155006, -0.010882501273492457], [-0.07505883031346952, 0.9963381632297391, -0.040944309543135854, 0.0070780210354118335], [0.016803131201928036, 0.04231803054553747, 0.9989628817291253, 0.010715751770372315], [0.0, 0.0, 0.0, 1.0]], "antennas": [-0.0, -0.0], "body_yaw": -0.0, "check_collision": false}, {"head": [[0.9970338624238152, 0.0743541778201651, -0.019872931865630588, -0.010892778249114051], [-0.07511874691560694, 0.9963319808349812, -0.04098484875257696, 0.007084779296853884], [0.016752642838600663, 0.0423561117919231, 0.9989621157740629, 0.010717026494172164], [0.0, 0.0, 0.0, 1.0]], "antennas": [-0.0, -0.0], "body_yaw": -0.0, "check_collision": false}, {"head": [[0.9970393501763001, 0.07429307175611799, -0.01982608607520874, -0.010901328700592848], [-0.07505949843916418, 0.9963270714373716, -0.04121211490680555, 0.006926288882093116], [0.016691491667385296, 0.042578236342889285, 0.9989536965724921, 0.010744834584180405], [0.0, 0.0, 0.0, 1.0]], "antennas": [-0.0, -0.0], "body_yaw": -0.0, "check_collision": false}, {"head": [[0.9970526355725797, 0.07415187246830872, -0.01968607902088643, -0.010911647804256281], [-0.0749165828582294, 0.9963274467610383, -0.041462325591755694, 0.006933387559906987], [0.016539271768096452, 0.042814934778350314, 0.9989461115842571, 0.010741082884738016], [0.0, 0.0, 0.0, 1.0]], "antennas": [-0.0, -0.0], "body_yaw": -0.0, "check_collision": false}, {"head": [[0.9970535189856461, 0.07417033196637368, -0.0195714622432396, -0.01085236906426586], [-0.07493081124940207, 0.9963246273395646, -0.04150434293161194, 0.006745474870677714], [0.016421138932702174, 0.04284855671637368, 0.9989466188858528, 0.0108538363669764], [0.0, 0.0, 0.0, 1.0]], "antennas": [-0.0, -0.0], "body_yaw": -0.0, "check_collision": false}, {"head": [[0.9970539282984634, 0.07421398681077644, -0.01938422622267244, -0.010848295926157618], [-0.07496746604042902, 0.9963191602018433, -0.04156934026623543, 0.006750508015707108], [0.01622784952108449, 0.04290006033029374, 0.998947567054236, 0.010856785334761476], [0.0, 0.0, 0.0, 1.0]], "antennas": [-0.0, -0.0], "body_yaw": -0.0, "check_collision": false}, {"head": [[0.9970489981493315, 0.07431492199940061, -0.019250653434034964, -0.01084074923461659], [-0.07506392694200341, 0.996308443662509, -0.04165203427006351, 0.006811003592493728], [0.01608422088445358, 0.04297414868280667, 0.998946705477088, 0.010811570116898761], [0.0, 0.0, 0.0, 1.0]], "antennas": [-0.0, -0.0], "body_yaw": -0.0, "check_collision": false}, {"head": [[0.997044812373555, 0.07443671248489747, -0.01899520869648438, -0.010832427618175634], [-0.07517640786278829, 0.9962953108858433, -0.04176315610353717, 0.006817241205842832], [0.01581612531026449, 0.043067729697784406, 0.9989469559685581, 0.010813155244689898], [0.0, 0.0, 0.0, 1.0]], "antennas": [-0.0, -0.0], "body_yaw": -0.0, "check_collision": false}, {"head": [[0.9970307937538475, 0.07467517931289303, -0.018793985770966148, -0.010812190591671005], [-0.0754055222300257, 0.9962793512218433, -0.04173082249608017, 0.0068688356362497476], [0.015607803298001417, 0.043024085389111115, 0.9989521132429926, 0.010764679200729153], [0.0, 0.0, 0.0, 1.0]], "antennas": [-0.0, -0.0], "body_yaw": -0.0, "check_collision": false}, {"head": [[0.9970155944278367, 0.07493390670693284, -0.018569170507704225, -0.010816626355644862], [-0.07565258414218232, 0.9962655018880864, -0.04161413534232758, 0.00687596690741065], [0.01538151424007175, 0.0428947476192158, 0.9989611852551461, 0.01078117654460242], [0.0, 0.0, 0.0, 1.0]], "antennas": [-0.0, -0.0], "body_yaw": -0.0, "check_collision": false}, {"head": [[0.9970021168399094, 0.07512656330728708, -0.018514278337983373, -0.010814192560567374], [-0.07584347090269346, 0.9962489972506746, -0.041661773827549486, 0.006860889890003477], [0.01531492534008655, 0.042941063827783565, 0.9989602184767751, 0.010744093295112831], [0.0, 0.0, 0.0, 1.0]], "antennas": [-0.0, -0.0], "body_yaw": -0.0, "check_collision": false}, {"head": [[0.9969960237817701, 0.07524145225088606, -0.01837532112693042, -0.010818389239424346], [-0.07595357848040386, 0.9962370975844518, -0.041745650222853, 0.006862148695757551], [0.015165173238750435, 0.04301591867768594, 0.9989592825841069, 0.010751130651714956], [0.0, 0.0, 0.0, 1.0]], "antennas": [-0.0, -0.0], "body_yaw": -0.0, "check_collision": false}, {"head": [[0.9969945194749364, 0.07532393358576922, -0.018117206354937018, -0.010787926009811348], [-0.07603016169283403, 0.9962163827575785, -0.04209908833178581, 0.006725500371751505], [0.0148775888470631, 0.04335001447026999, 0.9989491646703176, 0.010846206939576941], [0.0, 0.0, 0.0, 1.0]], "antennas": [-0.0, -0.0], "body_yaw": -0.0, "check_collision": false}, {"head": [[0.9969944723431785, 0.07542653065258571, -0.017687865638956933, -0.010774921105463948], [-0.07611792535798627, 0.9961983650627857, -0.042366010969042765, 0.006727331564601538], [0.014425101605994833, 0.04358504238781432, 0.9989455743551344, 0.010843564450931986], [0.0, 0.0, 0.0, 1.0]], "antennas": [-0.0, -0.0], "body_yaw": -0.0, "check_collision": false}, {"head": [[0.9969872932970676, 0.07561488876112209, -0.01728368021658659, -0.010728667024551634], [-0.07628977020249854, 0.9961814168439397, -0.042455337676788545, 0.006919492297123823], [0.014007425410690564, 0.0436460001883713, 0.9989488568995512, 0.01078689188275339], [0.0, 0.0, 0.0, 1.0]], "antennas": [-0.0, -0.0], "body_yaw": -0.0, "check_collision": false}, {"head": [[0.9969798281378884, 0.07581555640557615, -0.016829251114031413, -0.010711331819763206], [-0.07647225969221437, 0.9961617054107105, -0.042589319914634494, 0.006938723885611196], [0.013535722504275536, 0.043747663710619555, 0.9989509127760731, 0.010777847525745341], [0.0, 0.0, 0.0, 1.0]], "antennas": [-0.0, -0.0], "body_yaw": -0.0, "check_collision": false}, {"head": [[0.9969854761152158, 0.07582670022492724, -0.01643994976621542, -0.010669735932380303], [-0.0764681339369501, 0.9961562654285726, -0.04272375615041579, 0.006807672375993049], [0.013137157512846017, 0.04385209664769235, 0.9989516548422573, 0.010752559040167975], [0.0, 0.0, 0.0, 1.0]], "antennas": [-0.0, -0.0], "body_yaw": -0.0, "check_collision": false}, {"head": [[0.9969798977043747, 0.07599167187390134, -0.016010914376869766, -0.010653308409101952], [-0.07661433428723337, 0.9961444318078522, -0.042737743973388954, 0.006818573735290511], [0.01270147058801453, 0.04383533716101886, 0.998958025074568, 0.010748870502383268], [0.0, 0.0, 0.0, 1.0]], "antennas": [-0.0, -0.0], "body_yaw": -0.0, "check_collision": false}, {"head": [[0.9969806782052171, 0.07605339103494063, -0.015665535342010324, -0.01066886558491526], [-0.0766614708613515, 0.9961386958702106, -0.04278688438493926, 0.006682606408960708], [0.012350958296404277, 0.043858639993533954, 0.9989613974158752, 0.010782643992977903], [0.0, 0.0, 0.0, 1.0]], "antennas": [-0.0, -0.0], "body_yaw": -0.0, "check_collision": false}, {"head": [[0.997014235416334, 0.07574454803781622, -0.015012588708478254, -0.010653654898430955], [-0.07632963456608796, 0.9961443740248579, -0.04324549670927345, 0.0066882705743397655], [0.011679095178584934, 0.04426228124680497, 0.9989516751047763, 0.010765200205296754], [0.0, 0.0, 0.0, 1.0]], "antennas": [-0.0, -0.0], "body_yaw": -0.0, "check_collision": false}, {"head": [[0.9970175756123808, 0.07578844751941273, -0.014562456613062786, -0.010728852516980282], [-0.07635848059817031, 0.9961230966500515, -0.043682476590169314, 0.0066895549421891985], [0.011195372291664105, 0.04466416396742545, 0.9989393255330083, 0.011021630213741973], [0.0, 0.0, 0.0, 1.0]], "antennas": [-0.0, -0.0], "body_yaw": -0.0, "check_collision": false}, {"head": [[0.9970170573316668, 0.07591467835033261, -0.013926557387566124, -0.010711045312776793], [-0.07645804481523416, 0.9961078104499895, -0.043856554168781474, 0.0066996725974131375], [0.010542996383157633, 0.04479052993092581, 0.9989407658393822, 0.011031285142988123], [0.0, 0.0, 0.0, 1.0]], "antennas": [-0.0, -0.0], "body_yaw": -0.0, "check_collision": false}, {"head": [[0.9970179627110619, 0.07601659102057821, -0.013291347602619782, -0.010616601014448376], [-0.07653044168413582, 0.9961066055611576, -0.043757534814698636, 0.006655610765431686], [0.00991330051570136, 0.04464424091681508, 0.9989537618057438, 0.011214772767631276], [0.0, 0.0, 0.0, 1.0]], "antennas": [-0.0, -0.0], "body_yaw": -0.0, "check_collision": false}, {"head": [[0.9970163625277075, 0.07612402116509531, -0.012786956388254517, -0.01059044953953645], [-0.0766172853477956, 0.996090457540637, -0.043972627649700245, 0.006669162455524871], [0.009389592001437973, 0.04482113115641815, 0.9989509005771534, 0.01124293466204973], [0.0, 0.0, 0.0, 1.0]], "antennas": [-0.0, -0.0], "body_yaw": -0.0, "check_collision": false}, {"head": [[0.9970258656550337, 0.07611656191657208, -0.0120703030960835, -0.010442255405909123], [-0.07658407551322845, 0.9960603729393702, -0.04470584791352039, 0.006472662155617031], [0.008619895162633836, 0.045497279719597966, 0.9989272721001774, 0.011021115993609776], [0.0, 0.0, 0.0, 1.0]], "antennas": [-0.0, -0.0], "body_yaw": -0.0, "check_collision": false}, {"head": [[0.9970334882420666, 0.07616547906098571, -0.011092480483078312, -0.010387993685688147], [-0.07659379932229589, 0.9960281245904762, -0.04540225688393285, 0.006487875996015467], [0.007590337886602269, 0.046117185779157334, 0.9989071988661299, 0.010996564206322057], [0.0, 0.0, 0.0, 1.0]], "antennas": [-0.0, -0.0], "body_yaw": -0.0, "check_collision": false}, {"head": [[0.9970437408052636, 0.07618207396319365, -0.010003525764115544, -0.010321550951046315], [-0.07656146572942843, 0.9960217178231558, -0.04559692522497252, 0.006519862870588756], [0.006490060585879493, 0.04622801349048726, 0.9989098307066137, 0.010630793960363427], [0.0, 0.0, 0.0, 1.0]], "antennas": [-0.0, -0.0], "body_yaw": -0.0, "check_collision": false}, {"head": [[0.9970438859601507, 0.07627405341833028, -0.009260574745625258, -0.010273463607991173], [-0.07661977814347902, 0.9960112212459747, -0.04572807397371511, 0.006531070352470305], [0.005735770804841341, 0.04630243975471706, 0.9989109995420186, 0.010574600342796392], [0.0, 0.0, 0.0, 1.0]], "antennas": [-0.0, -0.0], "body_yaw": -0.0, "check_collision": false}, {"head": [[0.9970480753371237, 0.07630922722599599, -0.008487479408459241, -0.01029200973535879], [-0.07662208949886164, 0.9959834931987878, -0.04632425581020192, 0.006471478312779287], [0.004918421226994153, 0.046837838503841094, 0.9988903973994956, 0.010213791943606665], [0.0, 0.0, 0.0, 1.0]], "antennas": [-0.0, -0.0], "body_yaw": -0.0, "check_collision": false}, {"head": [[0.9970622694461964, 0.07620860498346281, -0.007686310771428063, -0.010250461996888116], [-0.0764856104907383, 0.995976540278067, -0.046697779428907564, 0.006457725671349088], [0.0040966125835264705, 0.0471484861072587, 0.9988794912416282, 0.010116879864868589], [0.0, 0.0, 0.0, 1.0]], "antennas": [-0.0, -0.0], "body_yaw": -0.0, "check_collision": false}, {"head": [[0.9970790567333043, 0.07607899214248166, -0.006733615552468679, -0.010256096045378154], [-0.07631190745480933, 0.9959801242806093, -0.04690506175873432, 0.006399017769856682], [0.0031380574298202337, 0.04728190978129246, 0.9988766558504613, 0.010124548470676842], [0.0, 0.0, 0.0, 1.0]], "antennas": [-0.0, -0.0], "body_yaw": -0.0, "check_collision": false}, {"head": [[0.9970895901517454, 0.07604980204027194, -0.0053644031038028485, -0.010222570858959923], [-0.07621826128041122, 0.9959825084140362, -0.04700659082166484, 0.006370409081035434], [0.0017680097328939275, 0.04727864785418368, 0.9988801747950876, 0.010032880730835525], [0.0, 0.0, 0.0, 1.0]], "antennas": [-0.0, -0.0], "body_yaw": -0.0, "check_collision": false}, {"head": [[0.9970999675654454, 0.07599384405207994, -0.004073124989053115, -0.010192131889920963], [-0.07610155200254155, 0.9959740147463325, -0.047374209575223744, 0.006919159363969928], [0.00045657835336073696, 0.04754679396406147, 0.9988689072745967, 0.01010903114049838], [0.0, 0.0, 0.0, 1.0]], "antennas": [-0.0, -0.0], "body_yaw": -0.0, "check_collision": false}, {"head": [[0.9971319235320653, 0.07563875389846338, -0.0025895910742016882, -0.010173276212758944], [-0.07567565018357798, 0.9959712506997922, -0.04810887390892552, 0.006951231686242091], [-0.00105973701295575, 0.04816686296801829, 0.9988387408732622, 0.010035433972986616], [0.0, 0.0, 0.0, 1.0]], "antennas": [-0.0, -0.0], "body_yaw": -0.0, "check_collision": false}, {"head": [[0.9971843107031074, 0.07497754393788685, -0.0013484778867660706, -0.01017793811432362], [-0.07495419626800716, 0.9959984073985546, -0.04867279446837101, 0.006937119992830399], [-0.0023062847582008476, 0.04863682107812429, 0.9988138668871338, 0.01085369844640721], [0.0, 0.0, 0.0, 1.0]], "antennas": [-0.0, -0.0], "body_yaw": -0.0, "check_collision": false}, {"head": [[0.9972012280003476, 0.07476436438009765, 2.6333233547998344e-05, -0.010156194113536127], [-0.07467126540622498, 0.9959769297957726, -0.049539453339941766, 0.006988164001251245], [-0.003730013033798981, 0.04939883736918457, 0.9987721671479142, 0.01086962248141765], [0.0, 0.0, 0.0, 1.0]], "antennas": [-0.0, -0.0], "body_yaw": -0.0, "check_collision": false}, {"head": [[0.9971892187944451, 0.0749117405250602, 0.0013758821279284362, -0.009971651656412646], [-0.07474960791823523, 0.9959489787085123, -0.04998127574943458, 0.007022352933446719], [-0.005114492760186749, 0.04973794266932407, 0.9987492072701878, 0.010926029055343843], [0.0, 0.0, 0.0, 1.0]], "antennas": [-0.0, -0.0], "body_yaw": -0.0, "check_collision": false}, {"head": [[0.997173827911416, 0.07508366698562484, 0.0026076580461120327, -0.009927762199529646], [-0.07485787558486913, 0.995923170544378, -0.05033226436148183, 0.007058874101393056], [-0.006376158044929388, 0.04999481297920444, 0.998729124079077, 0.01095715835230021], [0.0, 0.0, 0.0, 1.0]], "antennas": [-0.0, -0.0], "body_yaw": -0.0, "check_collision": false}, {"head": [[0.9971606388882119, 0.07521075768186741, 0.0037419488200751646, -0.009858213023373379], [-0.0749240895792661, 0.9958908634647855, -0.05087011763385142, 0.0069423118239051], [-0.007552552732073382, 0.05044531689149345, 0.9986982672213593, 0.010478649039827146], [0.0, 0.0, 0.0, 1.0]], "antennas": [-0.0, -0.0], "body_yaw": -0.0, "check_collision": false}, {"head": [[0.997152897230503, 0.07525502002695414, 0.004772997544183552, -0.009829053782883063], [-0.07491219191434947, 0.9958671409335251, -0.05134979173739886, 0.006965926462709936], [-0.008617601023586685, 0.050846037895093614, 0.9986693233412997, 0.010465058476057275], [0.0, 0.0, 0.0, 1.0]], "antennas": [-0.0, -0.0], "body_yaw": -0.0, "check_collision": false}, {"head": [[0.9971456743808689, 0.07528815217673562, 0.005674346247374898, -0.009751284994168977], [-0.07489280182223731, 0.995832320060945, -0.05204861724628962, 0.00681706772455335], [-0.00956934160417978, 0.051475085855667777, 0.9986284310179708, 0.010032443654898027], [0.0, 0.0, 0.0, 1.0]], "antennas": [-0.0, -0.0], "body_yaw": -0.0, "check_collision": false}, {"head": [[0.9971435972287973, 0.07526418617585176, 0.006320505114344208, -0.009732659205712658], [-0.07483023184843057, 0.9958093985575388, -0.05257450091044772, 0.006824172023963363], [-0.01025099542112138, 0.051951362097246954, 0.9985970023333319, 0.009996231692200652], [0.0, 0.0, 0.0, 1.0]], "antennas": [-0.0, -0.0], "body_yaw": -0.0, "check_collision": false}, {"head": [[0.9971537727367151, 0.07506501991111217, 0.007042464247660078, -0.009804840429582866], [-0.0745865603662243, 0.9957925169189705, -0.05323634342173524, 0.006849138199336761], [-0.011009020377436656, 0.05255954750495564, 0.9985571067477329, 0.009657025241283979], [0.0, 0.0, 0.0, 1.0]], "antennas": [-0.0, -0.0], "body_yaw": -0.0, "check_collision": false}, {"head": [[0.9971453787739093, 0.07512359279864567, 0.007585472619414703, -0.009787657022360632], [-0.07461181981496662, 0.9957688422146552, -0.053642233532766107, 0.0068244989675799814], [-0.011583174596610925, 0.05292313935801743, 0.9985314073111351, 0.00959508541295706], [0.0, 0.0, 0.0, 1.0]], "antennas": [-0.0, -0.0], "body_yaw": -0.0, "check_collision": false}, {"head": [[0.9971201058714964, 0.07539497343785204, 0.00819099793200168, -0.009896150333473082], [-0.07485051717977878, 0.9957497156149684, -0.05366473637902103, 0.006914698160382884], [-0.012202235235239084, 0.05289708718838655, 0.9985254146100883, 0.00955197994556911], [0.0, 0.0, 0.0, 1.0]], "antennas": [-0.0, -0.0], "body_yaw": -0.0, "check_collision": false}, {"head": [[0.997100984852943, 0.07558846670581058, 0.008718354566995337, -0.009899761054883764], [-0.07501156554835707, 0.995719424275281, -0.05400086253836508, 0.006879355868156626], [-0.012762877390142629, 0.05319033579483622, 0.9985028278070908, 0.009487045788217295], [0.0, 0.0, 0.0, 1.0]], "antennas": [-0.0, -0.0], "body_yaw": -0.0, "check_collision": false}, {"head": [[0.9970897537738279, 0.075678396188918, 0.009208869068465336, -0.009939102033669395], [-0.07507322345280368, 0.9957063420114876, -0.05415617784249452, 0.006811678527336911], [-0.013267782017066156, 0.05330723054497999, 0.9984900125349135, 0.00982476557996137], [0.0, 0.0, 0.0, 1.0]], "antennas": [-0.0, -0.0], "body_yaw": -0.0, "check_collision": false}, {"head": [[0.9970694353404382, 0.07587612796851104, 0.009764953374496038, -0.009962757017709179], [-0.075236659151735, 0.9956767433355392, -0.05447263441784837, 0.006800047321070898], [-0.013855909554612179, 0.05357831637184064, 0.9984675146368928, 0.00981510005156555], [0.0, 0.0, 0.0, 1.0]], "antennas": [-0.0, -0.0], "body_yaw": -0.0, "check_collision": false}, {"head": [[0.9970595582279576, 0.07594265099097282, 0.0102445647410551, -0.009930482414564849], [-0.07527564324771523, 0.9956671058947356, -0.05459479620663632, 0.007424988162497117], [-0.014346249681121453, 0.05366309718665839, 0.9984560366487962, 0.010262495708460549], [0.0, 0.0, 0.0, 1.0]], "antennas": [-0.0, -0.0], "body_yaw": -0.0, "check_collision": false}, {"head": [[0.997032197169083, 0.07622599125573737, 0.01078870081477245, -0.00996784386747639], [-0.07552253139647722, 0.9956231127048555, -0.05505419783597164, 0.0074711273552750795], [-0.014938040690081568, 0.05407601783576933, 0.9984250794302828, 0.010325452551619594], [0.0, 0.0, 0.0, 1.0]], "antennas": [-0.0, -0.0], "body_yaw": -0.0, "check_collision": false}, {"head": [[0.9970171777719355, 0.07635964975319906, 0.011222794538510255, -0.00997130399357452], [-0.07562615731212777, 0.9955923009745209, -0.05546759928517279, 0.007581832106439212], [-0.015408814292026299, 0.05445341247183653, 0.9983974130136186, 0.010440103926143916], [0.0, 0.0, 0.0, 1.0]], "antennas": [-0.0, -0.0], "body_yaw": -0.0, "check_collision": false}, {"head": [[0.9969926241967483, 0.07663671376354028, 0.01151179398733267, -0.010010389645954614], [-0.07588380549326171, 0.9955610519950501, -0.05567620510029613, 0.007628691078878647], [-0.01572753512609076, 0.05463520709244737, 0.9983825112574954, 0.01050642401935281], [0.0, 0.0, 0.0, 1.0]], "antennas": [-0.0, -0.0], "body_yaw": -0.0, "check_collision": false}, {"head": [[0.9969591953281941, 0.07702401483141545, 0.011817952014210233, -0.01000865926610624], [-0.07625045648273358, 0.9955213022137644, -0.055885639700964954, 0.007665878618553813], [-0.016069559319876612, 0.05481457815090081, 0.9983672326781385, 0.010186202472728943], [0.0, 0.0, 0.0, 1.0]], "antennas": [-0.0, -0.0], "body_yaw": -0.0, "check_collision": false}, {"head": [[0.9969315905895408, 0.07734332305699661, 0.012058775356937695, -0.01003928344509508], [-0.07655635918346947, 0.995498699045831, -0.0558700641366136, 0.007689581271164758], [-0.01632567159965063, 0.05477545596851537, 0.9983652246899736, 0.010216307265627776], [0.0, 0.0, 0.0, 1.0]], "antennas": [-0.0, -0.0], "body_yaw": -0.0, "check_collision": false}, {"head": [[0.9969063333125036, 0.07763080464626136, 0.01229718550698113, -0.010060048553687233], [-0.0768252904764443, 0.9954607813456713, -0.0561756846498123, 0.007609748962022862], [-0.016602329494051663, 0.05505716095694733, 0.9983451666045823, 0.009900807395597176], [0.0, 0.0, 0.0, 1.0]], "antennas": [-0.0, -0.0], "body_yaw": -0.0, "check_collision": false}, {"head": [[0.9968810480919934, 0.07793476484024016, 0.01242370252000324, -0.010185576270870083], [-0.07711867560940121, 0.995427421866618, -0.05636450716745779, 0.007609671224464274], [-0.016759648780956482, 0.055230609495776156, 0.9983329574583143, 0.009797386234572157], [0.0, 0.0, 0.0, 1.0]], "antennas": [-0.0, -0.0], "body_yaw": -0.0, "check_collision": false}, {"head": [[0.9968582887282705, 0.07817051578042394, 0.01276411596493311, -0.010177111722574458], [-0.07732861113072353, 0.9953890363319138, -0.05675343382401681, 0.007519390377395356], [-0.01714170628429712, 0.05558809956138278, 0.9983066287933865, 0.009741007829019986], [0.0, 0.0, 0.0, 1.0]], "antennas": [-0.0, -0.0], "body_yaw": -0.0, "check_collision": false}, {"head": [[0.9968327681613426, 0.07845016830684373, 0.013038535670194883, -0.010200522328054523], [-0.07758463054817874, 0.9953430179275913, -0.05720928041408463, 0.007572682916869668], [-0.017465893120526682, 0.05601649538682914, 0.9982770631553546, 0.009682280051566126], [0.0, 0.0, 0.0, 1.0]], "antennas": [-0.0, -0.0], "body_yaw": -0.0, "check_collision": false}, {"head": [[0.9967943640069601, 0.07889885813695251, 0.013265220263702632, -0.010257945235575498], [-0.07801457978897285, 0.995291975356561, -0.05751181731769889, 0.007511405640390801], [-0.01774038399554793, 0.05629257478139922, 0.9982566928401586, 0.009749123649189282], [0.0, 0.0, 0.0, 1.0]], "antennas": [-0.0, -0.0], "body_yaw": -0.0, "check_collision": false}, {"head": [[0.9967602851142815, 0.07923587864959646, 0.01380614187680687, -0.010215914513372136], [-0.07831005321642724, 0.9952352390595282, -0.058089194342526615, 0.007500698228736973], [-0.018343107265030915, 0.056819842209829455, 0.9982159265144558, 0.00975866404154324], [0.0, 0.0, 0.0, 1.0]], "antennas": [-0.0, -0.0], "body_yaw": -0.0, "check_collision": false}, {"head": [[0.996722686409245, 0.07958975220364406, 0.01446919974635831, -0.010299691656612701], [-0.0786142631072782, 0.995176021266257, -0.058689729363505715, 0.00743828575473578], [-0.019070501651427957, 0.057359899240012995, 0.9981714070869482, 0.009890925589353615], [0.0, 0.0, 0.0, 1.0]], "antennas": [-0.0, -0.0], "body_yaw": -0.0, "check_collision": false}, {"head": [[0.9966666909078417, 0.08018145261882208, 0.015047986268880858, -0.010232635862635432], [-0.07915962940756936, 0.9950960682586211, -0.05930908874944854, 0.007769595762654607], [-0.01972968086080248, 0.05792020020829758, 0.9981262395613901, 0.009906481641624386], [0.0, 0.0, 0.0, 1.0]], "antennas": [-0.0, -0.0], "body_yaw": -0.0, "check_collision": false}, {"head": [[0.9966086386533552, 0.08070163242767422, 0.016076936431257464, -0.010296988340490018], [-0.07959840878796354, 0.9950005120243973, -0.06031645206418809, 0.007745107689211576], [-0.0208641961247104, 0.05883219862197751, 0.99804982727586, 0.009985216624049996], [0.0, 0.0, 0.0, 1.0]], "antennas": [-0.0, -0.0], "body_yaw": -0.0, "check_collision": false}, {"head": [[0.996548673776015, 0.08112284730294396, 0.01760183060730923, -0.010268503812570941], [-0.07990221143465166, 0.9949024330937194, -0.06152060818984886, 0.007824792727600694], [-0.022502831002284812, 0.059901855310665594, 0.9979505951334575, 0.01001973405729317], [0.0, 0.0, 0.0, 1.0]], "antennas": [-0.0, -0.0], "body_yaw": -0.0, "check_collision": false}, {"head": [[0.9964929520082237, 0.08148550956344092, 0.019023888380712964, -0.010321676861217152], [-0.08015236788111721, 0.9948127871007897, -0.06263478701016362, 0.007851046039433754], [-0.024029034957432166, 0.06089031410614409, 0.997855187453104, 0.010037620546373414], [0.0, 0.0, 0.0, 1.0]], "antennas": [-0.0, -0.0], "body_yaw": -0.0, "check_collision": false}, {"head": [[0.9964240202718385, 0.0818469512825237, 0.02098209691768325, -0.010383202456729222], [-0.08036600390224663, 0.9947272495551522, -0.06371031634850052, 0.00794113954111673], [-0.026085958715196592, 0.061796242265999675, 0.9977478374818515, 0.009943139778420705], [0.0, 0.0, 0.0, 1.0]], "antennas": [-0.0, -0.0], "body_yaw": -0.0, "check_collision": false}, {"head": [[0.9963341749949144, 0.08228841332873839, 0.023384370186990962, -0.01036093588600772], [-0.08063033083735381, 0.9946424575498564, -0.0646925914478716, 0.00790717245492028], [-0.028582538135413945, 0.06256995022389797, 0.9976312143486272, 0.009831391673131849], [0.0, 0.0, 0.0, 1.0]], "antennas": [-0.0, -0.0], "body_yaw": -0.0, "check_collision": false}, {"head": [[0.9962458678874264, 0.08256542465375726, 0.026021555852285435, -0.010366894645231212], [-0.08070905048586012, 0.9945670495587693, -0.065745213526428