{"description": "Use this gesture when you\u2019ve successfully completed a task.", "time": [0.0, 0.010150432586669922, 0.020100831985473633, 0.03020024299621582, 0.040297508239746094, 0.050336360931396484, 0.06039309501647949, 0.07039523124694824, 0.0804586410522461, 0.09051847457885742, 0.1005246639251709, 0.1107022762298584, 0.12073707580566406, 0.1307659149169922, 0.14084887504577637, 0.1509079933166504, 0.1609506607055664, 0.17102885246276855, 0.1810932159423828, 0.19115900993347168, 0.20116591453552246, 0.21156573295593262, 0.22148799896240234, 0.23167109489440918, 0.241499662399292, 0.2514927387237549, 0.26152896881103516, 0.2715885639190674, 0.28170037269592285, 0.2917439937591553, 0.3017997741699219, 0.3118896484375, 0.321871280670166, 0.33190321922302246, 0.34208202362060547, 0.3520529270172119, 0.36209750175476074, 0.37218809127807617, 0.3822059631347656, 0.39226675033569336, 0.4023303985595703, 0.41243696212768555, 0.42241477966308594, 0.43251681327819824, 0.44264936447143555, 0.45264768600463867, 0.4627540111541748, 0.47284984588623047, 0.48291492462158203, 0.4928865432739258, 0.5029251575469971, 0.5129950046539307, 0.5230896472930908, 0.5331172943115234, 0.5432891845703125, 0.5532894134521484, 0.5635156631469727, 0.5733380317687988, 0.5834054946899414, 0.5935039520263672, 0.603682279586792, 0.6137473583221436, 0.6237635612487793, 0.6338238716125488, 0.6438882350921631, 0.6539063453674316, 0.6640496253967285, 0.6739809513092041, 0.6840777397155762, 0.6940972805023193, 0.7042405605316162, 0.7143402099609375, 0.7242612838745117, 0.7344727516174316, 0.7446420192718506, 0.7545347213745117, 0.7645790576934814, 0.7746467590332031, 0.7846572399139404, 0.7947018146514893, 0.8047900199890137, 0.8148701190948486, 0.8248777389526367, 0.8349738121032715, 0.8450748920440674, 0.8551280498504639, 0.8652482032775879, 0.875307559967041, 0.8853039741516113, 0.8953702449798584, 0.9054744243621826, 0.9154922962188721, 0.9256181716918945, 0.9356026649475098, 0.9456911087036133, 0.9556679725646973, 0.9657120704650879, 0.9758760929107666, 0.9858675003051758, 0.99595046043396, 1.0060067176818848, 1.016108512878418, 1.026127576828003, 1.0362484455108643, 1.0463237762451172, 1.0563323497772217, 1.0664455890655518, 1.076566457748413, 1.086549997329712, 1.0965499877929688, 1.10689377784729, 1.1167383193969727, 1.126861333847046, 1.1367912292480469, 1.146907091140747, 1.1569855213165283, 1.1673383712768555, 1.1771471500396729, 1.1871006488800049, 1.1972193717956543, 1.207233190536499, 1.2172353267669678, 1.2273612022399902, 1.237389326095581, 1.247572898864746, 1.2575287818908691, 1.2675628662109375, 1.277712106704712, 1.2878496646881104, 1.2977604866027832, 1.3078770637512207, 1.3178918361663818, 1.327972412109375, 1.3380804061889648, 1.3481395244598389, 1.3581933975219727, 1.3682496547698975, 1.378274917602539, 1.3882694244384766, 1.3983545303344727, 1.4085183143615723, 1.4184706211090088, 1.4286596775054932, 1.438570261001587, 1.4487309455871582, 1.4586925506591797, 1.4688386917114258, 1.4789478778839111, 1.4889328479766846, 1.4989368915557861, 1.509265661239624, 1.5190975666046143, 1.5291457176208496, 1.539259433746338, 1.5492215156555176, 1.5593078136444092, 1.569326639175415, 1.579435110092163, 1.5894463062286377, 1.5994665622711182, 1.6097121238708496, 1.6197986602783203, 1.6299448013305664, 1.639784336090088, 1.6501429080963135, 1.6599853038787842, 1.6699998378753662, 1.6804471015930176, 1.6902856826782227, 1.7001616954803467, 1.710249662399292, 1.7202043533325195, 1.7302539348602295, 1.7403483390808105, 1.7503600120544434, 1.760413646697998, 1.7705566883087158, 1.780561923980713, 1.7905943393707275, 1.8006579875946045, 1.8107872009277344, 1.8208091259002686, 1.8309407234191895, 1.8410875797271729, 1.8510804176330566, 1.8611171245574951, 1.8711705207824707, 1.881476640701294, 1.891296625137329, 1.9014508724212646, 1.9114549160003662, 1.9214370250701904, 1.931471824645996, 1.941610336303711, 1.951596975326538, 1.9616694450378418, 1.9717400074005127, 1.9818167686462402, 1.9918642044067383, 2.0019443035125732, 2.0121686458587646, 2.022068738937378, 2.032109260559082, 2.042292833328247, 2.0522756576538086, 2.062366247177124, 2.0724315643310547, 2.082442045211792, 2.092533826828003, 2.1025328636169434, 2.1126906871795654, 2.1226532459259033, 2.1327946186065674, 2.1428847312927246, 2.1528568267822266, 2.1629159450531006, 2.172968626022339, 2.18302059173584, 2.1931161880493164, 2.203183650970459, 2.21336030960083, 2.2232489585876465, 2.233421564102173, 2.2434918880462646, 2.253610372543335, 2.263550043106079, 2.2740845680236816], "set_target_data": [{"head": [[0.995962432950679, 0.060124779826829955, -0.06666215569376191, -0.016487465827726547], [-0.060439472683021286, 0.998168179225818, -0.002712217324151868, -0.004000868304007026], [0.06637697110265317, 0.00673029210289771, 0.9977719182636114, 0.010253204021738349], [0.0, 0.0, 0.0, 1.0]], "antennas": [-0.18782130009060133, 0.2668471433292856], "body_yaw": -0.14586623312004562, "check_collision": false}, {"head": [[0.9959688586256266, 0.0602545500676149, -0.0664486406491239, -0.016472039580118884], [-0.060569816733434555, 0.9981602070568499, -0.0027383113601251027, -0.004044805899361971], [0.06616139319002634, 0.006752054826208669, 0.9977860892028807, 0.010312776350419273], [0.0, 0.0, 0.0, 1.0]], "antennas": [-0.18782130009060133, 0.2668471433292856], "body_yaw": -0.14586623312004562, "check_collision": false}, {"head": [[0.9959746804041566, 0.06039381787998801, -0.06623460391454954, -0.016451391482070053], [-0.06072226924531433, 0.9981503258828504, -0.002955157806183292, -0.004080658834898882], [0.06593361821967587, 0.006965177803813279, 0.9977997014865376, 0.01036630114584991], [0.0, 0.0, 0.0, 1.0]], "antennas": [-0.18782130009060133, 0.2668471433292856], "body_yaw": -0.14586623312004562, "check_collision": false}, {"head": [[0.995974453855936, 0.06062444327844385, -0.06602699556657927, -0.01643397226734208], [-0.06097408472099457, 0.9981339229126867, -0.00329134066426184, -0.004113644208474935], [0.06570424840759774, 0.007304026842091357, 0.9978124086886688, 0.010415917836626876], [0.0, 0.0, 0.0, 1.0]], "antennas": [-0.18782130009060133, 0.2668471433292856], "body_yaw": -0.14586623312004562, "check_collision": false}, {"head": [[0.9959619822133466, 0.0609822411556253, -0.06588547828845717, -0.016423352088997055], [-0.06134471160517216, 0.9981105358213835, -0.0034906504306830947, -0.004151070364292466], [0.0655481223509862, 0.007518280786731243, 0.9978210857214194, 0.010462677907144058], [0.0, 0.0, 0.0, 1.0]], "antennas": [-0.18782130009060133, 0.2668471433292856], "body_yaw": -0.14586623312004562, "check_collision": false}, {"head": [[0.9959611667912309, 0.061318046052865234, -0.06558545168029692, -0.01642194731573768], [-0.06168409809793513, 0.9980893416356412, -0.003569055221835834, -0.004193760078315595], [0.06524129279600596, 0.007600219838326773, 0.9978405736252234, 0.010506323389211758], [0.0, 0.0, 0.0, 1.0]], "antennas": [-0.18782130009060133, 0.2668471433292856], "body_yaw": -0.14586623312004562, "check_collision": false}, {"head": [[0.9959682825134756, 0.06160449794619298, -0.06520786808319651, -0.01643249175180314], [-0.06196648777085942, 0.9980719473101948, -0.003541523087624621, -0.00423795404571071], [0.06486397012596426, 0.0075679472272045245, 0.9978654175560273, 0.01054621646572762], [0.0, 0.0, 0.0, 1.0]], "antennas": [-0.18782130009060133, 0.2668471433292856], "body_yaw": -0.14586623312004562, "check_collision": false}, {"head": [[0.9960326000393988, 0.06146230643670138, -0.06435405617547744, -0.016469365145194054], [-0.06184022889231332, 0.9980784601185853, -0.0038953225617873143, -0.004630825222650639], [0.06399098178104308, 0.007859537823249463, 0.9979195267735287, 0.010772462724985443], [0.0, 0.0, 0.0, 1.0]], "antennas": [-0.18782130009060133, 0.2668471433292856], "body_yaw": -0.14586623312004562, "check_collision": false}, {"head": [[0.996051849403742, 0.061703337500312504, -0.06382328290449862, -0.0164848438311278], [-0.062095645560851474, 0.9980614516123058, -0.004179666005564452, -0.004682355482749831], [0.06344165904014684, 0.008126312008500123, 0.9979524632723615, 0.010808799853378348], [0.0, 0.0, 0.0, 1.0]], "antennas": [-0.18782130009060133, 0.2668471433292856], "body_yaw": -0.14586623312004562, "check_collision": false}, {"head": [[0.9960487933792833, 0.06207848572542472, -0.06350639981696474, -0.016497906313162086], [-0.06248781461713135, 0.9980356819240813, -0.004477793062321209, -0.004733242942103935], [0.06310367843516704, 0.008428476515491081, 0.997971385637674, 0.01083263065108686], [0.0, 0.0, 0.0, 1.0]], "antennas": [-0.18782130009060133, 0.2668471433292856], "body_yaw": -0.14586623312004562, "check_collision": false}, {"head": [[0.9960394561572665, 0.06243934375374271, -0.06329873718755051, -0.016513228933609323], [-0.06286257311820685, 0.9980110553163601, -0.004714909042926522, -0.004786708775060912], [0.0628784436742413, 0.008675356933690065, 0.9979834865884195, 0.01085377333707327], [0.0, 0.0, 0.0, 1.0]], "antennas": [-0.18782130009060133, 0.2668471433292856], "body_yaw": -0.14586623312004562, "check_collision": false}, {"head": [[0.9960541009129346, 0.06254747168898883, -0.06296063722549891, -0.016479146507472044], [-0.06299841620618823, 0.9980000754655927, -0.00520085821603131, -0.005023559455011636], [0.06250942017038405, 0.009146756582883525, 0.9980024595330294, 0.011061231341094824], [0.0, 0.0, 0.0, 1.0]], "antennas": [-0.18782130009060133, 0.2668471433292856], "body_yaw": -0.14586623312004562, "check_collision": false}, {"head": [[0.9960384696289322, 0.06272900100201378, -0.06302729133116788, -0.0164867406194162], [-0.0631989180602694, 0.9979858605961118, -0.005488060335775051, -0.005084891812788171], [0.06255608503787549, 0.009449575838475834, 0.997996714293793, 0.011090230919229227], [0.0, 0.0, 0.0, 1.0]], "antennas": [-0.18782130009060133, 0.2668471433292856], "body_yaw": -0.14586623312004562, "check_collision": false}, {"head": [[0.9960668887463551, 0.06250842296175257, -0.0627968964359748, -0.016221253001459844], [-0.06297202030941798, 0.9980005280177983, -0.005428695455242858, -0.004406284294782457], [0.062331996609335, 0.009361791229789857, 0.9980115625901652, 0.010862450467130635], [0.0, 0.0, 0.0, 1.0]], "antennas": [-0.18782130009060133, 0.2668471433292856], "body_yaw": -0.14586623312004562, "check_collision": false}, {"head": [[0.9960573135943305, 0.06261457235683918, -0.06284300568731373, -0.016216997920518422], [-0.06309011321718963, 0.9979920692932712, -0.00560956700440012, -0.004446143288348097], [0.06236558064740348, 0.009552222584551295, 0.9980076599877415, 0.010891288477662187], [0.0, 0.0, 0.0, 1.0]], "antennas": [-0.18782130009060133, 0.2668471433292856], "body_yaw": -0.14586623312004562, "check_collision": false}, {"head": [[0.9960302951081237, 0.06289659202433873, -0.0629894430722132, -0.01620901859577616], [-0.0633810058832848, 0.9979730104039342, -0.005720017354137076, -0.00448817016349869], [0.06250199452854856, 0.00968964483520952, 0.9979978013317066, 0.010921130272258495], [0.0, 0.0, 0.0, 1.0]], "antennas": [-0.18782130009060133, 0.2668471433292856], "body_yaw": -0.14586623312004562, "check_collision": false}, {"head": [[0.9960005603260097, 0.0631888904008847, -0.06316682642162312, -0.016199296396931136], [-0.06367804468521925, 0.9979538776719327, -0.00575887702771917, -0.004534597437141049], [0.06267368231835198, 0.009758184741956485, 0.9979863663273161, 0.010955795315074068], [0.0, 0.0, 0.0, 1.0]], "antennas": [-0.18782130009060133, 0.2668471433292856], "body_yaw": -0.14586623312004562, "check_collision": false}, {"head": [[0.995990123986318, 0.06337239066210705, -0.06314754962378183, -0.016182029893281907], [-0.06385524754009246, 0.9979431440271861, -0.005655851017171117, -0.004586985675955113], [0.06265923940898274, 0.009665474168617266, 0.9979881754438694, 0.01098875463859228], [0.0, 0.0, 0.0, 1.0]], "antennas": [-0.18782130009060133, 0.2668471433292856], "body_yaw": -0.14586623312004562, "check_collision": false}, {"head": [[0.9959793801410908, 0.06350547317171829, -0.06318329851317606, -0.01616355508365817], [-0.06398426729937651, 0.9979352987054259, -0.005581499428891501, -0.004644347431538444], [0.06269838811270101, 0.009601795402368564, 0.9979863313959367, 0.011014141549930079], [0.0, 0.0, 0.0, 1.0]], "antennas": [-0.18782130009060133, 0.2668471433292856], "body_yaw": -0.14586623312004562, "check_collision": false}, {"head": [[0.9959884747004392, 0.06327041316151956, -0.06327569108483179, -0.016034957193991208], [-0.06374625590593001, 0.9979508296352119, -0.0055277923593292574, -0.004343246820484247], [0.06279628270740341, 0.00953920587694735, 0.9979807765830807, 0.010947408143394899], [0.0, 0.0, 0.0, 1.0]], "antennas": [-0.18782130009060133, 0.2668471433292856], "body_yaw": -0.14586623312004562, "check_collision": false}, {"head": [[0.9959987110954055, 0.06308344266226593, -0.06330123820406187, -0.016032672296966744], [-0.06356659045846019, 0.9979616292091052, -0.0056458129436535685, -0.004379324052850251], [0.06281604949196638, 0.009647066299395747, 0.9979784957793618, 0.010976352600288841], [0.0, 0.0, 0.0, 1.0]], "antennas": [-0.18782130009060133, 0.2668471433292856], "body_yaw": -0.14586623312004562, "check_collision": false}, {"head": [[0.9959951528941219, 0.06295503512131878, -0.06348479317354927, -0.016024932879971077], [-0.06344232900939367, 0.997969300638357, -0.005687343250808153, -0.004286162050437952], [0.06299782775047608, 0.009692189446259639, 0.9979666002239049, 0.01091411805661735], [0.0, 0.0, 0.0, 1.0]], "antennas": [-0.18782130009060133, 0.2668471433292856], "body_yaw": -0.14586623312004562, "check_collision": false}, {"head": [[0.9960014055429438, 0.06286333075802923, -0.0634775692862218, -0.016038398771330356], [-0.06335656221939352, 0.9979741855707395, -0.00578540907451516, -0.0043212579698014356], [0.06298528542620561, 0.009783996137876375, 0.9979664960505205, 0.01093152483299431], [0.0, 0.0, 0.0, 1.0]], "antennas": [-0.18782130009060133, 0.2668471433292856], "body_yaw": -0.14586623312004562, "check_collision": false}, {"head": [[0.9960016781052741, 0.06281847649411923, -0.06351768432834491, -0.01603673278951331], [-0.06331491564796135, 0.9979765611407455, -0.005831369494624717, -0.004051620860854994], [0.0630228424300985, 0.00982967062770112, 0.9979636761462721, 0.010737595801817323], [0.0, 0.0, 0.0, 1.0]], "antennas": [-0.18782130009060133, 0.2668471433292856], "body_yaw": -0.14586623312004562, "check_collision": false}, {"head": [[0.9960317876996784, 0.06266595102117577, -0.06319538333133329, -0.016077464861630846], [-0.06317041591189669, 0.997984631543401, -0.0060144622951484785, -0.004078424134568322], [0.06269111934955818, 0.00998267428064112, 0.9979830508425009, 0.010748907866863777], [0.0, 0.0, 0.0, 1.0]], "antennas": [-0.18782130009060133, 0.2668471433292856], "body_yaw": -0.14586623312004562, "check_collision": false}, {"head": [[0.9960576968639804, 0.06256139419498981, -0.06288987577029066, -0.016124823718966137], [-0.06307112622812842, 0.9979900797836009, -0.006150909675648313, -0.004105259970942387], [0.0623786626526971, 0.010093196218323946, 0.9980015179526331, 0.010758814029668495], [0.0, 0.0, 0.0, 1.0]], "antennas": [-0.18782130009060133, 0.2668471433292856], "body_yaw": -0.14586623312004562, "check_collision": false}, {"head": [[0.9960768274429759, 0.06252769775249521, -0.06261981192009906, -0.016173928271443417], [-0.06303885763269827, 0.9979916976396027, -0.006218831947239408, -0.004132458721542458], [0.06210520315964175, 0.01014191580502472, 0.9980180786360051, 0.01076845657067782], [0.0, 0.0, 0.0, 1.0]], "antennas": [-0.18782130009060133, 0.2668471433292856], "body_yaw": -0.14586623312004562, "check_collision": false}, {"head": [[0.996063594781949, 0.06264643726312555, -0.06271155434446313, -0.016217647645316625], [-0.06315421556243386, 0.9979848560467885, -0.006145905788754933, -0.004165489001868602], [0.06220016243350907, 0.010082212034463939, 0.9980127698550441, 0.010780073409648927], [0.0, 0.0, 0.0, 1.0]], "antennas": [-0.18782130009060133, 0.2668471433292856], "body_yaw": -0.14586623312004562, "check_collision": false}, {"head": [[0.9960391328153612, 0.06290858351630806, -0.06283753671489258, -0.016261835744125073], [-0.0634066280376769, 0.9979699695402485, -0.005961494504525209, -0.0041985815255099895], [0.06233494542642564, 0.009922198133855887, 0.998005964192037, 0.010788174139202522], [0.0, 0.0, 0.0, 1.0]], "antennas": [-0.18782130009060133, 0.2668471433292856], "body_yaw": -0.14586623312004562, "check_collision": false}, {"head": [[0.9960541501703909, 0.06302089928087357, -0.06248596788216218, -0.01614606919128185], [-0.0635021467813251, 0.9979651721203564, -0.0057439175612739425, -0.003934350960409075], [0.061996832842522345, 0.009689246029369727, 0.9980293138124144, 0.010686094550040548], [0.0, 0.0, 0.0, 1.0]], "antennas": [-0.18782130009060133, 0.2668471433292856], "body_yaw": -0.14586623312004562, "check_collision": false}, {"head": [[0.99603719060457, 0.0633173850547981, -0.06245657437274509, -0.01616840687419643], [-0.06379290565861505, 0.997947180499015, -0.0056471339365835385, -0.00395403244389636], [0.06197080054498932, 0.009609041777883194, 0.9980317060073414, 0.010686223317007415], [0.0, 0.0, 0.0, 1.0]], "antennas": [-0.18782130009060133, 0.2668471433292856], "body_yaw": -0.14586623312004562, "check_collision": false}, {"head": [[0.9960444173839512, 0.06339110130562231, -0.062266257905269476, -0.01617321611990427], [-0.06385524692488762, 0.9979440660871982, -0.005490756005442751, -0.0036885026527086334], [0.0617901775238333, 0.009445064140068373, 0.9980444703143058, 0.010538006378887799], [0.0, 0.0, 0.0, 1.0]], "antennas": [-0.18782130009060133, 0.2668471433292856], "body_yaw": -0.14586623312004562, "check_collision": false}, {"head": [[0.9960517938007286, 0.06350920566073073, -0.06202745249237684, -0.016196999961166463], [-0.06396944908981309, 0.9979369178736697, -0.005460542825286994, -0.0036830464237618543], [0.06155269002648762, 0.009406845440634706, 0.9980595060462876, 0.010536706783491945], [0.0, 0.0, 0.0, 1.0]], "antennas": [-0.18782130009060133, 0.2668471433292856], "body_yaw": -0.14586623312004562, "check_collision": false}, {"head": [[0.9960598912687967, 0.06365978070680654, -0.06174241107985741, -0.016217038506422424], [-0.06411811735666677, 0.9979273322734227, -0.005468686157237572, -0.003672347734845432], [0.061266304215527034, 0.009405946098663092, 0.9980771353686845, 0.010540476890879558], [0.0, 0.0, 0.0, 1.0]], "antennas": [-0.18782130009060133, 0.2668471433292856], "body_yaw": -0.14586623312004562, "check_collision": false}, {"head": [[0.9960576268745157, 0.0638500963810966, -0.06158221445541882, -0.016232883156066195], [-0.06430891505806485, 0.9979149079063467, -0.0054954546966235005, -0.003654721885968699], [0.06110292455491078, 0.009434074962216276, 0.9980868854165176, 0.010546323550933101], [0.0, 0.0, 0.0, 1.0]], "antennas": [-0.18782130009060133, 0.2668471433292856], "body_yaw": -0.14586623312004562, "check_collision": false}, {"head": [[0.9960492907665397, 0.0639925797796331, -0.06156914890284252, -0.01624648284592247], [-0.06445479117716058, 0.9979052025426568, -0.0055485703210451775, -0.0036288971291382876], [0.06108510667733768, 0.009495076168533541, 0.9980873976114376, 0.010556935502619935], [0.0, 0.0, 0.0, 1.0]], "antennas": [-0.18782130009060133, 0.2668471433292856], "body_yaw": -0.14586623312004562, "check_collision": false}, {"head": [[0.9960268187725344, 0.06412557043969497, -0.06179391152572054, -0.016264212050032225], [-0.0645949575744583, 0.9978957033597678, -0.005626426225245026, -0.0035997229829620968], [0.06130308101407947, 0.00959564650755291, 0.9980730713862003, 0.010566977561248025], [0.0, 0.0, 0.0, 1.0]], "antennas": [-0.18782130009060133, 0.2668471433292856], "body_yaw": -0.14586623312004562, "check_collision": false}, {"head": [[0.9960119823916812, 0.06420985698170686, -0.06194534041057544, -0.016286828536878423], [-0.06468821000721559, 0.997888982632646, -0.005745765958084295, -0.003567973235912429], [0.06144563791072311, 0.00972998493171794, 0.9980630045117257, 0.010571311607997624], [0.0, 0.0, 0.0, 1.0]], "antennas": [-0.18782130009060133, 0.2668471433292856], "body_yaw": -0.14586623312004562, "check_collision": false}, {"head": [[0.9959960048943366, 0.06423372839550753, -0.062177056628091074, -0.016316138254712974], [-0.06472074397988412, 0.9978862758909243, -0.005848562834789146, -0.003534549606039522], [0.06166995648783101, 0.009849290581272922, 0.9980479988166073, 0.010571507800329782], [0.0, 0.0, 0.0, 1.0]], "antennas": [-0.18782130009060133, 0.2668471433292856], "body_yaw": -0.14586623312004562, "check_collision": false}, {"head": [[0.9959793436362295, 0.06426977357928502, -0.06240627575823443, -0.01635834286489732], [-0.06476499230647019, 0.9978828461914139, -0.00594315139178951, -0.0034923012549096053], [0.06189218707953549, 0.00996099799168277, 0.998033133566978, 0.010578043358496991], [0.0, 0.0, 0.0, 1.0]], "antennas": [-0.18782130009060133, 0.2668471433292856], "body_yaw": -0.14586623312004562, "check_collision": false}, {"head": [[0.9959613615567958, 0.06425943188887376, -0.06270320326149834, -0.01641001093373818], [-0.06476388453260112, 0.997882312558584, -0.0060439674867306895, -0.0034503441168985665], [0.062182035558362755, 0.010080461103141198, 0.9980139171162729, 0.010588775101459946], [0.0, 0.0, 0.0, 1.0]], "antennas": [-0.18782130009060133, 0.2668471433292856], "body_yaw": -0.14586623312004562, "check_collision": false}, {"head": [[0.9959632694735915, 0.06420647659410267, -0.0627271410383527, -0.016461214556027275], [-0.06471190511574179, 0.9978856034225029, -0.006057377188093945, -0.003409797746605079], [0.06220558813937601, 0.010092117987744426, 0.9980123315664773, 0.010601811603315525], [0.0, 0.0, 0.0, 1.0]], "antennas": [-0.18782130009060133, 0.2668471433292856], "body_yaw": -0.14586623312004562, "check_collision": false}, {"head": [[0.9960207050942745, 0.06394568893043764, -0.06207820785683045, -0.016261544330270508], [-0.06447632985508459, 0.9978975389061003, -0.006580633219240585, -0.0035709870597011497], [0.061526887715229586, 0.010557021945584317, 0.9980495936453849, 0.010476467032018766], [0.0, 0.0, 0.0, 1.0]], "antennas": [-0.18782130009060133, 0.2668471433292856], "body_yaw": -0.14586623312004562, "check_collision": false}, {"head": [[0.9960395361156275, 0.06373139226711973, -0.061996388074307886, -0.016274957492168833], [-0.06428083745969028, 0.9979079471224106, -0.006906736234798207, -0.0035414860168910475], [0.06142651243597142, 0.010864562100273869, 0.9980524760053064, 0.01047519944004438], [0.0, 0.0, 0.0, 1.0]], "antennas": [-0.18782130009060133, 0.2668471433292856], "body_yaw": -0.14586623312004562, "check_collision": false}, {"head": [[0.9960333069432923, 0.06368635870184589, -0.06214257135739696, -0.016276057135408802], [-0.06425219669116444, 0.9979080926071007, -0.007148001791976827, -0.0035143592817577386], [0.06155734464683537, 0.01111244458064945, 0.9980416859507787, 0.010477834535954078], [0.0, 0.0, 0.0, 1.0]], "antennas": [-0.18782130009060133, 0.2668471433292856], "body_yaw": -0.14586623312004562, "check_collision": false}, {"head": [[0.9960361201725231, 0.06356721009375287, -0.06221942713143321, -0.01624256507989694], [-0.0641502134173688, 0.9979127000095188, -0.007415745290798317, -0.0036006194353771573], [0.0616181582828721, 0.011377739696822282, 0.998034944082229, 0.010536692881993548], [0.0, 0.0, 0.0, 1.0]], "antennas": [-0.18782130009060133, 0.2668471433292856], "body_yaw": -0.14586623312004562, "check_collision": false}, {"head": [[0.9960086560779003, 0.06366975499652044, -0.06255333177839462, -0.016232804723585056], [-0.06426427898163697, 0.9979044546072117, -0.007536704986524803, -0.0035899154320808025], [0.06194238827220975, 0.011526568169521826, 0.9980131656252678, 0.010541374523184044], [0.0, 0.0, 0.0, 1.0]], "antennas": [-0.18782130009060133, 0.2668471433292856], "body_yaw": -0.14586623312004562, "check_collision": false}, {"head": [[0.9959938698836849, 0.0637107985180298, -0.06274667565948586, -0.016229452764512778], [-0.06431324937432248, 0.9979006151386459, -0.0076268119701941115, -0.00358519654554733], [0.06212903595773809, 0.011631700568167086, 0.9980003439041767, 0.010550719065905212], [0.0, 0.0, 0.0, 1.0]], "antennas": [-0.18782130009060133, 0.2668471433292856], "body_yaw": -0.14586623312004562, "check_collision": false}, {"head": [[0.9959878863436021, 0.06357548269522491, -0.06297847455181015, -0.016374650485977596], [-0.06419842081172512, 0.9979057605252926, -0.007915546457323836, -0.003969007597674941], [0.06234334785752605, 0.011926906996642185, 0.9979834947870676, 0.010753452442983424], [0.0, 0.0, 0.0, 1.0]], "antennas": [-0.18782130009060133, 0.2668471433292856], "body_yaw": -0.14586623312004562, "check_collision": false}, {"head": [[0.9959728850234324, 0.06368483534987446, -0.06310510315782836, -0.016374007355508154], [-0.06431404587646003, 0.9978977367603914, -0.007988145685280619, -0.003993077612519335], [0.062463715876510034, 0.012014521003687734, 0.9979749172619273, 0.010764865893971298], [0.0, 0.0, 0.0, 1.0]], "antennas": [-0.18782130009060133, 0.2668471433292856], "body_yaw": -0.14586623312004562, "check_collision": false}, {"head": [[0.995951263114277, 0.0639161081599938, -0.06321244037968964, -0.01636877552895068], [-0.06454360377616983, 0.9978833554018445, -0.007932983268639377, -0.004021587423598802], [0.06257159669259398, 0.011980823412257263, 0.9979685642131736, 0.010767684387908316], [0.0, 0.0, 0.0, 1.0]], "antennas": [-0.18782130009060133, 0.2668471433292856], "body_yaw": -0.14586623312004562, "check_collision": false}, {"head": [[0.9959282294681265, 0.06415816261422591, -0.06333002383111364, -0.01636085622681259], [-0.06478358487139457, 0.9978683034466905, -0.0078699496589599, -0.004048137102850433], [0.06269010192760652, 0.011940651003621608, 0.997961608466937, 0.0107747382822867], [0.0, 0.0, 0.0, 1.0]], "antennas": [-0.18782130009060133, 0.2668471433292856], "body_yaw": -0.14586623312004562, "check_collision": false}, {"head": [[0.995911614060346, 0.06422295087293275, -0.0635253458147984, -0.01649817257225529], [-0.06484961283350321, 0.99786416836284, -0.007850427560521416, -0.004345817972663302], [0.06288548874789474, 0.011937926064066786, 0.9979493480263554, 0.01107996596141081], [0.0, 0.0, 0.0, 1.0]], "antennas": [-0.18782130009060133, 0.2668471433292856], "body_yaw": -0.14586623312004562, "check_collision": false}, {"head": [[0.9959002528224209, 0.06428183503325363, -0.06364379084401087, -0.016494729570484663], [-0.06491058775215577, 0.9978601346623597, -0.007859214291992368, -0.004368365736175809], [0.06300239698541887, 0.011958149370840797, 0.9979417320854543, 0.011109211751262782], [0.0, 0.0, 0.0, 1.0]], "antennas": [-0.18782130009060133, 0.2668471433292856], "body_yaw": -0.14586623312004562, "check_collision": false}, {"head": [[0.9958908995098682, 0.06429855083210928, -0.06377313411081549, -0.01649134466259556], [-0.06493144657641958, 0.9978584584755411, -0.00789962621332476, -0.0043927246500025], [0.06312862677834018, 0.01200804770590699, 0.9979331557130335, 0.011142305890200599], [0.0, 0.0, 0.0, 1.0]], "antennas": [-0.18782130009060133, 0.2668471433292856], "body_yaw": -0.14586623312004562, "check_collision": false}, {"head": [[0.9958950576666785, 0.06435421177623582, -0.06365194059683063, -0.016621606092419243], [-0.0650025265352897, 0.9978516922770757, -0.008165277938027043, -0.004786532349189701], [0.06298972661563171, 0.012269296900624067, 0.9979387549817135, 0.011281104104456041], [0.0, 0.0, 0.0, 1.0]], "antennas": [-0.18782130009060133, 0.2668471433292856], "body_yaw": -0.14586623312004562, "check_collision": false}, {"head": [[0.9959002380594175, 0.06439340221481803, -0.06353113869904045, -0.016631653826175312], [-0.06503924535928839, 0.9978494372713962, -0.00814844158430216, -0.004835059120917024], [0.06286980512368659, 0.012247052231421649, 0.9979465904122079, 0.01131450170612347], [0.0, 0.0, 0.0, 1.0]], "antennas": [-0.18782130009060133, 0.2668471433292856], "body_yaw": -0.14586623312004562, "check_collision": false}, {"head": [[0.9958912165383674, 0.06451760104750459, -0.06354654968450643, -0.016641920263094308], [-0.0651554525008011, 0.9978429388755582, -0.008014757987907139, -0.004888647613480452], [0.06289238293423349, 0.012122231282396097, 0.9979466918015159, 0.011347785401161992], [0.0, 0.0, 0.0, 1.0]], "antennas": [-0.18782130009060133, 0.2668471433292856], "body_yaw": -0.14586623312004562, "check_collision": false}, {"head": [[0.9958558658775426, 0.0646970645683775, -0.06391701051774448, -0.016562350861538743], [-0.06530131841347499, 0.9978380917863378, -0.007408130240658229, -0.004702598306565801], [0.0632995435272026, 0.01155129501120097, 0.9979277205152748, 0.011291709661422344], [0.0, 0.0, 0.0, 1.0]], "antennas": [-0.18782130009060133, 0.2668471433292856], "body_yaw": -0.14586623312004562, "check_collision": false}, {"head": [[0.9958285081208071, 0.0648746657456861, -0.06416276301931653, -0.01656855962462267], [-0.06546508048369806, 0.9978293127423483, -0.007140439019812175, -0.0047501665627152165], [0.063560252132527, 0.01131107318154316, 0.9979139010818174, 0.011323857323951247], [0.0, 0.0, 0.0, 1.0]], "antennas": [-0.18782130009060133, 0.2668471433292856], "body_yaw": -0.14586623312004562, "check_collision": false}, {"head": [[0.9958130573528656, 0.06495728801342197, -0.06431878061250988, -0.016577451582323172], [-0.06554329266277288, 0.9978248850256761, -0.007040994987845117, -0.0047915597419858295], [0.06372151593034282, 0.011227179407050664, 0.9979045639990337, 0.011356892433018517], [0.0, 0.0, 0.0, 1.0]], "antennas": [-0.18782130009060133, 0.2668471433292856], "body_yaw": -0.14586623312004562, "check_collision": false}, {"head": [[0.9958087290740703, 0.06498751375218156, -0.06435524963975177, -0.016584927265930936], [-0.0655813651075734, 0.9978215622905423, -0.007156422198863546, -0.004825556052676464], [0.06374997765106992, 0.011346932817781364, 0.9979013916540636, 0.011386063260902635], [0.0, 0.0, 0.0, 1.0]], "antennas": [-0.18782130009060133, 0.2668471433292856], "body_yaw": -0.14586623312004562, "check_collision": false}, {"head": [[0.9958320035315285, 0.06491397706709624, -0.06406868442315919, -0.016594217898380177], [-0.06553036119005674, 0.9978219035719605, -0.007564424256340371, -0.00485086377681505], [0.06343809978776604, 0.011731339793975308, 0.9979168217651989, 0.011410113215903905], [0.0, 0.0, 0.0, 1.0]], "antennas": [-0.18782130009060133, 0.2668471433292856], "body_yaw": -0.14586623312004562, "check_collision": false}, {"head": [[0.9958394953119969, 0.06492285508145065, -0.06394311897945018, -0.016602398214632677], [-0.06555809447261976, 0.9978176024726978, -0.00788469687154935, -0.004874969480141758], [0.06329167264234867, 0.012043881588180549, 0.9979223963267001, 0.01143581686227535], [0.0, 0.0, 0.0, 1.0]], "antennas": [-0.18782130009060133, 0.2668471433292856], "body_yaw": -0.14586623312004562, "check_collision": false}, {"head": [[0.9958424181167694, 0.0649258585301231, -0.06389453163981537, -0.016610865357902054], [-0.0655713356810667, 0.9978153686737594, -0.008055431425433624, -0.004902394689056396], [0.06323193984329276, 0.012211590092016507, 0.9979241448382128, 0.011463904825744664], [0.0, 0.0, 0.0, 1.0]], "antennas": [-0.18782130009060133, 0.2668471433292856], "body_yaw": -0.14586623312004562, "check_collision": false}, {"head": [[0.995841810274644, 0.06496563372240932, -0.06386356820571604, -0.016615868987953572], [-0.065612694870408, 0.9978124091781198, -0.008085193998887574, -0.004932864054139022], [0.06319860109815031, 0.012241835042291021, 0.9979258861729335, 0.011487364764752983], [0.0, 0.0, 0.0, 1.0]], "antennas": [-0.18782130009060133, 0.2668471433292856], "body_yaw": -0.14586623312004562, "check_collision": false}, {"head": [[0.9958300340378112, 0.06505995650491687, -0.06395111701784151, -0.016620659411186664], [-0.06570112417205472, 0.9978074984797219, -0.007972343455187082, -0.0049659101524552485], [0.06329222377811969, 0.012140759334470883, 0.9979211874552031, 0.01151135289711791], [0.0, 0.0, 0.0, 1.0]], "antennas": [-0.18782130009060133, 0.2668471433292856], "body_yaw": -0.14586623312004562, "check_collision": false}, {"head": [[0.9958078911163384, 0.06520781061392125, -0.06414503430016781, -0.016623222701486945], [-0.06583063696261504, 0.9978015448797074, -0.007642268823163791, -0.005003376250058495], [0.06350567870298772, 0.011832940066107713, 0.9979113238669379, 0.011534365285950976], [0.0, 0.0, 0.0, 1.0]], "antennas": [-0.18782130009060133, 0.2668471433292856], "body_yaw": -0.14586623312004562, "check_collision": false}, {"head": [[0.9957743273749223, 0.06544642722739388, -0.06442246583444372, -0.016620040607741922], [-0.06605602679560474, 0.9977886514337994, -0.007376204572682763, -0.0050442194202897014], [0.06379725907120917, 0.011600527276341952, 0.9978954541944319, 0.011558307826910696], [0.0, 0.0, 0.0, 1.0]], "antennas": [-0.18782130009060133, 0.2668471433292856], "body_yaw": -0.14586623312004562, "check_collision": false}, {"head": [[0.9957528923007368, 0.0656885850484382, -0.06450726524238387, -0.016728787548645], [-0.06629707044232676, 0.9977729631831277, -0.0073356929819830465, -0.005261118800492896], [0.06388173389539711, 0.011581180211656017, 0.9978902746992891, 0.011564308702011084], [0.0, 0.0, 0.0, 1.0]], "antennas": [-0.18782130009060133, 0.2668471433292856], "body_yaw": -0.14586623312004562, "check_collision": false}, {"head": [[0.9957190661335427, 0.06592348628268366, -0.06478916031623355, -0.01673509090049589], [-0.06652325610143853, 0.9977593162475219, -0.007141655196102031, -0.005308652089807091], [0.06417318548902037, 0.011421068146824438, 0.9978734195611072, 0.011590488960645295], [0.0, 0.0, 0.0, 1.0]], "antennas": [-0.18782130009060133, 0.2668471433292856], "body_yaw": -0.14586623312004562, "check_collision": false}, {"head": [[0.9957111640408358, 0.06598447586397418, -0.06484849072569351, -0.016750061764982335], [-0.06658416954972426, 0.9977553510911382, -0.0071279544311875515, -0.005353773976170165], [0.06423259429462055, 0.01141526670543109, 0.9978696635915065, 0.011621448020182501], [0.0, 0.0, 0.0, 1.0]], "antennas": [-0.18782130009060133, 0.2668471433292856], "body_yaw": -0.14586623312004562, "check_collision": false}, {"head": [[0.9957081241196101, 0.06595937269406847, -0.06492066478411755, -0.01676925489584379], [-0.06656761252325157, 0.9977555871288696, -0.007248538892669793, -0.005396276128850316], [0.0642968469301647, 0.011539042721529317, 0.9978641019537227, 0.011654142262829903], [0.0, 0.0, 0.0, 1.0]], "antennas": [-0.18782130009060133, 0.2668471433292856], "body_yaw": -0.14586623312004562, "check_collision": false}, {"head": [[0.9957453930642651, 0.06563879097976696, -0.06467349774062757, -0.016527549455612457], [-0.06622256899627985, 0.9977808643803351, -0.006922285169259263, -0.004870424172727856], [0.06407560804881567, 0.011175678733126453, 0.9978824683588888, 0.011501561503443947], [0.0, 0.0, 0.0, 1.0]], "antennas": [-0.18782130009060133, 0.2668471433292856], "body_yaw": -0.14586623312004562, "check_collision": false}, {"head": [[0.9957539369396379, 0.0655160255056205, -0.06466643233671081, -0.016546107628152985], [-0.06610194676193937, 0.9977885947271644, -0.00696080934030118, -0.004883028861472086], [0.06406738408498701, 0.011205830372496917, 0.9978826582630692, 0.011550047702137523], [0.0, 0.0, 0.0, 1.0]], "antennas": [-0.18782130009060133, 0.2668471433292856], "body_yaw": -0.14586623312004562, "check_collision": false}, {"head": [[0.9957560777372919, 0.06534590169129971, -0.06480545333068459, -0.01653107932883024], [-0.06592458231942315, 0.9978012371334106, -0.006829393900272123, -0.004619063142294849], [0.06421668860393025, 0.011072682926304204, 0.9978745475246674, 0.011451666087494483], [0.0, 0.0, 0.0, 1.0]], "antennas": [-0.18782130009060133, 0.2668471433292856], "body_yaw": -0.14586623312004562, "check_collision": false}, {"head": [[0.9957898558641353, 0.06502149144032572, -0.06461244933416617, -0.016557812404443255], [-0.0656005237814488, 0.9978222566163608, -0.0068786249085664415, -0.004615212124470152], [0.06402448154951441, 0.011088275425368454, 0.9978867249895685, 0.011495407208490294], [0.0, 0.0, 0.0, 1.0]], "antennas": [-0.18782130009060133, 0.2668471433292856], "body_yaw": -0.14586623312004562, "check_collision": false}, {"head": [[0.9958246253243116, 0.06470874581310074, -0.06439016860507417, -0.01660564400256323], [-0.06530332075311776, 0.9978396977915701, -0.007170342379791295, -0.004459480738850897], [0.06378708251918865, 0.011345295347567192, 0.9978990391703795, 0.011449899577655409], [0.0, 0.0, 0.0, 1.0]], "antennas": [-0.18782130009060133, 0.2668471433292856], "body_yaw": -0.14586623312004562, "check_collision": false}, {"head": [[0.9958624250171911, 0.06425725170549851, -0.06425757575675903, -0.01662518116059581], [-0.06487424161126124, 0.997864812204433, -0.0075597182206243885, -0.004433718384632888], [0.06363460704870516, 0.011697100814635557, 0.9979047121936488, 0.011463430586756918], [0.0, 0.0, 0.0, 1.0]], "antennas": [-0.18782130009060133, 0.2668471433292856], "body_yaw": -0.14586623312004562, "check_collision": false}, {"head": [[0.995880766699168, 0.0639385030973929, -0.06429126177283151, -0.016625009647211135], [-0.0645887665277396, 0.997879211573237, -0.00808519315791549, -0.004413233498976219], [0.06363795846115128, 0.012204381657434947, 0.9978984233434068, 0.011449397759690672], [0.0, 0.0, 0.0, 1.0]], "antennas": [-0.18782130009060133, 0.2668471433292856], "body_yaw": -0.14586623312004562, "check_collision": false}, {"head": [[0.9958866011369428, 0.06380168282260072, -0.06433679308850074, -0.016617414087663318], [-0.06447931237478284, 0.9978827606804292, -0.008509654075276433, -0.00439651059735746], [0.06365764645023783, 0.012623042652623387, 0.997891959503937, 0.011423495204226364], [0.0, 0.0, 0.0, 1.0]], "antennas": [-0.18782130009060133, 0.2668471433292856], "body_yaw": -0.14586623312004562, "check_collision": false}, {"head": [[0.9958889682449236, 0.06386104061501116, -0.06424118943193455, -0.016702976775020775], [-0.06456153720550237, 0.9978741648539067, -0.008885889419795463, -0.004698246155417902], [0.06353716110847524, 0.012996869187854154, 0.9978948394242699, 0.011479593470038019], [0.0, 0.0, 0.0, 1.0]], "antennas": [-0.18782130009060133, 0.2668471433292856], "body_yaw": -0.14586623312004562, "check_collision": false}, {"head": [[0.9958833691317962, 0.06392071385835602, -0.06426863485823023, -0.016701875387772593], [-0.06463743560167345, 0.9978670189595185, -0.009133147961315617, -0.004697859186928503], [0.0635477537411187, 0.013249709909350515, 0.9978908398125398, 0.011445693426914594], [0.0, 0.0, 0.0, 1.0]], "antennas": [-0.18782130009060133, 0.2668471433292856], "body_yaw": -0.14586623312004562, "check_collision": false}, {"head": [[0.9958950920820756, 0.06386956772693776, -0.06413769472944922, -0.016708659006488942], [-0.06461497875685897, 0.9978639593217402, -0.009613698923453217, -0.00459469896436899], [0.06338667120999944, 0.01371849135707906, 0.9978947504159951, 0.011312349640057229], [0.0, 0.0, 0.0, 1.0]], "antennas": [-0.18782130009060133, 0.2668471433292856], "body_yaw": -0.14586623312004562, "check_collision": false}, {"head": [[0.9959031618512236, 0.06384444498104232, -0.06403732552034229, -0.016703655993029594], [-0.06462049144117694, 0.9978586015123745, -0.010119460147122585, -0.0045887239630699374], [0.06325412477172061, 0.01421612580244997, 0.997896195737078, 0.011258641220588395], [0.0, 0.0, 0.0, 1.0]], "antennas": [-0.18782130009060133, 0.2668471433292856], "body_yaw": -0.14586623312004562, "check_collision": false}, {"head": [[0.9959088043720988, 0.06381899831038405, -0.06397490780607631, -0.016693374714215815], [-0.06464152893934726, 0.9978493599139694, -0.010868654731164386, -0.00458014655415028], [0.06314369414692411, 0.014