{"description": "Used to celebrate something, it could be good news or an achievement.", "time": [0.0, 0.010066986083984375, 0.0200955867767334, 0.030089139938354492, 0.040167808532714844, 0.05026841163635254, 0.06028008460998535, 0.07035017013549805, 0.08040833473205566, 0.09042978286743164, 0.10049128532409668, 0.11056923866271973, 0.12074136734008789, 0.13071513175964355, 0.14083313941955566, 0.15093278884887695, 0.16097736358642578, 0.17113208770751953, 0.18109345436096191, 0.191209077835083, 0.20117640495300293, 0.21122169494628906, 0.22126364707946777, 0.23130154609680176, 0.24133777618408203, 0.25145602226257324, 0.2614445686340332, 0.2714986801147461, 0.28188037872314453, 0.2916572093963623, 0.30168914794921875, 0.3118107318878174, 0.3218653202056885, 0.33187174797058105, 0.3420548439025879, 0.3520512580871582, 0.36203980445861816, 0.3721425533294678, 0.3824734687805176, 0.3924379348754883, 0.4024789333343506, 0.41255807876586914, 0.42247700691223145, 0.43251657485961914, 0.4425814151763916, 0.4526941776275635, 0.462691068649292, 0.47287487983703613, 0.48291730880737305, 0.492950439453125, 0.5029299259185791, 0.5129907131195068, 0.5230593681335449, 0.5331239700317383, 0.5431866645812988, 0.5533387660980225, 0.5632693767547607, 0.5733168125152588, 0.5836262702941895, 0.5937159061431885, 0.6036050319671631, 0.6136558055877686, 0.6236851215362549, 0.6338033676147461, 0.6437828540802002, 0.6541180610656738, 0.6640839576721191, 0.6741321086883545, 0.684584379196167, 0.694373607635498, 0.704413890838623, 0.7146415710449219, 0.724689245223999, 0.7345430850982666, 0.7446322441101074, 0.7546885013580322, 0.7647109031677246, 0.7748291492462158, 0.7849233150482178, 0.7949457168579102, 0.8050172328948975, 0.8150951862335205, 0.8251380920410156, 0.8352248668670654, 0.8452370166778564, 0.8553545475006104, 0.8653481006622314, 0.8754045963287354, 0.8854732513427734, 0.8955585956573486, 0.9055600166320801, 0.9156839847564697, 0.9256985187530518, 0.935776948928833, 0.945878267288208, 0.9559054374694824, 0.9659175872802734, 0.9759976863861084, 0.9864051342010498, 0.996401309967041, 1.0063128471374512, 1.016444206237793, 1.0262846946716309, 1.0365080833435059, 1.046553134918213, 1.0565342903137207, 1.0665786266326904, 1.0766253471374512, 1.0867493152618408, 1.096766710281372, 1.1068933010101318, 1.1169888973236084, 1.1269168853759766, 1.1370277404785156, 1.1471326351165771, 1.1571731567382812, 1.1673109531402588, 1.1773078441619873, 1.1873748302459717, 1.197396993637085, 1.2077322006225586, 1.21757173538208, 1.2276806831359863, 1.237635850906372, 1.2479517459869385, 1.2577450275421143, 1.2677698135375977, 1.2778735160827637, 1.2879550457000732, 1.297966718673706, 1.3080618381500244, 1.3182299137115479, 1.3281564712524414, 1.3382527828216553, 1.3483049869537354, 1.3583152294158936, 1.368422508239746, 1.3785006999969482, 1.388530969619751, 1.3985378742218018, 1.408618688583374, 1.418713092803955, 1.4287097454071045, 1.438894510269165, 1.4488887786865234, 1.4588994979858398, 1.4689915180206299, 1.4790570735931396, 1.4892528057098389, 1.4991965293884277, 1.5092122554779053, 1.5193839073181152, 1.5293049812316895, 1.5394666194915771, 1.549604892730713, 1.5596003532409668, 1.5697343349456787, 1.5797195434570312, 1.589740514755249, 1.6000564098358154, 1.6106226444244385, 1.6205852031707764, 1.6308109760284424, 1.6405596733093262, 1.6506285667419434, 1.660428762435913, 1.6704511642456055, 1.6805579662322998, 1.690580129623413, 1.7006165981292725, 1.7107105255126953, 1.7210767269134521, 1.7308127880096436, 1.7410459518432617, 1.7510366439819336, 1.7610619068145752, 1.771066427230835, 1.7811689376831055, 1.791175127029419, 1.801206350326538, 1.8113932609558105, 1.8213691711425781, 1.8313875198364258, 1.8414640426635742, 1.8515565395355225, 1.8615965843200684, 1.8716950416564941, 1.8817601203918457, 1.8919341564178467, 1.9019477367401123, 1.91196870803833, 1.9220046997070312, 1.9320378303527832, 1.9421322345733643, 1.952246904373169, 1.9621891975402832, 1.9725744724273682, 1.9825854301452637, 1.9924321174621582, 2.0024349689483643, 2.0125672817230225, 2.0226047039031982, 2.032655954360962, 2.0426793098449707, 2.0527637004852295, 2.0629868507385254, 2.072882652282715, 2.0829837322235107, 2.0929696559906006, 2.1030633449554443, 2.113112211227417, 2.1231942176818848, 2.133301258087158, 2.14326810836792, 2.1533169746398926, 2.163625955581665, 2.173583984375, 2.183631658554077, 2.1936216354370117, 2.2037198543548584, 2.213785171508789, 2.2238709926605225, 2.2339677810668945, 2.243959665298462, 2.254063129425049, 2.2642083168029785, 2.2741222381591797, 2.2842347621917725, 2.294295310974121, 2.3043203353881836, 2.314429521560669, 2.324470281600952, 2.3344762325286865, 2.34466814994812, 2.355264186859131, 2.364809513092041, 2.374955415725708, 2.3848800659179688, 2.3948850631713867, 2.4049460887908936, 2.4150049686431885, 2.425105094909668], "set_target_data": [{"head": [[0.9924163968132076, 0.11781655506495894, -0.03505645003299527, -0.008339251381445728], [-0.11754028197854899, 0.9930192919329126, 0.009847231157051738, 0.0011981845876063843], [0.035971898041298654, -0.005652008641422862, 0.9993368187701402, 0.014113708521093945], [0.0, 0.0, 0.0, 1.0]], "antennas": [-0.09128203894763372, 0.0913405652188118], "body_yaw": -0.14586623312004562, "check_collision": false}, {"head": [[0.992396859701528, 0.11794658719243606, -0.03517208302336646, -0.008316332218012316], [-0.11767271020553358, 0.9930044202436523, 0.009764970530028576, 0.0014210513416630767], [0.036077778859431205, -0.005551931756144756, 0.9993335628939644, 0.013935781654828113], [0.0, 0.0, 0.0, 1.0]], "antennas": [-0.09128203894763372, 0.0913405652188118], "body_yaw": -0.14586623312004562, "check_collision": false}, {"head": [[0.9924049176133289, 0.1179127279138025, -0.03505806744256416, -0.008205081728627037], [-0.11763383510840586, 0.9930074759785164, 0.009921365252062582, 0.001463343110086523], [0.03598277830532514, -0.005721996740826947, 0.9993360287804738, 0.013913305038382947], [0.0, 0.0, 0.0, 1.0]], "antennas": [-0.09128203894763372, 0.0913405652188118], "body_yaw": -0.14586623312004562, "check_collision": false}, {"head": [[0.9923912085296973, 0.11796772494900072, -0.03526053180716206, -0.00817205258946134], [-0.1176835386665168, 0.9930004296838598, 0.010036502109626026, 0.0014786112694433516], [0.03619770655571175, -0.005810552299652526, 0.999327755804911, 0.01390403450556454], [0.0, 0.0, 0.0, 1.0]], "antennas": [-0.09128203894763372, 0.0913405652188118], "body_yaw": -0.14586623312004562, "check_collision": false}, {"head": [[0.9923692117026875, 0.11807912660815172, -0.03550588013332851, -0.008135765064083672], [-0.11779370406015906, 0.992987400216062, 0.010033259487002785, 0.0014977959088584665], [0.03644161012323525, -0.005774328671104685, 0.9993191012784775, 0.013888649754802192], [0.0, 0.0, 0.0, 1.0]], "antennas": [-0.09128203894763372, 0.0913405652188118], "body_yaw": -0.14586623312004562, "check_collision": false}, {"head": [[0.9923250601660248, 0.11830189176333494, -0.0359949631436353, -0.008244859338749123], [-0.11801796638913964, 0.9929619047614352, 0.009920448675066236, 0.0016280295098505615], [0.036915235010323164, -0.0055962574778951925, 0.9993027305708586, 0.013731230680840475], [0.0, 0.0, 0.0, 1.0]], "antennas": [-0.09128203894763372, 0.0913405652188118], "body_yaw": -0.14586623312004562, "check_collision": false}, {"head": [[0.9923121495425489, 0.11835658466960106, -0.03617066125458883, -0.008237138251838985], [-0.11807915143991621, 0.9929566136602044, 0.009719947720510934, 0.001654735251851231], [0.037066317128573625, -0.005374221228018896, 0.9992983567887604, 0.013700837640992943], [0.0, 0.0, 0.0, 1.0]], "antennas": [-0.09128203894763372, 0.0913405652188118], "body_yaw": -0.14586623312004562, "check_collision": false}, {"head": [[0.9923271297517071, 0.11826543701569797, -0.03605764781879616, -0.00818319530479331], [-0.11799278596669169, 0.9929679940232804, 0.009605483080041555, 0.0017313562979882772], [0.03694008687803594, -0.005277239133150662, 0.9993035478414827, 0.013717922399827606], [0.0, 0.0, 0.0, 1.0]], "antennas": [-0.09128203894763372, 0.0913405652188118], "body_yaw": -0.14586623312004562, "check_collision": false}, {"head": [[0.9923341200152701, 0.11823410514570624, -0.03596791116973197, -0.008181035520781678], [-0.11796231884143256, 0.9929717214531228, 0.009594359174745937, 0.001757121261963225], [0.036849499142754344, -0.005277951763317697, 0.9993068886173618, 0.013705663288975597], [0.0, 0.0, 0.0, 1.0]], "antennas": [-0.09128203894763372, 0.0913405652188118], "body_yaw": -0.14586623312004562, "check_collision": false}, {"head": [[0.9923536215159123, 0.11818806058407885, -0.035579097791088594, -0.00811147231185224], [-0.11791293367242822, 0.9929761529898411, 0.009741645972709033, 0.001808760994301723], [0.03648054189585568, -0.005471921862578244, 0.9993193824469306, 0.013729109055641394], [0.0, 0.0, 0.0, 1.0]], "antennas": [-0.09128203894763372, 0.0913405652188118], "body_yaw": -0.14586623312004562, "check_collision": false}, {"head": [[0.9923447364489252, 0.11829114087742186, -0.03548422229711896, -0.008232190008634541], [-0.11801380418863928, 0.9929634139211452, 0.009818382503761571, 0.0015248782406472256], [0.036395962180424936, -0.005555592136091669, 0.9993220048277626, 0.013919856736465671], [0.0, 0.0, 0.0, 1.0]], "antennas": [-0.09128203894763372, 0.0913405652188118], "body_yaw": -0.14586623312004562, "check_collision": false}, {"head": [[0.9923466337998862, 0.1183075621221643, -0.03537625094247263, -0.008236557078357108], [-0.11802699577205693, 0.9929607946295388, 0.009924142164318379, 0.0015320582395424174], [0.036301331312465886, -0.005672836449694417, 0.999324788180278, 0.013927092240513469], [0.0, 0.0, 0.0, 1.0]], "antennas": [-0.09128203894763372, 0.0913405652188118], "body_yaw": -0.14586623312004562, "check_collision": false}, {"head": [[0.9923284418936588, 0.11841270209136343, -0.035534425453715365, -0.008328837430158376], [-0.11812832706246679, 0.9929479258870093, 0.010005739458390284, 0.0013387998304583816], [0.036468640697543395, -0.005731357614764996, 0.9993183625779951, 0.014023123799292044], [0.0, 0.0, 0.0, 1.0]], "antennas": [-0.09128203894763372, 0.0913405652188118], "body_yaw": -0.14586623312004562, "check_collision": false}, {"head": [[0.9923217688473921, 0.11847117511197043, -0.03552587422107741, -0.008343498560289233], [-0.11818092853346863, 0.9929400083464162, 0.010168970252010866, 0.001322903732394601], [0.03647979170102473, -0.005892409745421788, 0.9993170189208437, 0.014028524504759107], [0.0, 0.0, 0.0, 1.0]], "antennas": [-0.09128203894763372, 0.0913405652188118], "body_yaw": -0.14586623312004562, "check_collision": false}, {"head": [[0.9923105951165547, 0.1185604801449803, -0.03554005299968917, -0.008355710868528703], [-0.11826523028642094, 0.9929285667213218, 0.010305178020850587, 0.0013057403614501447], [0.03651052074031272, -0.0060227847822524406, 0.9993151194386772, 0.014026376731223086], [0.0, 0.0, 0.0, 1.0]], "antennas": [-0.09128203894763372, 0.0913405652188118], "body_yaw": -0.14586623312004562, "check_collision": false}, {"head": [[0.9922936986297467, 0.11866740795939326, -0.0356547605222121, -0.008416887815001637], [-0.1183691581442873, 0.9929155077290399, 0.01037000054944932, 0.0010640501515739873], [0.03663274573261019, -0.006069662213155157, 0.9993103627705999, 0.014137125421182947], [0.0, 0.0, 0.0, 1.0]], "antennas": [-0.09128203894763372, 0.0913405652188118], "body_yaw": -0.14586623312004562, "check_collision": false}, {"head": [[0.9922704800421199, 0.11883325183196355, -0.035748464247046544, -0.008398707450926496], [-0.11853557458804884, 0.9928959487787526, 0.010341782042866548, 0.0009569758765873787], [0.03672345291584582, -0.006024380282002181, 0.9993073075126369, 0.014187930385818445], [0.0, 0.0, 0.0, 1.0]], "antennas": [-0.09128203894763372, 0.0913405652188118], "body_yaw": -0.14586623312004562, "check_collision": false}, {"head": [[0.9922630323141086, 0.11888122100400463, -0.03579567006507171, -0.008396621311387922], [-0.11858597444528475, 0.9928906880059203, 0.010268804019596374, 0.0009243456253597857], [0.03676195543864242, -0.005944490199135568, 0.999306370273201, 0.0141862410580702], [0.0, 0.0, 0.0, 1.0]], "antennas": [-0.09128203894763372, 0.0913405652188118], "body_yaw": -0.14586623312004562, "check_collision": false}, {"head": [[0.9922549913558806, 0.11892695654557188, -0.035866574078790514, -0.00839963913902433], [-0.11863429275677591, 0.992885747651173, 0.010188066218432084, 0.000891454416583083], [0.03682304592834898, -0.00585415390805764, 0.9993046543324913, 0.014190429716857685], [0.0, 0.0, 0.0, 1.0]], "antennas": [-0.09128203894763372, 0.0913405652188118], "body_yaw": -0.14586623312004562, "check_collision": false}, {"head": [[0.992266000859001, 0.11883915243291548, -0.035853024813970145, -0.008430394153900553], [-0.11854429960294796, 0.9928958781402989, 0.010248131715147907, 0.0006958785215029689], [0.03681619984370187, -0.005918700958046905, 0.9993045263622284, 0.014300987430764241], [0.0, 0.0, 0.0, 1.0]], "antennas": [-0.09128203894763372, 0.0913405652188118], "body_yaw": -0.14586623312004562, "check_collision": false}, {"head": [[0.9922594513776736, 0.11886189818651748, -0.035958730666923566, -0.008446638717764358], [-0.1185617234699498, 0.9928924738489135, 0.010375601284735983, 0.0006522327539269833], [0.03693641671187872, -0.006031959356843416, 0.9992994128822472, 0.0143262821058141], [0.0, 0.0, 0.0, 1.0]], "antennas": [-0.09128203894763372, 0.0913405652188118], "body_yaw": -0.14586623312004562, "check_collision": false}, {"head": [[0.9922465950580835, 0.11898945080522871, -0.035891575511665476, -0.008463256214667599], [-0.11868929486259897, 0.9928770995037113, 0.010388289855237307, 0.0007083037750661532], [0.03687202029532107, -0.0060477994483483484, 0.9993016953058641, 0.01426549186999326], [0.0, 0.0, 0.0, 1.0]], "antennas": [-0.09128203894763372, 0.0913405652188118], "body_yaw": -0.14586623312004562, "check_collision": false}, {"head": [[0.9922531721190522, 0.11893142490870601, -0.035902069423124884, -0.008615214034977971], [-0.1186296687258149, 0.9928837994702696, 0.01042892360142779, 0.0002589860821027934], [0.03688690984185947, -0.006089081923067462, 0.9993008951080011, 0.01457059296090435], [0.0, 0.0, 0.0, 1.0]], "antennas": [-0.09128203894763372, 0.0913405652188118], "body_yaw": -0.14586623312004562, "check_collision": false}, {"head": [[0.9922770335732596, 0.11880422700870785, -0.03566292595842074, -0.00864719428097908], [-0.11850607517507572, 0.9928991933734767, 0.010368314467598254, 0.00019942175052305774], [0.03664149000316017, -0.006061966938471339, 0.9993100888949262, 0.01460207325106666], [0.0, 0.0, 0.0, 1.0]], "antennas": [-0.09128203894763372, 0.0913405652188118], "body_yaw": -0.14586623312004562, "check_collision": false}, {"head": [[0.9922917056080244, 0.11873246602220837, -0.035493273923424905, -0.008667989673281293], [-0.11843847557226057, 0.9929081638577337, 0.010281325244500728, 0.00014088009073403348], [0.036462288540863357, -0.0059983045062173505, 0.9993170277031278, 0.0146247683075158], [0.0, 0.0, 0.0, 1.0]], "antennas": [-0.09128203894763372, 0.0913405652188118], "body_yaw": -0.14586623312004562, "check_collision": false}, {"head": [[0.9923067800125821, 0.11867947625503163, -0.03524820927213907, -0.00845078318624539], [-0.11838918215651091, 0.9929146844574178, 0.010219145616872021, 0.0005225047665085589], [0.03621126743671927, -0.005967520813347878, 0.9993263394937455, 0.014545380191261833], [0.0, 0.0, 0.0, 1.0]], "antennas": [-0.09128203894763372, 0.0913405652188118], "body_yaw": -0.14586623312004562, "check_collision": false}, {"head": [[0.9923067127663862, 0.11873286407931508, -0.03506985580653865, -0.008333532755327708], [-0.11845102874428567, 0.9929093884256387, 0.010014997036654446, 0.0008399642236938025], [0.03601029836295347, -0.0057838882896094086, 0.9993346811994789, 0.014385663674669976], [0.0, 0.0, 0.0, 1.0]], "antennas": [-0.09128203894763372, 0.0913405652188118], "body_yaw": -0.14586623312004562, "check_collision": false}, {"head": [[0.992290948188418, 0.11884526499981012, -0.03513512673174502, -0.008303782426616873], [-0.11856751444842657, 0.9928967056182159, 0.009893254773664992, 0.000838069647136259], [0.03606131806871498, -0.0056511025136161495, 0.9993336011460479, 0.014412170754609096], [0.0, 0.0, 0.0, 1.0]], "antennas": [-0.09128203894763372, 0.0913405652188118], "body_yaw": -0.14586623312004562, "check_collision": false}, {"head": [[0.9922746201351628, 0.1189498900014019, -0.035242047390483464, -0.00827723119988891], [-0.11867692139248574, 0.9928850892521739, 0.009746172043669536, 0.0008382371417106254], [0.03615060946125874, -0.005488461474533468, 0.999331281520909, 0.014439890183600475], [0.0, 0.0, 0.0, 1.0]], "antennas": [-0.09128203894763372, 0.0913405652188118], "body_yaw": -0.14586623312004562, "check_collision": false}, {"head": [[0.9922729949056867, 0.11894986161544198, -0.035287873307502986, -0.008232391880804553], [-0.11867951995828833, 0.9928855557147779, 0.009666684820916475, 0.001059332410114056], [0.03618667052064089, -0.00540404243357678, 0.9993304364433251, 0.014334719762560729], [0.0, 0.0, 0.0, 1.0]], "antennas": [-0.09128203894763372, 0.0913405652188118], "body_yaw": -0.14586623312004562, "check_collision": false}, {"head": [[0.9922609244680728, 0.11899768578957169, -0.035465596716986375, -0.008212245913585499], [-0.1187268302037739, 0.9928800108305509, 0.009655251570484285, 0.00106712491103553], [0.036362034645077146, -0.005369810969807386, 0.9993242554679731, 0.01436161029695315], [0.0, 0.0, 0.0, 1.0]], "antennas": [-0.09128203894763372, 0.0913405652188118], "body_yaw": -0.14586623312004562, "check_collision": false}, {"head": [[0.9922525405387226, 0.11903174640734021, -0.03558565921364424, -0.00831553941764666], [-0.11876126626591418, 0.9928761581005129, 0.009627892317759013, 0.0008248694947996368], [0.03647817744032187, -0.0053271026632099455, 0.999320251244739, 0.01435118490170961], [0.0, 0.0, 0.0, 1.0]], "antennas": [-0.09128203894763372, 0.0913405652188118], "body_yaw": -0.14586623312004562, "check_collision": false}, {"head": [[0.9922579875287008, 0.1189707012411055, -0.03563787916938927, -0.008340378659562935], [-0.11870407726812253, 0.9928840976271623, 0.009513712157661969, 0.0008313689485099892], [0.03651613650724799, -0.005209695316893803, 0.9993194838735452, 0.014315415836850472], [0.0, 0.0, 0.0, 1.0]], "antennas": [-0.09128203894763372, 0.0913405652188118], "body_yaw": -0.14586623312004562, "check_collision": false}, {"head": [[0.992274972681, 0.11886562936278387, -0.03551535931270062, -0.008344555753995786], [-0.11859872241150705, 0.9928964618446351, 0.009537247965927032, 0.0008165928276353479], [0.0363967255845802, -0.005251496224370255, 0.9993236213330127, 0.01432525243065674], [0.0, 0.0, 0.0, 1.0]], "antennas": [-0.09128203894763372, 0.0913405652188118], "body_yaw": -0.14586623312004562, "check_collision": false}, {"head": [[0.9922811988409045, 0.11884141623441498, -0.03542231237871932, -0.008383895120308387], [-0.11857957065606946, 0.9928999542368949, 0.009410966974429894, 0.000847301984590835], [0.03628922498317197, -0.005137962998125745, 0.9993281210325016, 0.014288641627848483], [0.0, 0.0, 0.0, 1.0]], "antennas": [-0.09128203894763372, 0.0913405652188118], "body_yaw": -0.14586623312004562, "check_collision": false}, {"head": [[0.9923037251880371, 0.11870724628990365, -0.03524069602338326, -0.008388504272634986], [-0.1184467820012251, 0.9929159421855651, 0.00939636032225007, 0.0008340925196561851], [0.036106464954334706, -0.0051498963115246925, 0.999334679552592, 0.014298959386981], [0.0, 0.0, 0.0, 1.0]], "antennas": [-0.09128203894763372, 0.0913405652188118], "body_yaw": -0.14586623312004562, "check_collision": false}, {"head": [[0.9923181886312715, 0.118639688581729, -0.03506047353905421, -0.008405970066072587], [-0.11838870051731352, 0.9929251014033788, 0.009157433751437488, 0.0007465123582000568], [0.03589885933249423, -0.0049363241709270336, 0.999343236632092, 0.01432116335873945], [0.0, 0.0, 0.0, 1.0]], "antennas": [-0.09128203894763372, 0.0913405652188118], "body_yaw": -0.14586623312004562, "check_collision": false}, {"head": [[0.9923216716815402, 0.11860884007522599, -0.035066265372334496, -0.008407011565897727], [-0.11835968316879933, 0.9929290416886043, 0.009105139841397516, 0.0007303988008379681], [0.03589826334706127, -0.004884795528927226, 0.999343511241908, 0.014334801999650756], [0.0, 0.0, 0.0, 1.0]], "antennas": [-0.09128203894763372, 0.0913405652188118], "body_yaw": -0.14586623312004562, "check_collision": false}, {"head": [[0.9923128376113262, 0.11867229663932155, -0.03510154301603427, -0.008406083015937128], [-0.11842537714351561, 0.9929218111275864, 0.009039194407121122, 0.0007136456402924004], [0.03592578962491601, -0.004812795181857597, 0.9993428714121914, 0.014346161748084226], [0.0, 0.0, 0.0, 1.0]], "antennas": [-0.09128203894763372, 0.0913405652188118], "body_yaw": -0.14586623312004562, "check_collision": false}, {"head": [[0.9923131114994914, 0.11867077352387834, -0.03509894952049754, -0.008384627676054423], [-0.11842775967905456, 0.9929225074138989, 0.008930845889177015, 0.0007765720914119428], [0.03591036735537746, -0.004705505513810937, 0.9993439366575761, 0.014314138007527673], [0.0, 0.0, 0.0, 1.0]], "antennas": [-0.09128203894763372, 0.0913405652188118], "body_yaw": -0.14586623312004562, "check_collision": false}, {"head": [[0.9923158320808598, 0.11864733793734852, -0.03510126211479887, -0.008379719247052574], [-0.11840792753779336, 0.9929257758842978, 0.008829851684507187, 0.0007602423566937704], [0.03590058631660316, -0.004605733920488134, 0.9993447528841977, 0.014317451071719885], [0.0, 0.0, 0.0, 1.0]], "antennas": [-0.09128203894763372, 0.0913405652188118], "body_yaw": -0.14586623312004562, "check_collision": false}, {"head": [[0.9923236523108422, 0.1185718942264791, -0.03513509590160836, -0.008367175878582371], [-0.11834175252345674, 0.9929359734888621, 0.008566338856391593, 0.0007699919749176972], [0.035902627677476276, -0.004342631836830734, 0.9993458574860767, 0.014339860418335456], [0.0, 0.0, 0.0, 1.0]], "antennas": [-0.09128203894763372, 0.0913405652188118], "body_yaw": -0.14586623312004562, "check_collision": false}, {"head": [[0.9923120778341479, 0.11864900695769319, -0.03520160979882527, -0.00834329970767278], [-0.11842362101485764, 0.9929274009996882, 0.008427474694895725, 0.0008034235562522701], [0.035952554432263216, -0.004193982827457696, 0.9993446974582082, 0.014282807751796241], [0.0, 0.0, 0.0, 1.0]], "antennas": [-0.09128203894763372, 0.0913405652188118], "body_yaw": -0.14586623312004562, "check_collision": false}, {"head": [[0.9923083772994853, 0.11864383884821239, -0.0353231346941531, -0.00833403656684787], [-0.11841962279241242, 0.9929282724058348, 0.008380858838241724, 0.0007914500798336449], [0.03606767637323802, -0.0041334441478245105, 0.9993408014088646, 0.014292968141514813], [0.0, 0.0, 0.0, 1.0]], "antennas": [-0.09128203894763372, 0.0913405652188118], "body_yaw": -0.14586623312004562, "check_collision": false}, {"head": [[0.9923066095419145, 0.11861776745154737, -0.035460088892172954, -0.008325468618268522], [-0.11839484042396395, 0.9929316623580545, 0.008329204515095686, 0.0007760458288351849], [0.036197436655297684, -0.0040668331267474135, 0.9993363830302111, 0.01430477145526143], [0.0, 0.0, 0.0, 1.0]], "antennas": [-0.09128203894763372, 0.0913405652188118], "body_yaw": -0.14586623312004562, "check_collision": false}, {"head": [[0.9923332383949146, 0.11840612083772702, -0.03542223207002861, -0.008211284053102862], [-0.11818097952060812, 0.9929566191440993, 0.008390981913317956, 0.0010285838879020648], [0.036166283417168814, -0.004140416172513685, 0.9993372088027681, 0.014298651009675752], [0.0, 0.0, 0.0, 1.0]], "antennas": [-0.09128203894763372, 0.0913405652188118], "body_yaw": -0.14586623312004562, "check_collision": false}, {"head": [[0.9923290767511925, 0.11839520152654474, -0.035574986853329986, -0.008368263694388055], [-0.11817865545617619, 0.9929590112630164, 0.008136789670569793, 0.0009266964749763086], [0.03628786062440357, -0.0038701688673174815, 0.9993338846272762, 0.014320133699896816], [0.0, 0.0, 0.0, 1.0]], "antennas": [-0.09128203894763372, 0.0913405652188118], "body_yaw": -0.14586623312004562, "check_collision": false}, {"head": [[0.9923369380945889, 0.11834640174466089, -0.03551803045140996, -0.00838053019491999], [-0.11813616294493746, 0.9929654363207813, 0.007968015871436564, 0.0009230516211325675], [0.03621116261186795, -0.0037109926396594294, 0.999337270512776, 0.014332697867700746], [0.0, 0.0, 0.0, 1.0]], "antennas": [-0.09128203894763372, 0.0913405652188118], "body_yaw": -0.14586623312004562, "check_collision": false}, {"head": [[0.9923175702083943, 0.11854543151415599, -0.03539520479994876, -0.008406408151275843], [-0.11834496909634824, 0.9929425828727746, 0.007713326618702379, 0.000832696151073369], [0.036059785707795666, -0.003465225110285623, 0.9993436266218153, 0.014396289436016115], [0.0, 0.0, 0.0, 1.0]], "antennas": [-0.09128203894763372, 0.0913405652188118], "body_yaw": -0.14586623312004562, "check_collision": false}, {"head": [[0.9923258536804656, 0.11848404853567124, -0.03536849388836468, -0.008418249066710383], [-0.11829176344061795, 0.9929506479476541, 0.0074879531543827465, 0.0008240143411647827], [0.036006371928361085, -0.003246687993948819, 0.9993462864280959, 0.014406103025371816], [0.0, 0.0, 0.0, 1.0]], "antennas": [-0.09128203894763372, 0.0913405652188118], "body_yaw": -0.14586623312004562, "check_collision": false}, {"head": [[0.9923368349125611, 0.11838705010036621, -0.03538520092148125, -0.008433857760194965], [-0.11820186331893542, 0.9929628432247598, 0.007287762546393586, 0.0008161700722362159], [0.035998966424772884, -0.003049318536048525, 0.9993471749461312, 0.014419125638170934], [0.0, 0.0, 0.0, 1.0]], "antennas": [-0.09128203894763372, 0.0913405652188118], "body_yaw": -0.14586623312004562, "check_collision": false}, {"head": [[0.9923421700421424, 0.11832923003406168, -0.035428955327497194, -0.008461041005618612], [-0.11814771454228945, 0.9929700637046809, 0.007181234904645925, 0.0007695260397404683], [0.03602964202549566, -0.0029403921282940516, 0.9993463958956607, 0.014389492814700585], [0.0, 0.0, 0.0, 1.0]], "antennas": [-0.09128203894763372, 0.0913405652188118], "body_yaw": -0.14586623312004562, "check_collision": false}, {"head": [[0.9923557546293625, 0.11822813824523631, -0.035385923487363885, -0.00848536969891972], [-0.1180475014875263, 0.9929821459168974, 0.00715858106232161, 0.0007467476754790285], [0.03598393595120962, -0.002926639256663545, 0.9993480830702185, 0.014410948254588659], [0.0, 0.0, 0.0, 1.0]], "antennas": [-0.09128203894763372, 0.0913405652188118], "body_yaw": -0.14586623312004562, "check_collision": false}, {"head": [[0.9923813366964975, 0.1180620131394691, -0.03522277146859679, -0.00855402626652052], [-0.11788264970751985, 0.9930019101173395, 0.007133540583021122, 0.0006289584085660974], [0.03581847950998671, -0.002927038908396592, 0.9993540258431052, 0.014495824489413552], [0.0, 0.0, 0.0, 1.0]], "antennas": [-0.09128203894763372, 0.0913405652188118], "body_yaw": -0.14586623312004562, "check_collision": false}, {"head": [[0.9923955810480575, 0.11796444743377708, -0.035148255403818204, -0.008579798923298139], [-0.11778187798520885, 0.9930131878941599, 0.007227578194327689, 0.0005963085904550627], [0.03575527841544193, -0.003032789132364623, 0.9993559737428465, 0.014526095587188311], [0.0, 0.0, 0.0, 1.0]], "antennas": [-0.09128203894763372, 0.0913405652188118], "body_yaw": -0.14586623312004562, "check_collision": false}, {"head": [[0.9924107825833502, 0.11786782701016095, -0.035043030237198576, -0.008549101346907461], [-0.11769069675417486, 0.993025044959083, 0.007082371179779197, 0.0007502885022002215], [0.03563339037783659, -0.002904382880076921, 0.9993607086784364, 0.014420804106204718], [0.0, 0.0, 0.0, 1.0]], "antennas": [-0.09128203894763372, 0.0913405652188118], "body_yaw": -0.14586623312004562, "check_collision": false}, {"head": [[0.9924307054052596, 0.11775791735218721, -0.03484778141710144, -0.008559957180998206], [-0.11758671444258367, 0.9930384426236558, 0.0069293620328583685, 0.0008714964350526469], [0.03542117382889671, -0.0027792755278277727, 0.9993686087085802, 0.014283043599418784], [0.0, 0.0, 0.0, 1.0]], "antennas": [-0.09128203894763372, 0.0913405652188118], "body_yaw": -0.14586623312004562, "check_collision": false}, {"head": [[0.9924685138246232, 0.1175163999032978, -0.03458532666480924, -0.008594906410981016], [-0.11735342277380083, 0.9930675306356854, 0.00671220980118913, 0.0008531813714893156], [0.03513435967848202, -0.002602950423999881, 0.9993792080181941, 0.014293864797815688], [0.0, 0.0, 0.0, 1.0]], "antennas": [-0.09128203894763372, 0.0913405652188118], "body_yaw": -0.14586623312004562, "check_collision": false}, {"head": [[0.9925036878130657, 0.11731494438643271, -0.0342583347679425, -0.00866472923802663], [-0.11715189065431493, 0.9930911669070417, 0.0067356311752918415, 0.0006349304660620862], [0.034811839847724985, -0.0026717100924928917, 0.9993903130266962, 0.014499554379400755], [0.0, 0.0, 0.0, 1.0]], "antennas": [-0.09128203894763372, 0.0913405652188118], "body_yaw": -0.14586623312004562, "check_collision": false}, {"head": [[0.9925338471841939, 0.11707962406935123, -0.03418952795115162, -0.008700925244850263], [-0.11693048990417972, 0.9931198881222342, 0.006336272314985059, 0.0006139043645424858], [0.03469614855443918, -0.0022911664846780155, 0.9993952810733238, 0.014525897890530822], [0.0, 0.0, 0.0, 1.0]], "antennas": [-0.09128203894763372, 0.0913405652188118], "body_yaw": -0.14586623312004562, "check_collision": false}, {"head": [[0.9925777904745965, 0.1168035496888772, -0.03385647111921956, -0.008710954736963768], [-0.1166519265568474, 0.9931520675923884, 0.006426403935366027, 0.0005594243513063696], [0.034375251084820195, -0.0024292832363896374, 0.9994060439560156, 0.014604441666293263], [0.0, 0.0, 0.0, 1.0]], "antennas": [-0.09128203894763372, 0.0913405652188118], "body_yaw": -0.14586623312004562, "check_collision": false}, {"head": [[0.9926323892300013, 0.11645932995248102, -0.03343896407722818, -0.008725762428230668], [-0.11630799884887581, 0.993192300848143, 0.0064422775275072945, 0.0005084643094111106], [0.03396158499406208, -0.002505594338810457, 0.9994199981697885, 0.014632676576407985], [0.0, 0.0, 0.0, 1.0]], "antennas": [-0.09128203894763372, 0.0913405652188118], "body_yaw": -0.14586623312004562, "check_collision": false}, {"head": [[0.9926212244381039, 0.1165116096933082, -0.03358793833615746, -0.008793459771909786], [-0.11636661827367936, 0.9931866855717812, 0.006246419333302975, 0.00037554737614299127], [0.03408687352262013, -0.002291813608013527, 0.9994162459375168, 0.014640249246586245], [0.0, 0.0, 0.0, 1.0]], "antennas": [-0.09128203894763372, 0.0913405652188118], "body_yaw": -0.14586623312004562, "check_collision": false}, {"head": [[0.9926099882152778, 0.11655185655522399, -0.033779816885179975, -0.008803321737291644], [-0.11641157847146766, 0.9931823461473259, 0.006096859771578765, 0.0003432128974759094], [0.03426011811198447, -0.002119442101936062, 0.999410702500293, 0.014650095217510706], [0.0, 0.0, 0.0, 1.0]], "antennas": [-0.09128203894763372, 0.0913405652188118], "body_yaw": -0.14586623312004562, "check_collision": false}, {"head": [[0.9926109909169764, 0.11646810474594266, -0.03403823273476725, -0.008814002726610738], [-0.11633036640545649, 0.9931924145441884, 0.006006125527907588, 0.00034843851598483164], [0.03450603661376214, -0.002002066125998421, 0.999402484071576, 0.01464676130760012], [0.0, 0.0, 0.0, 1.0]], "antennas": [-0.09128203894763372, 0.0913405652188118], "body_yaw": -0.14586623312004562, "check_collision": false}, {"head": [[0.9925873409215452, 0.11656734330583575, -0.03438640889822199, -0.008827945775142593], [-0.11643200206125125, 0.9931810263851574, 0.00591926722950775, 0.0003179678944430107], [0.034841922138496836, -0.0018717112878243293, 0.999391083189434, 0.014659838267551795], [0.0, 0.0, 0.0, 1.0]], "antennas": [-0.09128203894763372, 0.0913405652188118], "body_yaw": -0.14586623312004562, "check_collision": false}, {"head": [[0.9925536824368546, 0.11667995419714247, -0.03497107046677929, -0.00889723502480148], [-0.11653682196783324, 0.9931675736475981, 0.006110628493081408, 0.0002153045989321421], [0.03544512105603885, -0.0019897093997999103, 0.9993696435502868, 0.014670372447568192], [0.0, 0.0, 0.0, 1.0]], "antennas": [-0.09128203894763372, 0.0913405652188118], "body_yaw": -0.14586623312004562, "check_collision": false}, {"head": [[0.9925439418079314, 0.11673059520125781, -0.035078365474093744, -0.008933183230090017], [-0.1165813297510043, 0.9931613069992757, 0.006277884434927394, 0.00016902211576958533], [0.035571296488342986, -0.0021415936707959264, 0.9993648465113669, 0.014684839184401555], [0.0, 0.0, 0.0, 1.0]], "antennas": [-0.09128203894763372, 0.0913405652188118], "body_yaw": -0.14586623312004562, "check_collision": false}, {"head": [[0.9925546122683566, 0.11669678039976765, -0.03488843804386705, -0.008969964803974925], [-0.11653851788103282, 0.9931646211951709, 0.006542863008277481, 0.00011615635090835973], [0.03541349340159112, -0.0024283019954893232, 0.9993697953382994, 0.014700107695208686], [0.0, 0.0, 0.0, 1.0]], "antennas": [-0.09128203894763372, 0.0913405652188118], "body_yaw": -0.14586623312004562, "check_collision": false}, {"head": [[0.9925604347008469, 0.11669809969474572, -0.03471796356500253, -0.008846595283296201], [-0.11653184594072132, 0.9931638053927465, 0.006781190120223832, 0.000258769004092955], [0.03527197681040354, -0.0026849926319860054, 0.9993741433849749, 0.014608821709058861], [0.0, 0.0, 0.0, 1.0]], "antennas": [-0.09128203894763372, 0.0913405652188118], "body_yaw": -0.14586623312004562, "check_collision": false}, {"head": [[0.9925787501982628, 0.11652525263167056, -0.034774849445834144, -0.008686571246317089], [-0.11634823146057864, 0.9931832591318659, 0.007078334281523199, 0.0007156969383619949], [0.03536260299879941, -0.0029798119623091293, 0.9993701051311366, 0.014409614993340033], [0.0, 0.0, 0.0, 1.0]], "antennas": [-0.09128203894763372, 0.0913405652188118], "body_yaw": -0.14586623312004562, "check_collision": false}, {"head": [[0.9925784002495766, 0.11650385457377473, -0.03485643738887682, -0.008663717364302857], [-0.11632525516235205, 0.9931856840996267, 0.007115610372327228, 0.0007106560375297272], [0.035447910649368676, -0.003008117186852207, 0.9993669980850803, 0.014411863970248958], [0.0, 0.0, 0.0, 1.0]], "antennas": [-0.09128203894763372, 0.0913405652188118], "body_yaw": -0.14586623312004562, "check_collision": false}, {"head": [[0.9925974415563406, 0.11637682039364988, -0.03473837490257084, -0.008622221216429554], [-0.11619241042625364, 0.9931999856215286, 0.007287820026086317, 0.000919493085959326], [0.035350286775985715, -0.003197535998195761, 0.9993698679610047, 0.014282732873370781], [0.0, 0.0, 0.0, 1.0]], "antennas": [-0.09128203894763372, 0.0913405652188118], "body_yaw": -0.14586623312004562, "check_collision": false}, {"head": [[0.9925884275270678, 0.1163881606315041, -0.03495725395620018, -0.008593966045236701], [-0.11620330220399165, 0.9931987613328234, 0.007281005688311465, 0.0009309269659244146], [0.035566924188505045, -0.0031648936412827008, 0.999362285336008, 0.014291652192566003], [0.0, 0.0, 0.0, 1.0]], "antennas": [-0.09128203894763372, 0.0913405652188118], "body_yaw": -0.14586623312004562, "check_collision": false}, {"head": [[0.9925505499262854, 0.11651740820206961, -0.03559634007732888, -0.00867880836967595], [-0.11632957652620073, 0.9931837654516277, 0.007310107287944754, 0.0010813379232717376], [0.036205461829168555, -0.003114743841591417, 0.9993395133309491, 0.014058659232963563], [0.0, 0.0, 0.0, 1.0]], "antennas": [-0.09128203894763372, 0.09130753369901702], "body_yaw": -0.14586623312004562, "check_collision": false}, {"head": [[0.9925112437176309, 0.11668529181551181, -0.036138259061693795, -0.008674858078105536], [-0.11649275607569683, 0.993164006529651, 0.007395533507424095, 0.0010917309269076704], [0.03675416814416345, -0.003130304761534666, 0.9993194345734152, 0.01405486526713606], [0.0, 0.0, 0.0, 1.0]], "antennas": [-0.0912317052033872, 0.025799061645948616], "body_yaw": -0.14586623312004562, "check_collision": false}, {"head": [[0.9924899316653274, 0.11678425594338446, -0.036402927172189646, -0.008709328696202001], [-0.11658488430013303, 0.9931519613189894, 0.007559529149958473, 0.0009264499156368443], [0.03703647250587271, -0.0032587255169084367, 0.9993086011900063, 0.014179108034843454], [0.0, 0.0, 0.0, 1.0]], "antennas": [-0.0257238673669666, -0.03479873645577879], "body_yaw": -0.14586623312004562, "check_collision": false}, {"head": [[0.9925154951906553, 0.11662471467530736, -0.03621695367298583, -0.008720202608996658], [-0.11641550178775006, 0.9931696564199853, 0.007839930491675988, 0.0009170573664167231], [0.03688390909264383, -0.0035650376591417677, 0.9993131980297939, 0.014181947207626996], [0.0, 0.0, 0.0, 1.0]], "antennas": [0.034872080878839334, -0.08657681117560902], "body_yaw": -0.14586623312004562, "check_collision": false}, {"head": [[0.9925268892194941, 0.11646429950846203, -0.036420339321273545, -0.008743964471748893], [-0.11626129987563948, 0.9931891997933474, 0.007650069612509218, 0.0008195580624113909], [0.03706324766530973, -0.0033586238034132277, 0.9993072777272496, 0.0142280096525732], [0.0, 0.0, 0.0, 1.0]], "antennas": [0.08664396229900007, -0.1250724923473613], "body_yaw": -0.14586623312004562, "check_collision": false}, {"head": [[0.9925582178171533, 0.11619395925961838, -0.03643004357958915, -0.008744495198642822], [-0.11599795998323108, 0.9932214696796056, 0.007455564848712954, 0.0008069012047399902], [0.037049393022900404, -0.0031742714217261967, 0.9993083940794133, 0.014216239236069624], [0.0, 0.0, 0.0, 1.0]], "antennas": [0.12513832114707313, -0.1475401945440891], "body_yaw": -0.14586623312004562, "check_collision": false}, {"head": [[0.9925704376873792, 0.11598397550243048, -0.03676470665918765, -0.008682093675690221], [-0.11579068343924043, 0.993246434209927, 0.007351092295617045, 0.000814341393819056], [0.03736902270274304, -0.003039466386830399, 0.9992969117266025, 0.014188856344179875], [0.0, 0.0, 0.0, 1.0]], "antennas": [0.14760136703441307, -0.15257273397578602], "body_yaw": -0.14586623312004562, "check_collision": false}, {"head": [[0.9925669557821868, 0.11589475620154739, -0.03713817139098783, -0.008677622570392812], [-0.11569767324445472, 0.9932567608474966, 0.007419935077782298, 0.0007909583906722415], [0.03774767138648263, -0.003067982353764772, 0.9992825930582275, 0.014186139214123702], [0.0, 0.0, 0.0, 1.0]], "antennas": [0.1526304176413006, -0.13967268098629554], "body_yaw": -0.14586623312004562, "check_collision": false}, {"head": [[0.9925833782371399, 0.11576982987265384, -0.03708886272997901, -0.008629705751490333], [-0.1155632765262221, 0.9932704870168856, 0.00767259667664463, 0.0009721207563128968], [0.03772752795864531, -0.003329581429447324, 0.999282516369437, 0.014186098877509209], [0.0, 0.0, 0.0, 1.0]], "antennas": [0.13972505681621364, -0.10992420408713217], "body_yaw": -0.14586623312004562, "check_collision": false}, {"head": [[0.9925804028298387, 0.11574064866683266, -0.03725917557241472, -0.008630063284942441], [-0.11552762351827807, 0.9932734238993745, 0.007827744210985529, 0.0009710164817609375], [0.037914537085057806, -0.0034652014940576045, 0.9992749772991574, 0.01419983774890576], [0.0, 0.0, 0.0, 1.0]], "antennas": [0.10997559472529204, -0.06520872443808252], "body_yaw": -0.14586623312004562, "check_collision": false}, {"head": [[0.9925540103997526, 0.11583106860182989, -0.037678906379111886, -0.008688154821679644], [-0.11561326072140164, 0.9932627571243922, 0.00791639154007228, 0.0009445372444949465], [0.03834201852710558, -0.0035012649440878695, 0.