{"description": "A reaction of surprise or amazement to something unexpected.", "time": [0.0, 0.009991168975830078, 0.020115375518798828, 0.03020453453063965, 0.04029250144958496, 0.05030012130737305, 0.06096482276916504, 0.07086014747619629, 0.08046245574951172, 0.09058046340942383, 0.1006624698638916, 0.11069774627685547, 0.12071847915649414, 0.130781888961792, 0.14082741737365723, 0.15088629722595215, 0.16101336479187012, 0.1709914207458496, 0.18101263046264648, 0.19104480743408203, 0.20112085342407227, 0.21122288703918457, 0.22132658958435059, 0.23134684562683105, 0.2413945198059082, 0.25145626068115234, 0.2616102695465088, 0.27165699005126953, 0.2816307544708252, 0.29171180725097656, 0.301877498626709, 0.31177806854248047, 0.32186460494995117, 0.3319392204284668, 0.3420236110687256, 0.35203099250793457, 0.3621203899383545, 0.3722269535064697, 0.38222336769104004, 0.39233827590942383, 0.4026026725769043, 0.4125785827636719, 0.4227135181427002, 0.43262338638305664, 0.44260597229003906, 0.45268964767456055, 0.46282243728637695, 0.4728078842163086, 0.48284363746643066, 0.49293947219848633, 0.5030298233032227, 0.513023853302002, 0.5231118202209473, 0.5332019329071045, 0.5432298183441162, 0.5535035133361816, 0.5634243488311768, 0.573828935623169, 0.5835146903991699, 0.5936548709869385, 0.6037487983703613, 0.6137235164642334, 0.6237964630126953, 0.6338615417480469, 0.6438324451446533, 0.6539509296417236, 0.6640012264251709, 0.6740193367004395, 0.684112548828125, 0.6941804885864258, 0.7042210102081299, 0.7142813205718994, 0.7243480682373047, 0.7344620227813721, 0.7444746494293213, 0.7548749446868896, 0.7646949291229248, 0.7746789455413818, 0.784721851348877, 0.7948577404022217, 0.8049046993255615, 0.8148598670959473, 0.825115442276001, 0.8350892066955566, 0.8450555801391602, 0.8551666736602783, 0.8651905059814453, 0.8751804828643799, 0.8852465152740479, 0.8953225612640381, 0.9053997993469238, 0.9154009819030762, 0.925828218460083, 0.9361119270324707, 0.9458985328674316, 0.9557793140411377, 0.9659430980682373, 0.9763329029083252, 0.9863057136535645, 0.996452808380127, 1.0060641765594482, 1.0161750316619873, 1.0261950492858887, 1.036224603652954, 1.0463037490844727, 1.0563719272613525, 1.0664622783660889, 1.0764286518096924, 1.0865211486816406, 1.0966031551361084, 1.1067428588867188, 1.1167361736297607, 1.1267945766448975, 1.1368699073791504, 1.1468696594238281, 1.1569831371307373, 1.1672844886779785, 1.1772279739379883, 1.1872682571411133, 1.1973533630371094, 1.2073915004730225, 1.2173328399658203, 1.2273738384246826, 1.2374436855316162, 1.2475049495697021, 1.2575268745422363, 1.2676501274108887, 1.2776472568511963, 1.2878384590148926, 1.2978730201721191, 1.307912826538086, 1.317945957183838, 1.3280386924743652, 1.3380677700042725, 1.3481249809265137, 1.358116865158081, 1.3682153224945068, 1.3782458305358887, 1.3883445262908936, 1.3984260559082031, 1.4084136486053467, 1.4185199737548828, 1.4285593032836914, 1.438650131225586, 1.4487090110778809, 1.4587810039520264, 1.4688963890075684, 1.4789154529571533, 1.4892151355743408, 1.4991309642791748, 1.5090644359588623, 1.5190625190734863, 1.5291500091552734, 1.5391967296600342, 1.5493180751800537, 1.5594375133514404, 1.5694193840026855, 1.579432487487793, 1.5895898342132568, 1.599635124206543, 1.6096422672271729, 1.6197750568389893, 1.6298019886016846, 1.6398437023162842, 1.6498796939849854, 1.6600165367126465, 1.6700947284698486, 1.6800122261047363, 1.690176248550415, 1.7001953125, 1.7102341651916504, 1.7202723026275635, 1.7303485870361328, 1.740431785583496, 1.7504231929779053, 1.760568618774414, 1.7705793380737305, 1.780623197555542, 1.790670394897461, 1.8007526397705078, 1.8108327388763428, 1.8209028244018555, 1.8309545516967773, 1.8410389423370361, 1.8511173725128174, 1.861171007156372, 1.8712434768676758, 1.881216049194336, 1.8915200233459473, 1.901489019393921, 1.9114882946014404, 1.9214990139007568, 1.9320778846740723, 1.941697597503662, 1.951678991317749, 1.9618618488311768, 1.9718072414398193, 1.9819073677062988, 1.9919953346252441, 2.0019571781158447, 2.011974334716797, 2.022083282470703, 2.032226324081421, 2.0425405502319336, 2.0529494285583496, 2.063084840774536, 2.072779655456543, 2.082862615585327, 2.09287166595459, 2.102886915206909, 2.1129026412963867, 2.1229629516601562, 2.133005142211914, 2.1430699825286865, 2.153094530105591, 2.163090705871582, 2.1730856895446777, 2.1831064224243164, 2.1931939125061035, 2.20339298248291, 2.213360548019409, 2.2234320640563965, 2.2334954738616943, 2.2435302734375, 2.2535510063171387, 2.2637693881988525, 2.2740988731384277, 2.284027099609375, 2.293933153152466, 2.3039050102233887, 2.3139700889587402, 2.3239927291870117, 2.3340938091278076, 2.3440427780151367, 2.3541228771209717, 2.3642067909240723, 2.3742568492889404, 2.3843774795532227, 2.39438796043396, 2.4044878482818604, 2.414454936981201, 2.4245848655700684, 2.434695243835449, 2.444704055786133, 2.4548113346099854, 2.464897632598877, 2.474874973297119, 2.4849777221679688], "set_target_data": [{"head": [[0.9859839972944613, 0.14495812661607288, -0.08259962837200911, -0.011499944512132477], [-0.14594204920411807, 0.9892751319563546, -0.005969218277099804, -0.0026241232896294653], [0.08084847155845436, 0.017940312725687645, 0.996564935077472, 0.012684445722922162], [0.0, 0.0, 0.0, 1.0]], "antennas": [0.047990526125169054, 0.3716920783659347], "body_yaw": -0.14586623312004562, "check_collision": false}, {"head": [[0.9859674047345274, 0.1450819980685707, -0.0825802072986727, -0.011374911827202893], [-0.14605568952515208, 0.9892591181787935, -0.0058423161030518155, -0.0025871041500109063], [0.080845608157728, 0.017821642363902372, 0.9965672966263042, 0.012627277419296375], [0.0, 0.0, 0.0, 1.0]], "antennas": [0.047990526125169054, 0.3716920783659347], "body_yaw": -0.14586623312004562, "check_collision": false}, {"head": [[0.9859610865733304, 0.1451758798944104, -0.08249060346500733, -0.011375451066158594], [-0.14613616437786953, 0.9892481047834643, -0.005692858969627284, -0.0026252731767642673], [0.08077720733017235, 0.017667797802994413, 0.9965755825308639, 0.012643849842141182], [0.0, 0.0, 0.0, 1.0]], "antennas": [0.047990526125169054, 0.3716920783659347], "body_yaw": -0.14586623312004562, "check_collision": false}, {"head": [[0.9859759880594641, 0.14518578471418125, -0.082294829042239, -0.011320473224213066], [-0.14613521870478297, 0.9892487671358511, -0.005601301126012948, -0.0026797719922645458], [0.08059682887228994, 0.017548921252499523, 0.9965922870154097, 0.012638864555075797], [0.0, 0.0, 0.0, 1.0]], "antennas": [0.047990526125169054, 0.3716920783659347], "body_yaw": -0.14586623312004562, "check_collision": false}, {"head": [[0.9859837768078727, 0.1452360880334706, -0.08211254839801446, -0.011323797673989605], [-0.14617508940356183, 0.9892433901480188, -0.005509835416297263, -0.0027244061797824307], [0.08042906880937384, 0.017435417436584624, 0.9966078321532841, 0.012653009161776703], [0.0, 0.0, 0.0, 1.0]], "antennas": [0.047990526125169054, 0.3716920783659347], "body_yaw": -0.14586623312004562, "check_collision": false}, {"head": [[0.9860075838740894, 0.1451869244370151, -0.08191337812165377, -0.01132494009640656], [-0.14612482667486218, 0.9892506385716232, -0.005541580539622857, -0.002766696260109551], [0.08022829657933696, 0.01743361861909631, 0.9966240461527215, 0.012668926491746342], [0.0, 0.0, 0.0, 1.0]], "antennas": [0.047990526125169054, 0.3716920783659347], "body_yaw": -0.14586623312004562, "check_collision": false}, {"head": [[0.986029043830921, 0.14506303785421293, -0.0818745367644116, -0.01134831925631164], [-0.1459980526626895, 0.9892694813683425, -0.005519225662491669, -0.002783621868141725], [0.08019534488099876, 0.017395639732937614, 0.9966273618447868, 0.012647119081672938], [0.0, 0.0, 0.0, 1.0]], "antennas": [0.047990526125169054, 0.3716920783659347], "body_yaw": -0.14586623312004562, "check_collision": false}, {"head": [[0.986061721508654, 0.1449386466250429, -0.08170110213388303, -0.011352372115137612], [-0.14589039495080253, 0.9892839296381638, -0.005770547701224071, -0.002814797877848635], [0.07998921200067609, 0.01760952225854486, 0.996640171119616, 0.012661492284974825], [0.0, 0.0, 0.0, 1.0]], "antennas": [0.047990526125169054, 0.3716920783659347], "body_yaw": -0.14586623312004562, "check_collision": false}, {"head": [[0.9860849577777554, 0.14481833564108498, -0.08163397397277745, -0.011349475193725065], [-0.1457772558076192, 0.989299964925879, -0.00587971826317945, -0.002849018773202476], [0.07990899657511673, 0.017698278441714514, 0.9966450337038545, 0.012676057071203013], [0.0, 0.0, 0.0, 1.0]], "antennas": [0.047990526125169054, 0.3716920783659347], "body_yaw": -0.14586623312004562, "check_collision": false}, {"head": [[0.9860821967588133, 0.14484697063159668, -0.08161651998316564, -0.011478066577597883], [-0.14580975749955155, 0.9892948709762944, -0.005930672636311396, -0.0029481801806283403], [0.0798837646411026, 0.017748615688174013, 0.9966461612768689, 0.01274594260668361], [0.0, 0.0, 0.0, 1.0]], "antennas": [0.047990526125169054, 0.3716920783659347], "body_yaw": -0.14586623312004562, "check_collision": false}, {"head": [[0.9860627123400406, 0.14493420977034022, -0.08169701445493181, -0.011479807670010228], [-0.14589814603680262, 0.989281882436737, -0.005923517996080535, -0.0029890888818448758], [0.07996285584961395, 0.017760403167526632, 0.9966396087672317, 0.012756703335092608], [0.0, 0.0, 0.0, 1.0]], "antennas": [0.047990526125169054, 0.3716920783659347], "body_yaw": -0.14586623312004562, "check_collision": false}, {"head": [[0.9860652313496099, 0.14493613162671157, -0.08166319411169808, -0.01148693287620958], [-0.14590206195352676, 0.9892811108322592, -0.00595584319810543, -0.003026181206562853], [0.07992463851122243, 0.017787678307629687, 0.9966421878785158, 0.012767400927858559], [0.0, 0.0, 0.0, 1.0]], "antennas": [0.047990526125169054, 0.3716920783659347], "body_yaw": -0.14586623312004562, "check_collision": false}, {"head": [[0.9860856406615335, 0.1448853806514847, -0.08150666079902662, -0.011582975951397179], [-0.14586565879467228, 0.989285152770571, -0.006172203180732819, -0.0032341810877764693], [0.07973906737308538, 0.01797534370136998, 0.9966536851651572, 0.012882996451527025], [0.0, 0.0, 0.0, 1.0]], "antennas": [0.047990526125169054, 0.3716920783659347], "body_yaw": -0.14586623312004562, "check_collision": false}, {"head": [[0.986095222545078, 0.14486842837927766, -0.08142082370432856, -0.01159835399373293], [-0.14584955530419996, 0.9892873347934373, -0.006202937599602483, -0.003279519591343663], [0.07964997985775239, 0.017991878062491223, 0.9966605104208976, 0.012905592718725274], [0.0, 0.0, 0.0, 1.0]], "antennas": [0.047990526125169054, 0.3716920783659347], "body_yaw": -0.14586623312004562, "check_collision": false}, {"head": [[0.9861004059104838, 0.14484481417933287, -0.08140005693200458, -0.011613518972141404], [-0.14582031475849866, 0.9892920491432456, -0.0061381842339811735, -0.0033279857545355992], [0.07963934496787017, 0.01792264788786679, 0.9966626076189354, 0.012930968130339678], [0.0, 0.0, 0.0, 1.0]], "antennas": [0.047990526125169054, 0.3716920783659347], "body_yaw": -0.14586623312004562, "check_collision": false}, {"head": [[0.986107635504291, 0.1448521562254705, -0.08129934831822491, -0.01172698404834151], [-0.14582477072071295, 0.9892914772646549, -0.006124480040631425, -0.00342541512973623], [0.07954160825874515, 0.01789485535980881, 0.9966709119399761, 0.013107750199445885], [0.0, 0.0, 0.0, 1.0]], "antennas": [0.047990526125169054, 0.3716920783659347], "body_yaw": -0.14586623312004562, "check_collision": false}, {"head": [[0.9860978934140712, 0.14494972212424087, -0.08124360073529581, -0.011751123040951222], [-0.14591866179851318, 0.9892778639038877, -0.006087045974171951, -0.003466135529528701], [0.07949018016876007, 0.01785738071123263, 0.9966756870772316, 0.013138158128231943], [0.0, 0.0, 0.0, 1.0]], "antennas": [0.047990526125169054, 0.3716920783659347], "body_yaw": -0.14586623312004562, "check_collision": false}, {"head": [[0.9860854119332804, 0.14505837167796942, -0.08120116488394603, -0.011774912686338982], [-0.1460226497800487, 0.9892628466087267, -0.006033744344357207, -0.0035080582248717893], [0.07945405039132337, 0.01780699653888601, 0.9966794694136516, 0.013162900304847798], [0.0, 0.0, 0.0, 1.0]], "antennas": [0.047990526125169054, 0.3716920783659347], "body_yaw": -0.14586623312004562, "check_collision": false}, {"head": [[0.9860975624738477, 0.1450666946671098, -0.08103857958710278, -0.01185409239416657], [-0.14604107485487144, 0.9892591174274149, -0.006197018796613621, -0.003685343575240675], [0.07926917268629394, 0.017945826397557846, 0.9966917003650321, 0.013222967836426965], [0.0, 0.0, 0.0, 1.0]], "antennas": [0.047990526125169054, 0.3716920783659347], "body_yaw": -0.14586623312004562, "check_collision": false}, {"head": [[0.9861102473709343, 0.14508718609355603, -0.08084731573458975, -0.011878271656513957], [-0.146062849289949, 0.9892555322298547, -0.006255878030171558, -0.0037373570640282586], [0.0790710066164346, 0.017977774725493174, 0.9967068653965333, 0.013243157632726994], [0.0, 0.0, 0.0, 1.0]], "antennas": [0.047990526125169054, 0.3716920783659347], "body_yaw": -0.14586623312004562, "check_collision": false}, {"head": [[0.9861301571217518, 0.14501820126055712, -0.08072815195569541, -0.011901928759931709], [-0.14599943974489607, 0.98926425273399, -0.006356245498488518, -0.0037879626707857245], [0.07893970363008568, 0.018054350329301274, 0.9967158891203557, 0.013259529562750234], [0.0, 0.0, 0.0, 1.0]], "antennas": [0.047990526125169054, 0.3716920783659347], "body_yaw": -0.14586623312004562, "check_collision": false}, {"head": [[0.9861584342768527, 0.14489262097699612, -0.0806081316682323, -0.011965276389209486], [-0.14588757687623205, 0.9892794097873298, -0.006562338303834143, -0.0038972620820498446], [0.07879313052422796, 0.01823123027250277, 0.9967242671997822, 0.013309496430901076], [0.0, 0.0, 0.0, 1.0]], "antennas": [0.047990526125169054, 0.3716920783659347], "body_yaw": -0.14586623312004562, "check_collision": false}, {"head": [[0.9861699543763862, 0.14484078475103104, -0.0805603386163547, -0.011996366857675134], [-0.14583401306579138, 0.9892873649204177, -0.006553643409794691, -0.003942779636274124], [0.07874809025241702, 0.018211443696798384, 0.9967281884245451, 0.013330425562445798], [0.0, 0.0, 0.0, 1.0]], "antennas": [0.047990526125169054, 0.3716920783659347], "body_yaw": -0.14586623312004562, "check_collision": false}, {"head": [[0.9861907074957527, 0.14477093941893068, -0.08043173222545374, -0.011673603120725816], [-0.14575530156539143, 0.9892994898456422, -0.006473905832937907, -0.003723259652684857], [0.07863383822889858, 0.01810785715959374, 0.9967390957489723, 0.013294968567561634], [0.0, 0.0, 0.0, 1.0]], "antennas": [0.047990526125169054, 0.3716920783659347], "body_yaw": -0.14586623312004562, "check_collision": false}, {"head": [[0.9861836982824732, 0.14480152047047265, -0.08046261809898372, -0.011678798861595518], [-0.14578342429614774, 0.9892956037810857, -0.006434402839907323, -0.0037612422279820062], [0.0786696030395029, 0.018075619183202097, 0.9967368587288977, 0.013327682968408257], [0.0, 0.0, 0.0, 1.0]], "antennas": [0.047990526125169054, 0.3716920783659347], "body_yaw": -0.14586623312004562, "check_collision": false}, {"head": [[0.9861869726255068, 0.14486448924993295, -0.0803089956237415, -0.011684993515250047], [-0.1458413548819379, 0.9892872665855263, -0.0064033880046924785, -0.003797098272066604], [0.07852104323007128, 0.018027310561868237, 0.9967494478774329, 0.013359692699635002], [0.0, 0.0, 0.0, 1.0]], "antennas": [0.047990526125169054, 0.3716920783659347], "body_yaw": -0.14586623312004562, "check_collision": false}, {"head": [[0.9861928818388938, 0.14489410820768958, -0.08018289853201944, -0.011580485550402309], [-0.1458731437322621, 0.9892822190383933, -0.006458872358170775, -0.0036556629069763383], [0.07838766323832207, 0.018066225426764667, 0.9967592416179871, 0.013147934720357364], [0.0, 0.0, 0.0, 1.0]], "antennas": [0.047990526125169054, 0.3716920783659347], "body_yaw": -0.14586623312004562, "check_collision": false}, {"head": [[0.9862028272001897, 0.14479500287032554, -0.08023958353665042, -0.011580461769108328], [-0.14578073822248766, 0.989295341124547, -0.006534859797473179, -0.003681210753278069], [0.07843443112344986, 0.018142082930262777, 0.9967541847623677, 0.013151756199890847], [0.0, 0.0, 0.0, 1.0]], "antennas": [0.047990526125169054, 0.3716920783659347], "body_yaw": -0.14586623312004562, "check_collision": false}, {"head": [[0.9862000071964543, 0.14475775795633383, -0.08034137985602104, -0.011585992782236964], [-0.14575085010405986, 0.9892992716329302, -0.006606121441369855, -0.003696881792903922], [0.0785253812449062, 0.018224781425567854, 0.9967455150851359, 0.01316754550331379], [0.0, 0.0, 0.0, 1.0]], "antennas": [0.047990526125169054, 0.3716920783659347], "body_yaw": -0.14586623312004562, "check_collision": false}, {"head": [[0.9861881566225231, 0.1447082397284468, -0.08057571031125918, -0.011306043646222626], [-0.14568419482979386, 0.9893108509339471, -0.006336844730939917, -0.0032757930380833203], [0.07879743088619223, 0.0179879287035433, 0.9967283477992847, 0.012867699960732788], [0.0, 0.0, 0.0, 1.0]], "antennas": [0.047990526125169054, 0.3716920783659347], "body_yaw": -0.14586623312004562, "check_collision": false}, {"head": [[0.9861863027177542, 0.1447062844054714, -0.08060190807573174, -0.011321920155285622], [-0.14567933768915337, 0.9893118381990228, -0.006294233052562467, -0.003280873816607653], [0.07882960676253241, 0.017949319007505085, 0.9967264996200468, 0.012883799709627282], [0.0, 0.0, 0.0, 1.0]], "antennas": [0.047990526125169054, 0.3716920783659347], "body_yaw": -0.14586623312004562, "check_collision": false}, {"head": [[0.986163184421574, 0.1448063354625364, -0.08070501162512665, -0.01131041368903728], [-0.14577305060306367, 0.989298712698822, -0.006186660676820146, -0.003237151348916681], [0.07894549644772077, 0.017865672737539116, 0.9967188301262587, 0.012819287045831913], [0.0, 0.0, 0.0, 1.0]], "antennas": [0.047990526125169054, 0.3716920783659347], "body_yaw": -0.14586623312004562, "check_collision": false}, {"head": [[0.9861695016602999, 0.14482513199501232, -0.08059401427961338, -0.011332547264664922], [-0.14578637458789476, 0.9892970279645191, -0.006141941475376947, -0.003252573865269587], [0.07884191131367443, 0.01780650451930907, 0.996728088004552, 0.012830828933915413], [0.0, 0.0, 0.0, 1.0]], "antennas": [0.047990526125169054, 0.3716920783659347], "body_yaw": -0.14586623312004562, "check_collision": false}, {"head": [[0.9861769202986861, 0.14485068937948167, -0.08045719145289608, -0.01134676195723325], [-0.14580495213019937, 0.9892946508407011, -0.006083564110422083, -0.003269590000844806], [0.07871466067073736, 0.01773052746717546, 0.9967394998650482, 0.012842659657939966], [0.0, 0.0, 0.0, 1.0]], "antennas": [0.047990526125169054, 0.3716920783659347], "body_yaw": -0.14586623312004562, "check_collision": false}, {"head": [[0.9861831219510712, 0.14483880553623996, -0.08040255213408364, -0.011351242784458777], [-0.14578732908725633, 0.9892976145039449, -0.006023671173621391, -0.0032886687631432654], [0.0786695916885476, 0.017662116171035552, 0.9967442726175647, 0.012849605273171145], [0.0, 0.0, 0.0, 1.0]], "antennas": [0.047990526125169054, 0.3716920783659347], "body_yaw": -0.14586623312004562, "check_collision": false}, {"head": [[0.9861977095231833, 0.14485364189364994, -0.08019663435190469, -0.011184141347445163], [-0.14579117161390584, 0.9892976148274527, -0.005929888376495888, -0.003061010662748158], [0.07847937315417042, 0.017540003616284588, 0.9967614239437986, 0.012815599824781317], [0.0, 0.0, 0.0, 1.0]], "antennas": [0.047990526125169054, 0.3716920783659347], "body_yaw": -0.14586623312004562, "check_collision": false}, {"head": [[0.986198419699607, 0.14490383625380018, -0.08009716112902755, -0.011172180798570167], [-0.1458415045503054, 0.9892900634269756, -0.005951970694968488, -0.0030548979139561477], [0.07837686222668523, 0.017551314582741916, 0.9967692906705727, 0.012823102026048756], [0.0, 0.0, 0.0, 1.0]], "antennas": [0.047990526125169054, 0.3716920783659347], "body_yaw": -0.14586623312004562, "check_collision": false}, {"head": [[0.9861924435045416, 0.14493282337901747, -0.08011829430240927, -0.011105429900235839], [-0.14587573329189107, 0.9892846494776127, -0.0060127152360048815, -0.002944666704383106], [0.07838835890037499, 0.01761700926215214, 0.9967672276783395, 0.012650054086532754], [0.0, 0.0, 0.0, 1.0]], "antennas": [0.047990526125169054, 0.3716920783659347], "body_yaw": -0.14586623312004562, "check_collision": false}, {"head": [[0.9861769193165837, 0.1449879974446877, -0.08020950320399327, -0.011090077199976974], [-0.1459296277774358, 0.989276937194652, -0.005973715050722635, -0.002931763502254499], [0.07848329468104163, 0.017596082852368543, 0.9967601267728666, 0.012645072221271543], [0.0, 0.0, 0.0, 1.0]], "antennas": [0.047990526125169054, 0.3716920783659347], "body_yaw": -0.14586623312004562, "check_collision": false}, {"head": [[0.9861627691555055, 0.14505254660716552, -0.08026675186103914, -0.011103263610912673], [-0.14599366974922603, 0.9892676200660828, -0.005951830133888882, -0.0029796994442300648], [0.07854197046611115, 0.017587910949422664, 0.9967556492258953, 0.012644582737874395], [0.0, 0.0, 0.0, 1.0]], "antennas": [0.047990526125169054, 0.3716920783659347], "body_yaw": -0.14586623312004562, "check_collision": false}, {"head": [[0.9861515533855525, 0.14507578342813499, -0.08036249633986038, -0.011099041477427915], [-0.14600544187736791, 0.9892668775104466, -0.005784116434259062, -0.0029725578795081822], [0.07866082059993872, 0.017437377195077156, 0.9967489218349325, 0.012645172915519927], [0.0, 0.0, 0.0, 1.0]], "antennas": [0.047990526125169054, 0.3716920783659347], "body_yaw": -0.14586623312004562, "check_collision": false}, {"head": [[0.986173659966869, 0.14500039431033027, -0.08022716520854749, -0.01085282778285669], [-0.1459095509180038, 0.9892823266715021, -0.005557075339286927, -0.00270497745738376], [0.078561538544362, 0.01718615097305988, 0.9967611152509284, 0.012449669393032832], [0.0, 0.0, 0.0, 1.0]], "antennas": [0.047990526125169054, 0.3716920783659347], "body_yaw": -0.14586623312004562, "check_collision": false}, {"head": [[0.9861727664825363, 0.14497837518893028, -0.08027792583119228, -0.010838875171909724], [-0.14587931451932598, 0.989287421948487, -0.005442643648780463, -0.002692412556414156], [0.07862887665197954, 0.01707827573538406, 0.9967576597420026, 0.01244412811028895], [0.0, 0.0, 0.0, 1.0]], "antennas": [0.047990526125169054, 0.3716920783659347], "body_yaw": -0.14586623312004562, "check_collision": false}, {"head": [[0.9861435862517435, 0.14512338927734283, -0.08037430671058364, -0.01098962144552899], [-0.14602917939292118, 0.9892651203374544, -0.005477266613196648, -0.0028440175798629883], [0.07871661870520226, 0.017138365394016173, 0.9967497029702297, 0.012482894055627532], [0.0, 0.0, 0.0, 1.0]], "antennas": [0.047990526125169054, 0.3716920783659347], "body_yaw": -0.14586623312004562, "check_collision": false}, {"head": [[0.9861485219329932, 0.14512672246548547, -0.08030770271772497, -0.010988534133894431], [-0.14602879471690106, 0.9892653576007167, -0.005444572035971043, -0.0028315095337889534], [0.07865547535233455, 0.01709639370018313, 0.9967552505603099, 0.012472306423445219], [0.0, 0.0, 0.0, 1.0]], "antennas": [0.047990526125169054, 0.3716920783659347], "body_yaw": -0.14586623312004562, "check_collision": false}, {"head": [[0.9861681690376626, 0.14504858870239143, -0.08020753887477425, -0.010829284196067279], [-0.14594156825619323, 0.9892787227469741, -0.005354192286246907, -0.002645574135815322], [0.07857099357795361, 0.01698574801295783, 0.9967638051878756, 0.012351251418570082], [0.0, 0.0, 0.0, 1.0]], "antennas": [0.047990526125169054, 0.3716920783659347], "body_yaw": -0.14586623312004562, "check_collision": false}, {"head": [[0.9861724466157715, 0.14503405568606634, -0.08018122116252817, -0.010821090619764252], [-0.14593112201216432, 0.989279947294015, -0.005412347939827137, -0.002618215755781403], [0.07853669947313836, 0.01703844397830839, 0.9967656084871026, 0.012339492490544453], [0.0, 0.0, 0.0, 1.0]], "antennas": [0.047990526125169054, 0.3716920783659347], "body_yaw": -0.14586623312004562, "check_collision": false}, {"head": [[0.9861916467424952, 0.14491917852877084, -0.08015277655746901, -0.010820438388540474], [-0.1458205292412869, 0.9892958960343123, -0.005477530598522466, -0.002587359079142211], [0.07850101366935526, 0.017089815218808025, 0.9967675401359488, 0.012339775791099579], [0.0, 0.0, 0.0, 1.0]], "antennas": [0.047990526125169054, 0.3716920783659347], "body_yaw": -0.14586623312004562, "check_collision": false}, {"head": [[0.9862091862325275, 0.14481578417672708, -0.08012383942283259, -0.010820170709510551], [-0.1457216963653034, 0.9893100777374064, -0.005545926038603994, -0.0025509685347282], [0.07846418417975538, 0.01714522500543376, 0.9967694884277503, 0.012340496010453846], [0.0, 0.0, 0.0, 1.0]], "antennas": [0.047990526125169054, 0.3716920783659347], "body_yaw": -0.14586623312004562, "check_collision": false}, {"head": [[0.9861910761525287, 0.1448534173386584, -0.08027857000737929, -0.01077312051993638], [-0.14575146348527376, 0.9893064407883925, -0.005410832330028039, -0.002419946355798737], [0.07863632881193114, 0.017036833623511778, 0.9967577810536853, 0.012365974545105136], [0.0, 0.0, 0.0, 1.0]], "antennas": [0.047990526125169054, 0.3716920783659347], "body_yaw": -0.14586623312004562, "check_collision": false}, {"head": [[0.9861836868636547, 0.14484989103671098, -0.0803756482441163, -0.010766449423964618], [-0.14574791161305983, 0.9893070801379525, -0.005389568568089499, -0.002383271383951252], [0.07873551945875923, 0.017029687477208826, 0.9967500728467431, 0.012365856083284006], [0.0, 0.0, 0.0, 1.0]], "antennas": [0.047990526125169054, 0.3716920783659347], "body_yaw": -0.14586623312004562, "check_collision": false}, {"head": [[0.9861955602579677, 0.14473318564990933, -0.08044017590173723, -0.010861710970729738], [-0.14564248781112837, 0.9893218700224683, -0.005522973785205126, -0.0024821460037926513], [0.07878186765784927, 0.01716223956468422, 0.996744137109151, 0.012427936649553668], [0.0, 0.0, 0.0, 1.0]], "antennas": [0.047990526125169054, 0.3716920783659347], "body_yaw": -0.14586623312004562, "check_collision": false}, {"head": [[0.9861892656945146, 0.14472867783663587, -0.08052541238996255, -0.010857886525936616], [-0.1456442473977315, 0.9893212698087741, -0.005583753567581894, -0.002464398877553904], [0.0788573739663112, 0.01723470091456077, 0.9967369159690651, 0.012419952837915756], [0.0, 0.0, 0.0, 1.0]], "antennas": [0.047990526125169054, 0.3716920783659347], "body_yaw": -0.14586623312004562, "check_collision": false}, {"head": [[0.9861920923119085, 0.14476464290253735, -0.08042608548699359, -0.010982119667264215], [-0.14569694830882027, 0.989312172092339, -0.00581596109299678, -0.002707925663852251], [0.07872455979525905, 0.017453490058986415, 0.9967436076392985, 0.012487803873945998], [0.0, 0.0, 0.0, 1.0]], "antennas": [0.047990526125169054, 0.3716920783659347], "body_yaw": -0.14586623312004562, "check_collision": false}, {"head": [[0.986204315877147, 0.14475678887393845, -0.08029021995358383, -0.010995773407526143], [-0.14568447128088813, 0.9893141741165822, -0.005787894231351341, -0.002704835985287063], [0.0785944156597461, 0.017405084513763207, 0.9967547245236273, 0.012477225534107246], [0.0, 0.0, 0.0, 1.0]], "antennas": [0.047990526125169054, 0.3716920783659347], "body_yaw": -0.14586623312004562, "check_collision": false}, {"head": [[0.9862126504213515, 0.14469339347118287, -0.08030211724908892, -0.010907250975225801], [-0.14562056528023642, 0.9893236211626837, -0.00578131274185093, -0.0026674216861401617], [0.07860826366456244, 0.017395243469067692, 0.9967538043008887, 0.012467389160390592], [0.0, 0.0, 0.0, 1.0]], "antennas": [0.047990526125169054, 0.3716920783659347], "body_yaw": -0.14586623312004562, "check_collision": false}, {"head": [[0.9861957669494419, 0.14470788328954975, -0.08048315205594568, -0.010902913447985508], [-0.14563965834616588, 0.9893207080412891, -0.00579884104754926, -0.0026487586202305763], [0.07878451096385951, 0.017440331262356196, 0.9967391011080308, 0.012444408196674923], [0.0, 0.0, 0.0, 1.0]], "antennas": [0.047990526125169054, 0.3716920783659347], "body_yaw": -0.14586623312004562, "check_collision": false}, {"head": [[0.9862324586916025, 0.1445911189386282, -0.08024304173691087, -0.010921733837025332], [-0.14553636257950642, 0.989334539807672, -0.006027894380934841, -0.002677068790405919], [0.07851563277617131, 0.017623185512748194, 0.9967571011746744, 0.012460204255921654], [0.0, 0.0, 0.0, 1.0]], "antennas": [0.047990526125169054, 0.3716920783659347], "body_yaw": -0.14586623312004562, "check_collision": false}, {"head": [[0.9862399387434572, 0.14455046854431838, -0.0802243433810469, -0.010923123632438136], [-0.14550606994498003, 0.9893381490108756, -0.006165267301700312, -0.002679977041966264], [0.07847781110905606, 0.017753561765258656, 0.9967577660636404, 0.012451984697883674], [0.0, 0.0, 0.0, 1.0]], "antennas": [0.047990526125169054, 0.3716920783659347], "body_yaw": -0.14586623312004562, "check_collision": false}, {"head": [[0.9862462543220127, 0.14455334611899442, -0.0801414746657552, -0.01078356791468215], [-0.14551348555687602, 0.9893365792296991, -0.006241675990152384, -0.002516057693328577], [0.07838463725047475, 0.017817494882261545, 0.9967639567717284, 0.012339609488288945], [0.0, 0.0, 0.0, 1.0]], "antennas": [0.047990526125169054, 0.3716920783659347], "body_yaw": -0.14586623312004562, "check_collision": false}, {"head": [[0.9862386758325141, 0.14454122135316683, -0.08025652385858781, -0.010832490365489767], [-0.14550455339536383, 0.9893377993698665, -0.00625649096582987, -0.0025117399584370717], [0.07849649185374435, 0.01784808302660632, 0.9967546070618036, 0.01230350456153307], [0.0, 0.0, 0.0, 1.0]], "antennas": [0.047990526125169054, 0.3716920783659347], "body_yaw": -0.14586623312004562, "check_collision": false}, {"head": [[0.9862278555783892, 0.14455048992863698, -0.08037271143020461, -0.010840219606810935], [-0.14550880069054603, 0.9893377429045881, -0.00616598621910029, -0.002496152052769561], [0.07862446058861625, 0.01777600421484559, 0.9967458090563024, 0.012293091026189036], [0.0, 0.0, 0.0, 1.0]], "antennas": [0.047990526125169054, 0.3716920783659347], "body_yaw": -0.14586623312004562, "check_collision": false}, {"head": [[0.9862259334285669, 0.14450897266698826, -0.08047089568088188, -0.010848105922268387], [-0.14545269340026235, 0.9893472514538605, -0.005960706610861717, -0.0024788060836284306], [0.07875228387520587, 0.017583311958306737, 0.9967391358449891, 0.012280955501814746], [0.0, 0.0, 0.0, 1.0]], "antennas": [0.047990526125169054, 0.3716920783659347], "body_yaw": -0.14586623312004562, "check_collision": false}, {"head": [[0.9862404119707552, 0.14437773781525437, -0.08052899241331916, -0.010886709437849751], [-0.14531856989920655, 0.9893672266105119, -0.0059164306362018085, -0.002525001907902412], [0.07881854501450887, 0.017537381000971665, 0.9967347075473103, 0.012326026256175855], [0.0, 0.0, 0.0, 1.0]], "antennas": [0.047990526125169054, 0.3716920783659347], "body_yaw": -0.14586623312004562, "check_collision": false}, {"head": [[0.9862451241448995, 0.144338136465786, -0.08054227127413162, -0.010882650043746282], [-0.14527564947745245, 0.9893737880429395, -0.005873091389458997, -0.0025040581663913], [0.07883870096162186, 0.01749313851624996, 0.9967338909335507, 0.0123079801037509], [0.0, 0.0, 0.0, 1.0]], "antennas": [0.047990526125169054, 0.3716920783659347], "body_yaw": -0.14586623312004562, "check_collision": false}, {"head": [[0.9862537317503881, 0.1442732668397868, -0.08055309481211194, -0.010876478333415067], [-0.14521080149549592, 0.9893833051172521, -0.005873558061173614, -0.00247835801634419], [0.07885048977317201, 0.0174899980170945, 0.9967330135156018, 0.012295011436494703], [0.0, 0.0, 0.0, 1.0]], "antennas": [0.047990526125169054, 0.3716920783659347], "body_yaw": -0.14586623312004562, "check_collision": false}, {"head": [[0.986251941066579, 0.1442509051373225, -0.08061504269966122, -0.010866512500106456], [-0.1451855847588606, 0.9893872951423485, -0.005824619226599542, -0.002452979178681418], [0.07891929244888551, 0.017448684132918345, 0.9967282923151107, 0.01228534621335143], [0.0, 0.0, 0.0, 1.0]], "antennas": [0.047990526125169054, 0.3716920783659347], "body_yaw": -0.14586623312004562, "check_collision": false}, {"head": [[0.9862876229463355, 0.14405607150482164, -0.08052684698573703, -0.010919047753004816], [-0.1449962995518601, 0.9894144738456807, -0.00592216691266333, -0.0025503335592965137], [0.07882130384061056, 0.01751705475449289, 0.9967348468141333, 0.012336522427409131], [0.0, 0.0, 0.0, 1.0]], "antennas": [0.047990526125169054, 0.3716920783659347], "body_yaw": -0.14586623312004562, "check_collision": false}, {"head": [[0.9862875934075805, 0.1440965478872165, -0.08045475733149876, -0.010899244093360258], [-0.14503893793922734, 0.9894079731130019, -0.005963993786264645, -0.0025379800645478276], [0.07874318746243505, 0.017551285634071566, 0.9967404189661656, 0.012336867840538897], [0.0, 0.0, 0.0, 1.0]], "antennas": [0.047990526125169054, 0.3716920783659347], "body_yaw": -0.14586623312004562, "check_collision": false}, {"head": [[0.9862880848549745, 0.14419758186701606, -0.08026749688891542, -0.010659236008290522], [-0.14513635114146647, 0.9893937366879133, -0.0059559533300183555, -0.002323665672744918], [0.07855732461360802, 0.017524017417065604, 0.9967555646010304, 0.012226658409173592], [0.0, 0.0, 0.0, 1.0]], "antennas": [0.047990526125169054, 0.3716920783659347], "body_yaw": -0.14586623312004562, "check_collision": false}, {"head": [[0.9862635896880769, 0.1443713946521623, -0.08025604065600332, -0.010619782918288403], [-0.14530658789021195, 0.989369047619695, -0.00590619401997718, -0.0023255096908962325], [0.07855015704180716, 0.017486795540838918, 0.9967567831775314, 0.012210431320296207], [0.0, 0.0, 0.0, 1.0]], "antennas": [0.047990526125169054, 0.3716920783659347], "body_yaw": -0.14586623312004562, "check_collision": false}, {"head": [[0.9862377084544601, 0.14459068814216294, -0.08017926992103752, -0.010593211183879356], [-0.14551457494014994, 0.9893392765382044, -0.00577099461525861, -0.0023304135833879663], [0.07849006881435575, 0.01735882488642701, 0.996763753502343, 0.012199829427341664], [0.0, 0.0, 0.0, 1.0]], "antennas": [0.047990526125169054, 0.3716920783659347], "body_yaw": -0.14586623312004562, "check_collision": false}, {"head": [[0.9862292576824668, 0.14474349553728003, -0.08000732335692715, -0.010587702346149386], [-0.14564607564975843, 0.9893212914998201, -0.005531982732515813, -0.0023338569476213725], [0.07835222995496266, 0.01710855589397899, 0.9967789250261601, 0.012203119630262445], [0.0, 0.0, 0.0, 1.0]], "antennas": [0.047990526125169054, 0.3716920783659347], "body_yaw": -0.14586623312004562, "check_collision": false}, {"head": [[0.9862366542960712, 0.14470291778141656, -0.07998954499455596, -0.010599860538438317], [-0.1455774949375658, 0.9893332842116233, -0.005181285433777535, -0.0023445518645598476], [0.07838657213193151, 0.016754651192664886, 0.9967822364853908, 0.012278284479670616], [0.0, 0.0, 0.0, 1.0]], "antennas": [0.047990526125169054, 0.3716920783659347], "body_yaw": -0.14586623312004562, "check_collision": false}, {"head": [[0.9862403406184835, 0.1446927885302529, -0.07996241294556371, -0.01067402230758245], [-0.14556648416374157, 0.9893349304748161, -0.005176295064786172, -0.0024381707554766083], [0.07836063568491851, 0.016744918325571456, 0.9967844393274431, 0.012273390903824628], [0.0, 0.0, 0.0, 1.0]], "antennas": [0.047990526125169054, 0.3716920783659347], "body_yaw": -0.14586623312004562, "check_collision": false}, {"head": [[0.986247549293231, 0.14459447058699007, -0.08005129973188257, -0.010683161065815535], [-0.14545773767057094, 0.9893516860653514, -0.005028700767146329, -0.002417426126199204], [0.07847176603629494, 0.01660362476431548, 0.9967780603423364, 0.012293660254147472], [0.0, 0.0, 0.0, 1.0]], "antennas": [0.047990526125169054, 0.3716920783659347], "body_yaw": -0.14586623312004562, "check_collision": false}, {"head": [[0.9862426371197013, 0.14456600849851006, -0.08016314560935216, -0.010681050647459342], [-0.14542741936993822, 0.989356376435993, -0.004982579737653217, -0.0023986982699039233], [0.07858960759908144, 0.016571951974666974, 0.9967693032919763, 0.012310588888634573], [0.0, 0.0, 0.0, 1.0]], "antennas": [0.047990526125169054, 0.3716920783659347], "body_yaw": -0.14586623312004562, "check_collision": false}, {"head": [[0.9862342471950032, 0.14456934715532266, -0.08026028608714052, -0.010649895239204064], [-0.145434997563682, 0.9893550955256379, -0.005015619713274254, -0.0024783503327342887], [0.0786808181411305, 0.01661923044368115, 0.9967613204955852, 0.012315319940263587], [0.0, 0.0, 0.0, 1.0]], "antennas": [0.047990526125169054, 0.3716920783659347], "body_yaw": -0.14586623312004562, "check_collision": false}, {"head": [[0.9862284721112706, 0.14456728154234158, -0.08033493576599136, -0.01063733293513187], [-0.14543389595871206, 0.9893552753206208, -0.005012095522748603, -0.0024737086738256045], [0.07875520746807248, 0.0166264939995171, 0.9967553245375441, 0.012314097113770746], [0.0, 0.0, 0.0, 1.0]], "antennas": [0.047990526125169054, 0.3716920783659347], "body_yaw": -0.14586623312004562, "check_collision": false}, {"head": [[0.9862364909423188, 0.14454636196936055, -0.08027411273383246, -0.010530988547663015], [-0.14540904552149825, 0.9893591100095275, -0.0049760347348492715, -0.0023358735133319278], [0.07870065701319333, 0.016580129148416563, 0.9967604054651816, 0.012206965237858476], [0.0, 0.0, 0.0, 1.0]], "antennas": [0.047990526125169054, 0.3716920783659347], "body_yaw": -0.14586623312004562, "check_collision": false}, {"head": [[0.9862608517836202, 0.14437305356068075, -0.08028669656059381, -0.010578099585582956], [-0.1452435019104501, 0.9893829048299965, -0.005078659562056261, -0.0023487753202499975], [0.07870106347335559, 0.016670004070874968, 0.996758874338443, 0.012223428627153872], [0.0, 0.0, 0.0, 1.0]], "antennas": [0.047990526125169054, 0.3716920783659347], "body_yaw": -0.14586623312004562, "check_collision": false}, {"head": [[0.9862800467188599, 0.14421671591374624, -0.08033186351191639, -0.010588294762266677], [-0.1450883243734991, 0.9894056144018606, -0.005090021666638656, -0.002331975603418801], [0.07874673056536162, 0.016675402277916966, 0.9967551772547438, 0.012230605355604836], [0.0, 0.0, 0.0, 1.0]], "antennas": [0.047990526125169054, 0.3716920783659347], "body_yaw": -0.14586623312004562, "check_collision": false}, {"head": [[0.9862971875635477, 0.14416602670976528, -0.08021230919849942, -0.010536778752049612], [-0.14503616657565985, 0.9894132160258858, -0.005098856572957705, -0.0022754027693150033], [0.07862803691606376, 0.016662673736029986, 0.9967647601689644, 0.012205501076693943], [0.0, 0.0, 0.0, 1.0]], "antennas": [0.047990526125169054, 0.3716920783659347], "body_yaw": -0.14586623312004562, "check_collision": false}, {"head": [[0.9863081999337017, 0.14409546154701258, -0.08020369508379592, -0.010539190659971895], [-0.14496440041553832, 0.9894237878397403, -0.005088287435270172, -0.002267094540639669], [0.0786222446620838, 0.01664530018995973, 0.996765507341562, 0.012216044075350048], [0.0, 0.0, 0.0, 1.0]], "antennas": [0.047990526125169054, 0.3716920783659347], "body_yaw": -0.14586623312004562, "check_collision": false}, {"head": [[0.9863032677902466, 0.14404972064876193, -0.08034638714525014, -0.010528610247412114], [-0.14492293987954935, 0.9894297288246016, -0.005114021386699638, -0.002265960470806405], [0.07876043069301544, 0.01668801063904115