{"description": "You look up to the sky as if surprised, for example, when someone suddenly shows up or says 'boo!'", "time": [0.0, 0.010045528411865234, 0.019985198974609375, 0.030048608779907227, 0.04006147384643555, 0.05017495155334473, 0.060225725173950195, 0.0702979564666748, 0.08031702041625977, 0.09047174453735352, 0.10042071342468262, 0.11051082611083984, 0.12059235572814941, 0.13055992126464844, 0.1406240463256836, 0.15069246292114258, 0.16074728965759277, 0.17079639434814453, 0.18089962005615234, 0.1911029815673828, 0.20110344886779785, 0.21106886863708496, 0.22118020057678223, 0.23160219192504883, 0.24163365364074707, 0.2518045902252197, 0.2617771625518799, 0.27192234992980957, 0.28204774856567383, 0.2922046184539795, 0.3022758960723877, 0.312345027923584, 0.32236790657043457, 0.3324465751647949, 0.34244441986083984, 0.3525073528289795, 0.36253905296325684, 0.372633695602417, 0.3826925754547119, 0.3927462100982666, 0.40288710594177246, 0.4128873348236084, 0.4230916500091553, 0.4330441951751709, 0.4430663585662842, 0.45320606231689453, 0.46364474296569824, 0.47344160079956055, 0.48335838317871094, 0.49339842796325684, 0.5034685134887695, 0.5134973526000977, 0.5235610008239746, 0.5336160659790039, 0.5436336994171143, 0.5537805557250977, 0.5639021396636963, 0.5738351345062256, 0.5839803218841553, 0.5940141677856445, 0.604090690612793, 0.6142373085021973, 0.6242280006408691, 0.6343357563018799, 0.6442763805389404, 0.6545069217681885, 0.664440393447876, 0.6745049953460693, 0.6845493316650391, 0.6947281360626221, 0.7046303749084473, 0.7147033214569092, 0.7249433994293213, 0.7348215579986572, 0.7448594570159912, 0.754957914352417, 0.7649905681610107, 0.775153398513794, 0.7851128578186035, 0.7952783107757568, 0.8053011894226074, 0.8153760433197021, 0.8255045413970947, 0.8354446887969971, 0.8454797267913818, 0.8556628227233887, 0.8655691146850586, 0.8756067752838135, 0.885744571685791, 0.8957946300506592, 0.9058291912078857, 0.9158933162689209, 0.9259734153747559, 0.9360556602478027, 0.9460713863372803, 0.9562256336212158, 0.966353178024292, 0.976287841796875, 0.9864153861999512, 0.9964509010314941, 1.0064327716827393, 1.0164861679077148, 1.026606559753418, 1.0366740226745605, 1.0467090606689453, 1.0567975044250488, 1.0667974948883057, 1.07680344581604, 1.0870273113250732, 1.0971908569335938, 1.1072585582733154, 1.1171581745147705, 1.1272802352905273, 1.1372637748718262, 1.1473727226257324, 1.1574008464813232, 1.1675214767456055, 1.177586555480957, 1.1878104209899902, 1.197840929031372, 1.2077980041503906, 1.2178919315338135, 1.2278499603271484, 1.2380950450897217, 1.247976541519165, 1.2580561637878418, 1.268066167831421, 1.2781379222869873, 1.288238286972046, 1.2982466220855713, 1.3083128929138184, 1.3184010982513428, 1.3284997940063477, 1.3384644985198975, 1.34861159324646, 1.358626127243042, 1.3686721324920654, 1.3787155151367188, 1.3888142108917236, 1.3990612030029297, 1.4089021682739258, 1.4190351963043213, 1.4290952682495117, 1.4391288757324219, 1.4491541385650635, 1.459275722503662, 1.4694576263427734, 1.479416847229004, 1.4894442558288574, 1.4995498657226562, 1.5094797611236572, 1.519620418548584, 1.5296459197998047, 1.5396640300750732, 1.5497510433197021, 1.5598266124725342, 1.5698485374450684, 1.5798778533935547, 1.5899250507354736, 1.6000447273254395, 1.6100761890411377, 1.6201026439666748, 1.6302030086517334, 1.6402490139007568, 1.6503219604492188, 1.6603856086730957, 1.670379877090454, 1.6804540157318115, 1.6905529499053955, 1.7006685733795166, 1.7107610702514648, 1.7207884788513184, 1.7309398651123047, 1.7408897876739502, 1.7510814666748047, 1.7611780166625977, 1.7711536884307861, 1.781099557876587, 1.791271686553955, 1.8012161254882812, 1.8113300800323486, 1.821333408355713, 1.831432580947876, 1.8414053916931152, 1.8515315055847168, 1.8615739345550537, 1.8715870380401611, 1.8817222118377686, 1.891730546951294, 1.9018173217773438, 1.9119136333465576, 1.921987771987915, 1.9320552349090576, 1.9422178268432617, 1.9522461891174316, 1.9622023105621338, 1.9722332954406738, 1.9822924137115479, 1.9923272132873535, 2.0024545192718506, 2.0124387741088867, 2.022547721862793, 2.0325767993927, 2.0426106452941895, 2.0527403354644775, 2.062760353088379, 2.0728039741516113, 2.082963228225708, 2.092968225479126, 2.103078842163086, 2.1131012439727783, 2.123230218887329, 2.1332783699035645, 2.143296957015991, 2.1533710956573486, 2.163346767425537, 2.173344135284424, 2.1834776401519775, 2.194582939147949, 2.203660249710083, 2.213879108428955, 2.2237308025360107, 2.234426975250244, 2.2438361644744873, 2.253941059112549, 2.2644286155700684, 2.2740390300750732, 2.2841622829437256, 2.294268846511841, 2.304382801055908, 2.3144643306732178, 2.324378728866577, 2.33449125289917, 2.344499111175537, 2.354593276977539, 2.3646161556243896, 2.3747596740722656, 2.38482928276062, 2.3948028087615967, 2.4048428535461426, 2.4149527549743652, 2.425002336502075, 2.435023069381714, 2.4450790882110596, 2.4551761150360107, 2.4652202129364014, 2.4752750396728516, 2.48530912399292, 2.4956438541412354, 2.5056257247924805, 2.5155279636383057, 2.5255532264709473, 2.5356216430664062, 2.545663356781006, 2.555835723876953, 2.566047191619873, 2.5758516788482666, 2.5860884189605713, 2.5962228775024414, 2.6060798168182373, 2.616100788116455, 2.626223564147949, 2.636279821395874, 2.6462910175323486, 2.6563990116119385, 2.6664249897003174, 2.6764326095581055, 2.686540365219116, 2.6966123580932617, 2.7065815925598145, 2.716738224029541, 2.7268359661102295, 2.736901044845581, 2.7468745708465576, 2.75701904296875, 2.7670106887817383, 2.777076005935669, 2.787243366241455, 2.797193765640259, 2.8072493076324463, 2.8173327445983887, 2.827366828918457, 2.837385892868042, 2.8474202156066895, 2.857550621032715, 2.867575168609619, 2.877654790878296, 2.8877272605895996, 2.8978359699249268, 2.9078502655029297, 2.9180171489715576, 2.9280693531036377, 2.93800687789917, 2.9480645656585693, 2.958322286605835, 2.968229055404663, 2.978212833404541, 2.9884958267211914, 2.9984071254730225, 3.008347272872925, 3.018446922302246, 3.0285868644714355, 3.038564443588257], "set_target_data": [{"head": [[0.9947165948214526, -0.09483151415741696, -0.039317679349444704, -0.005356215983608262], [0.09514136381559692, 0.9954451937587793, 0.006081703203436028, -0.005621376909245296], [0.03856185781471569, -0.009790308736607106, 0.9992082530567488, -0.0009656243845480583], [0.0, 0.0, 0.0, 1.0]], "antennas": [-0.10434584730261265, 0.08456708251881216], "body_yaw": -0.0, "check_collision": false}, {"head": [[0.9947196439114417, -0.09483953597941405, -0.03922107127430373, -0.005340999490914796], [0.09514442739877865, 0.9954455329599399, 0.00597736104478869, -0.005615786995089274], [0.038475550050039886, -0.009677464818362643, 0.999212679424674, -0.0009468182524968727], [0.0, 0.0, 0.0, 1.0]], "antennas": [-0.10434584730261265, 0.08456708251881216], "body_yaw": -0.0, "check_collision": false}, {"head": [[0.9947256218693474, -0.09486042010482862, -0.03901843018594352, -0.005310059402092794], [0.09516260497939996, 0.9954439142584723, 0.005957531309671656, -0.0057608205264687105], [0.038275524949693426, -0.009639204495520484, 0.999220731333432, -0.0008876927289482861], [0.0, 0.0, 0.0, 1.0]], "antennas": [-0.10434584730261265, 0.08456708251881216], "body_yaw": -0.0, "check_collision": false}, {"head": [[0.9947352033814268, -0.09481858385031265, -0.038875587588259694, -0.005292415088177018], [0.09511767634269495, 0.9954484714892512, 0.0059133963912016314, -0.005763427412202813], [0.03813794437142033, -0.009580019119729126, 0.9992265611125376, -0.0008752222241122931], [0.0, 0.0, 0.0, 1.0]], "antennas": [-0.10434584730261265, 0.08456708251881216], "body_yaw": -0.0, "check_collision": false}, {"head": [[0.9947204124608066, -0.09497348674190155, -0.038875928926370755, -0.0052640465742704], [0.0952768783339039, 0.9954325890004365, 0.006023056602268329, -0.005514649773502573], [0.03812633589461296, -0.00969523449811846, 0.9992258928486978, -0.001081037900941939], [0.0, 0.0, 0.0, 1.0]], "antennas": [-0.10434584730261265, 0.08456708251881216], "body_yaw": -0.0, "check_collision": false}, {"head": [[0.9947166230297405, -0.09500910655973506, -0.03888585268487657, -0.005252119356560277], [0.09531099595036911, 0.995429579432139, 0.005980505204725569, -0.005507094958284572], [0.03813992552768998, -0.009655157289031326, 0.9992257622872152, -0.0010772041703824842], [0.0, 0.0, 0.0, 1.0]], "antennas": [-0.10434584730261265, 0.08456708251881216], "body_yaw": -0.0, "check_collision": false}, {"head": [[0.9947118737676296, -0.09500642177710347, -0.03901368999213064, -0.005286660085395077], [0.09530358785010476, 0.9954312111102286, 0.005824954121748729, -0.005813432332226689], [0.03828203663062248, -0.009512295660576932, 0.9992216980743949, -0.0009575390392412286], [0.0, 0.0, 0.0, 1.0]], "antennas": [-0.10434584730261265, 0.08456708251881216], "body_yaw": -0.0, "check_collision": false}, {"head": [[0.994709227185749, -0.09502851545026529, -0.03902735710816579, -0.0052895794060856555], [0.09532034778432998, 0.9954304326450579, 0.005681994574675739, -0.005829668213247824], [0.038309067461946754, -0.00937203368490293, 0.9992219875156895, -0.0009510766926484893], [0.0, 0.0, 0.0, 1.0]], "antennas": [-0.10434584730261265, 0.08456708251881216], "body_yaw": -0.0, "check_collision": false}, {"head": [[0.9947116876761728, -0.09502663010131812, -0.03896919260143129, -0.005219331589709119], [0.09531848841841448, 0.9954305251196206, 0.005696966359821143, -0.005945063993089776], [0.03824976033975601, -0.009381323556066563, 0.9992241723468701, -0.0008014984641617762], [0.0, 0.0, 0.0, 1.0]], "antennas": [-0.10434584730261265, 0.08456708251881216], "body_yaw": -0.0, "check_collision": false}, {"head": [[0.9947245245821291, -0.09484266966410651, -0.03908948971069447, -0.005288073022421168], [0.09512779289653009, 0.9954498986426358, 0.005495662926434397, -0.006004769792031321], [0.03839040522698607, -0.009185167573391075, 0.9992206010101856, -0.0008787542175636709], [0.0, 0.0, 0.0, 1.0]], "antennas": [-0.10434584730261265, 0.08456708251881216], "body_yaw": -0.0, "check_collision": false}, {"head": [[0.9947344455062598, -0.09479254701847889, -0.038958387455129695, -0.005288675428800372], [0.09508050362819362, 0.9954538233025544, 0.005602098012051945, -0.0060472644400069425], [0.03825023860270155, -0.00927678295946624, 0.9992251300606686, -0.0008807214446447942], [0.0, 0.0, 0.0, 1.0]], "antennas": [-0.10434584730261265, 0.08456708251881216], "body_yaw": -0.0, "check_collision": false}, {"head": [[0.9947551021283323, -0.09461489434825897, -0.03886268849576494, -0.005304489840089995], [0.09489751578051982, 0.9954719143091424, 0.00548901816148535, -0.006273126011241017], [0.03816737203865441, -0.00914820141661291, 0.9992294842139636, -0.0007603888607317089], [0.0, 0.0, 0.0, 1.0]], "antennas": [-0.10434584730261265, 0.08456708251881216], "body_yaw": -0.0, "check_collision": false}, {"head": [[0.9947662366250839, -0.09453579494517081, -0.03877006506123611, -0.005314325203578949], [0.0948179551382653, 0.9954794312817012, 0.005500661638282239, -0.006326479870174142], [0.03807479289721446, -0.009147970766545903, 0.999233018257848, -0.0007545449511948688], [0.0, 0.0, 0.0, 1.0]], "antennas": [-0.10434584730261265, 0.08456708251881216], "body_yaw": -0.0, "check_collision": false}, {"head": [[0.9947783614827121, -0.09445812784683576, -0.03864807381282782, -0.005326574096310542], [0.09473898215528766, 0.9954869696175281, 0.005497143066283119, -0.006380973593018332], [0.03795440403893919, -0.009129918147602906, 0.9992377634020181, -0.0007479735512312402], [0.0, 0.0, 0.0, 1.0]], "antennas": [-0.10434584730261265, 0.08456708251881216], "body_yaw": -0.0, "check_collision": false}, {"head": [[0.9947840932501317, -0.0945023997198146, -0.03839146081760369, -0.005274368760588434], [0.09478310441211286, 0.9954824513931139, 0.0055544654431463865, -0.006413977938195826], [0.03769311521373269, -0.00916435570855804, 0.9992473385753555, -0.000737970640006913], [0.0, 0.0, 0.0, 1.0]], "antennas": [-0.10434584730261265, 0.08456708251881216], "body_yaw": -0.0, "check_collision": false}, {"head": [[0.9948056350054634, -0.09434698860670789, -0.0382151056811669, -0.00519196409635867], [0.09462909271666285, 0.99549663548186, 0.005637690654713092, -0.006498936959692675], [0.037511109994217, -0.009224667210406434, 0.999253632538736, -0.0006512286641112697], [0.0, 0.0, 0.0, 1.0]], "antennas": [-0.10434584730261265, 0.08456708251881216], "body_yaw": -0.0, "check_collision": false}, {"head": [[0.9948137955824702, -0.09430124722900585, -0.0381154416195482, -0.0051769343573572334], [0.09458086327314827, 0.9955014503714149, 0.005596660693265722, -0.0065561609903151945], [0.037416205330114714, -0.009172626639269044, 0.9992576697224952, -0.0006380078995986693], [0.0, 0.0, 0.0, 1.0]], "antennas": [-0.10434584730261265, 0.08456708251881216], "body_yaw": -0.0, "check_collision": false}, {"head": [[0.9948038260287753, -0.09440286630230896, -0.038124094119317525, -0.0051229829289056], [0.09468589379849815, 0.9954909725241414, 0.005683760948391595, -0.006479152231781636], [0.03741562820653602, -0.009264041064638545, 0.9992568480170966, -0.0005530407318836694], [0.0, 0.0, 0.0, 1.0]], "antennas": [-0.10434584730261265, 0.08456708251881216], "body_yaw": -0.0, "check_collision": false}, {"head": [[0.994815972472304, -0.09438437542303961, -0.03785195622403642, -0.005105669107094228], [0.09466591407964252, 0.995492711790501, 0.005711872150148631, -0.006522708340172699], [0.03714223506265332, -0.009265551683338605, 0.9992670333432168, -0.0005283719582215296], [0.0, 0.0, 0.0, 1.0]], "antennas": [-0.10434584730261265, 0.08456708251881216], "body_yaw": -0.0, "check_collision": false}, {"head": [[0.9948256857399108, -0.09432477289811758, -0.03774509517585752, -0.005088900317309009], [0.09460558208299333, 0.9954984004313777, 0.005720015498764196, -0.006566877952577174], [0.03703564270880163, -0.009261315040890995, 0.9992710289070024, -0.0005000431174020381], [0.0, 0.0, 0.0, 1.0]], "antennas": [-0.10434584730261265, 0.08456708251881216], "body_yaw": -0.0, "check_collision": false}, {"head": [[0.9948441194779551, -0.0941194930424909, -0.03777166887439009, -0.00507381614599396], [0.09439551426616749, 0.9955190909984113, 0.0055880536971828374, -0.006564570775062532], [0.03707647268225275, -0.009124718468058835, 0.9992707714560257, -0.0006234959744964019], [0.0, 0.0, 0.0, 1.0]], "antennas": [-0.10434584730261265, 0.08456708251881216], "body_yaw": -0.0, "check_collision": false}, {"head": [[0.9948468834870546, -0.09410500066381994, -0.0377349607944382, -0.005068169664634846], [0.09437906350201952, 0.9955208940593571, 0.005544534582883958, -0.006607460790440231], [0.03704417347677102, -0.0090773532112328, 0.9992724007347056, -0.000605438064571695], [0.0, 0.0, 0.0, 1.0]], "antennas": [-0.10434584730261265, 0.08456708251881216], "body_yaw": -0.0, "check_collision": false}, {"head": [[0.9948490925668196, -0.09410874176291044, -0.037667329913033544, -0.005026936427011578], [0.0943853786330331, 0.9955198120246319, 0.005630645321851266, -0.00665931838805882], [0.036968680247940304, -0.009156887584946385, 0.9992744708489665, -0.000560800380366766], [0.0, 0.0, 0.0, 1.0]], "antennas": [-0.10434584730261265, 0.08456708251881216], "body_yaw": -0.0, "check_collision": false}, {"head": [[0.9948579011861767, -0.09396858441294277, -0.03778440936237236, -0.005066638790476788], [0.09424648534793377, 0.9955329272889555, 0.005638322715586952, -0.00653624668118173], [0.03708579845435972, -0.009170377686390337, 0.9992700074184613, -0.0006565050671943906], [0.0, 0.0, 0.0, 1.0]], "antennas": [-0.10434584730261265, 0.08456708251881216], "body_yaw": -0.0, "check_collision": false}, {"head": [[0.9948698618088172, -0.09386367833340324, -0.037730199498921396, -0.005057686803707344], [0.09414088885769563, 0.995542936994271, 0.005635037347183112, -0.006573332957795356], [0.03703310828958327, -0.009158083344486229, 0.9992720742619937, -0.0006368553249549436], [0.0, 0.0, 0.0, 1.0]], "antennas": [-0.10434584730261265, 0.08456708251881216], "body_yaw": -0.0, "check_collision": false}, {"head": [[0.9948873675855543, -0.09372999003707329, -0.037600728534648374, -0.005045784292767622], [0.0940072005323296, 0.99555537360025, 0.005669598199249494, -0.006612979302426483], [0.03690219596122358, -0.009175350855237505, 0.9992767588961142, -0.0006249374644962113], [0.0, 0.0, 0.0, 1.0]], "antennas": [-0.10434584730261265, 0.08456708251881216], "body_yaw": -0.0, "check_collision": false}, {"head": [[0.994891054513025, -0.09373840234519672, -0.037482016697754195, -0.0050027636436313205], [0.0940203186211463, 0.9955532263951733, 0.005826928911391039, -0.006477041766239288], [0.036769135648514126, -0.009321230601712242, 0.9992803136876711, -0.0007384606942262284], [0.0, 0.0, 0.0, 1.0]], "antennas": [-0.10434584730261265, 0.08456708251881216], "body_yaw": -0.0, "check_collision": false}, {"head": [[0.9949062363227573, -0.09362022189182552, -0.037374255564638595, -0.0049803731779651614], [0.09390380116532794, 0.9955637824617473, 0.005901794401807283, -0.006510283703166376], [0.03665592793516648, -0.009381316719096778, 0.9992839105298492, -0.0007404955030683169], [0.0, 0.0, 0.0, 1.0]], "antennas": [-0.10434584730261265, 0.08456708251881216], "body_yaw": -0.0, "check_collision": false}, {"head": [[0.9949056390386103, -0.0936106473820851, -0.03741411639850528, -0.005004460398539861], [0.0938970449456798, 0.9955640219085519, 0.005968520062542068, -0.006709270169098129], [0.03668943117088311, -0.00945118923601153, 0.9992820225854069, -0.0006001712439162032], [0.0, 0.0, 0.0, 1.0]], "antennas": [-0.10434584730261265, 0.08456708251881216], "body_yaw": -0.0, "check_collision": false}, {"head": [[0.9949097739045876, -0.09362967700292157, -0.03725621254838993, -0.00503297233299531], [0.09391931734214534, 0.9955611378999164, 0.0060977482244533735, -0.006549028971320691], [0.03651990716181551, -0.009565787356616657, 0.9992871419632798, -0.0006346634031240139], [0.0, 0.0, 0.0, 1.0]], "antennas": [-0.10434584730261265, 0.08456708251881216], "body_yaw": -0.0, "check_collision": false}, {"head": [[0.9949108314677241, -0.09368899072042881, -0.03707843640162735, -0.005034290174912406], [0.09397109742224145, 0.9955572271389058, 0.005936357532442006, -0.006550941820709507], [0.036357533984880286, -0.00939044776785327, 0.9992947259008514, -0.0006199552981831502], [0.0, 0.0, 0.0, 1.0]], "antennas": [-0.10434584730261265, 0.08456708251881216], "body_yaw": -0.0, "check_collision": false}, {"head": [[0.9949011262007271, -0.09380374755004979, -0.03704869808902109, -0.005086327877014013], [0.09407908663040242, 0.9955480879120373, 0.005755876429860347, -0.006486952715265051], [0.03634383776259939, -0.009212035619400918, 0.999296884742684, -0.0007116860365076194], [0.0, 0.0, 0.0, 1.0]], "antennas": [-0.10434584730261265, 0.08456708251881216], "body_yaw": -0.0, "check_collision": false}, {"head": [[0.9949000095476315, -0.093815291139835, -0.03704945546793823, -0.005099442045507864], [0.09408956339798319, 0.995547269246502, 0.0057261466458325, -0.006489861039341913], [0.03634728410348762, -0.009182910441721221, 0.9992970274618651, -0.000704833533222482], [0.0, 0.0, 0.0, 1.0]], "antennas": [-0.10434584730261265, 0.08456708251881216], "body_yaw": -0.0, "check_collision": false}, {"head": [[0.9948795037547044, -0.0939796975553238, -0.03718318781657777, -0.005099386544142303], [0.09426292685258679, 0.9955296467172847, 0.0059349075933824765, -0.006353519380843312], [0.03645920501021524, -0.009409514034634452, 0.9992908422554742, -0.0007298178066619254], [0.0, 0.0, 0.0, 1.0]], "antennas": [-0.10434584730261265, 0.08456708251881216], "body_yaw": -0.0, "check_collision": false}, {"head": [[0.994873390908744, -0.09402413733835067, -0.03723436127444476, -0.005116484301244326], [0.09430979554101103, 0.9955248935025288, 0.005987393572406819, -0.006353900023366469], [0.03650477402682558, -0.009468263544978617, 0.9992886237012272, -0.0007129937846135359], [0.0, 0.0, 0.0, 1.0]], "antennas": [-0.10434584730261265, 0.08456708251881216], "body_yaw": -0.0, "check_collision": false}, {"head": [[0.9948670039219242, -0.094085651627792, -0.03724962637648226, -0.005133147271670774], [0.09437219018521847, 0.9955188660411747, 0.006006419543984598, -0.006358268951560624], [0.036517587914027365, -0.009490917440751763, 0.9992879406152532, -0.0006955452466838041], [0.0, 0.0, 0.0, 1.0]], "antennas": [-0.10434584730261265, 0.08456708251881216], "body_yaw": -0.0, "check_collision": false}, {"head": [[0.9948608093206206, -0.09422285704099523, -0.037067820126792606, -0.005054076109954066], [0.09451159692533859, 0.9955049982041382, 0.006112004352210143, -0.0063772788273880835], [0.03632530969644175, -0.009583932471135313, 0.9992940608819041, -0.0007244978137809222], [0.0, 0.0, 0.0, 1.0]], "antennas": [-0.10434584730261265, 0.08456708251881216], "body_yaw": -0.0, "check_collision": false}, {"head": [[0.9948568727209097, -0.09424530800699425, -0.03711636726079578, -0.005093106235466733], [0.09453667542267886, 0.995502253064929, 0.0061709920334512385, -0.006439554830063201], [0.036367840188806254, -0.009648111800587743, 0.9992918963639627, -0.0007401685563422911], [0.0, 0.0, 0.0, 1.0]], "antennas": [-0.10434584730261265, 0.08456708251881216], "body_yaw": -0.0, "check_collision": false}, {"head": [[0.9948517773798047, -0.09428965830016497, -0.03714029323903988, -0.005109685183111728], [0.09458001829035223, 0.9954983512306467, 0.006136190777743014, -0.006451599249412033], [0.036394521351988916, -0.009617329915436639, 0.9992912217070945, -0.0007330376062660848], [0.0, 0.0, 0.0, 1.0]], "antennas": [-0.10434584730261265, 0.08456708251881216], "body_yaw": -0.0, "check_collision": false}, {"head": [[0.9948483462789648, -0.09433460830893133, -0.03711804926460042, -0.0051262797036660535], [0.09462062422261246, 0.9954951901953286, 0.006021940691293351, -0.006462256896954744], [0.036382762095970196, -0.009503050729465369, 0.999292743218473, -0.0007253718468299697], [0.0, 0.0, 0.0, 1.0]], "antennas": [-0.10434584730261265, 0.08456708251881216], "body_yaw": -0.0, "check_collision": false}, {"head": [[0.9948425924288028, -0.09440195256563197, -0.037101046364427424, -0.0050383443403756445], [0.09469147029677305, 0.9954878470420022, 0.00612142505587801, -0.006435661593588422], [0.036355766290570295, -0.009603007001744688, 0.9992927701699588, -0.0007107625514468641], [0.0, 0.0, 0.0, 1.0]], "antennas": [-0.10434584730261265, 0.08456708251881216], "body_yaw": -0.0, "check_collision": false}, {"head": [[0.9948374062033236, -0.09441219559310908, -0.03721387566393901, -0.0050241667422864025], [0.09470991055781182, 0.9954848762914542, 0.006316163164356528, -0.006295325211265452], [0.03644952757957068, -0.009808078215226623, 0.999287362844617, -0.0007859295025326452], [0.0, 0.0, 0.0, 1.0]], "antennas": [-0.10434584730261265, 0.08456708251881216], "body_yaw": -0.0, "check_collision": false}, {"head": [[0.9948294066380363, -0.0944755819010348, -0.03726682321681683, -0.005029946623483883], [0.09477102939825016, 0.9954795479183154, 0.00623872287751853, -0.006285947514506238], [0.03650895335405574, -0.009738280177081242, 0.999285876125638, -0.0007776081371306809], [0.0, 0.0, 0.0, 1.0]], "antennas": [-0.10434584730261265, 0.08456708251881216], "body_yaw": -0.0, "check_collision": false}, {"head": [[0.9948454586481739, -0.09437126296682101, -0.03710226587624254, -0.005050934349230636], [0.09465357187798719, 0.9954926482516047, 0.005923563770684689, -0.006514110279335026], [0.036376018718971816, -0.009404892506231633, 0.9992939173531994, -0.0007236041719017594], [0.0, 0.0, 0.0, 1.0]], "antennas": [-0.10434584730261265, 0.08456708251881216], "body_yaw": -0.0, "check_collision": false}, {"head": [[0.9948429973313682, -0.09442059263221496, -0.037042709778314926, -0.005056911570554337], [0.0946989997347321, 0.9954888757247465, 0.00583075960068642, -0.0065264649586581226], [0.036325061734020024, -0.009308597921335935, 0.9992966726126722, -0.0007158521032530896], [0.0, 0.0, 0.0, 1.0]], "antennas": [-0.10434584730261265, 0.08456708251881216], "body_yaw": -0.0, "check_collision": false}, {"head": [[0.9948455666308959, -0.09441987282432376, -0.03697548066881597, -0.005086855185886609], [0.09469950893783491, 0.995488526354046, 0.005881913326656565, -0.006753651088750484], [0.036253297253965526, -0.00935315525840875, 0.9992988626656829, -0.0005929792427029623], [0.0, 0.0, 0.0, 1.0]], "antennas": [-0.10434584730261265, 0.08456708251881216], "body_yaw": -0.0, "check_collision": false}, {"head": [[0.9948420512477856, -0.09444837567723742, -0.03699726207478067, -0.005096292031286505], [0.09472809354165566, 0.9954858296208657, 0.005878036918931625, -0.0067770054635182524], [0.0362750790910497, -0.009352398408345123, 0.9992980792941363, -0.0005919213233829268], [0.0, 0.0, 0.0, 1.0]], "antennas": [-0.10434584730261265, 0.08456708251881216], "body_yaw": -0.0, "check_collision": false}, {"head": [[0.994832764500135, -0.0945358624219418, -0.0370235248613361, -0.00504222385385587], [0.09482069495167579, 0.9954762224069605, 0.0060105267030708025, -0.006361877775569619], [0.03628782834366816, -0.009490065253030346, 0.9992963185039727, -0.0007936588937890177], [0.0, 0.0, 0.0, 1.0]], "antennas": [-0.10434584730261265, 0.08456708251881216], "body_yaw": -0.0, "check_collision": false}, {"head": [[0.9948330672054458, -0.09452979473058153, -0.03703088309504288, -0.0050312384820344665], [0.09481586815756092, 0.9954764863104902, 0.006042875842522553, -0.006363716581053778], [0.03629214157545177, -0.009522768038456043, 0.9992958507613012, -0.0007999143710846202], [0.0, 0.0, 0.0, 1.0]], "antennas": [-0.10434584730261265, 0.08456708251881216], "body_yaw": -0.0, "check_collision": false}, {"head": [[0.9948337202687606, -0.09454512280281188, -0.03697416355264903, -0.004995962679397937], [0.09483463536761766, 0.9954740279000799, 0.006152374426313129, -0.006381881458481656], [0.03622514252432721, -0.009627020857553605, 0.999297282853556, -0.0007701503615901162], [0.0, 0.0, 0.0, 1.0]], "antennas": [-0.10434584730261265, 0.08456708251881216], "body_yaw": -0.0, "check_collision": false}, {"head": [[0.9948361184641799, -0.09453385448483244, -0.036938431955960624, -0.004978440183268816], [0.09482379035313936, 0.9954749285185066, 0.006173773087680151, -0.00637803645948133], [0.03618765234425249, -0.009644534582592049, 0.9992984723147018, -0.0007774173425896258], [0.0, 0.0, 0.0, 1.0]], "antennas": [-0.10434584730261265, 0.08456708251881216], "body_yaw": -0.0, "check_collision": false}, {"head": [[0.9948375494102478, -0.0945562112469109, -0.03684254603093578, -0.005018312856366936], [0.0948440691789356, 0.9954731964499264, 0.006141473060017441, -0.006494028426246851], [0.036095052638738974, -0.009604064993283003, 0.9993022111006314, -0.0008021991404792983], [0.0, 0.0, 0.0, 1.0]], "antennas": [-0.10434584730261265, 0.08456708251881216], "body_yaw": -0.0, "check_collision": false}, {"head": [[0.9948411619880234, -0.0945410801841966, -0.036783781370659616, -0.005016721517172994], [0.09482487226486072, 0.9954756177500308, 0.0060446724598844075, -0.006492111983517132], [0.03604588761942232, -0.00950150634371977, 0.9993049661454346, -0.0008135251040611857], [0.0, 0.0, 0.0, 1.0]], "antennas": [-0.10434584730261265, 0.08456708251881216], "body_yaw": -0.0, "check_collision": false}, {"head": [[0.9948449827019966, -0.09452117027967351, -0.036731577173124974, -0.0049974797405330906], [0.09480994683173953, 0.9954761013658262, 0.0061972244802193524, -0.006321754310740996], [0.03597963833096425, -0.009647796559654127, 0.9993059519722259, -0.0008517646419902158], [0.0, 0.0, 0.0, 1.0]], "antennas": [-0.10434584730261265, 0.08456708251881216], "body_yaw": -0.0, "check_collision": false}, {"head": [[0.9948467557626129, -0.09456682223205437, -0.03656567627619327, -0.005001816535518094], [0.09484621685710515, 0.9954739785986686, 0.005979387998205277, -0.006296988906999595], [0.035834727520930296, -0.009416690813078955, 0.9993133633838948, -0.0008552018399203831], [0.0, 0.0, 0.0, 1.0]], "antennas": [-0.10434584730261265, 0.08456708251881216], "body_yaw": -0.0, "check_collision": false}, {"head": [[0.994834261369942, -0.09474469450570915, -0.036444962169584226, -0.005051135756632319], [0.09502070930174795, 0.9954577313609253, 0.005913533423698477, -0.00627880739967966], [0.03571914344319143, -0.0093460118114808, 0.9993181649779539, -0.0008668695205024113], [0.0, 0.0, 0.0, 1.0]], "antennas": [-0.10434584730261265, 0.08456708251881216], "body_yaw": -0.0, "check_collision": false}, {"head": [[0.994832423655955, -0.09477719285779353, -0.03641061049769868, -0.005072929541871954], [0.09505041063660206, 0.9954553085241762, 0.005843643456839085, -0.006257379050590128], [0.035691291383639225, -0.009274289462484122, 0.9993198283204102, -0.0008588633970321169], [0.0, 0.0, 0.0, 1.0]], "antennas": [-0.10434584730261265, 0.08456708251881216], "body_yaw": -0.0, "check_collision": false}, {"head": [[0.9948248533546198, -0.09481398999248063, -0.03652147929185399, -0.005073821519352673], [0.09509052475890893, 0.9954511044855274, 0.005906833298752965, -0.006161294637833005], [0.035795296465246144, -0.009349111201056123, 0.9993154111043798, -0.0009657803651259567], [0.0, 0.0, 0.0, 1.0]], "antennas": [-0.10434584730261265, 0.08456708251881216], "body_yaw": -0.0, "check_collision": false}, {"head": [[0.9948213138966938, -0.0948409519246265, -0.03654787620213106, -0.005091179049512716], [0.09511876826361473, 0.9954482372850878, 0.005935217773954006, -0.006144192672659416], [0.03581861723836321, -0.00938087011114572, 0.9993142778601181, -0.0009724100053392082], [0.0, 0.0, 0.0, 1.0]], "antennas": [-0.10434584730261265, 0.08456708251881216], "body_yaw": -0.0, "check_collision": false}, {"head": [[0.9948203400614892, -0.09482515113339875, -0.03661532073424084, -0.005067746660185314], [0.09510794920636186, 0.995448539939956, 0.0060565938587806845, -0.006121399115770006], [0.035874350136320746, -0.009507630826773352, 0.9993110806742607, -0.0009357470517957767], [0.0, 0.0, 0.0, 1.0]], "antennas": [-0.10434584730261265, 0.08456708251881216], "body_yaw": -0.0, "check_collision": false}, {"head": [[0.9948165094946739, -0.09485990593407956, -0.036629369132041914, -0.00507677590656015], [0.09514085661428814, 0.9954457331022967, 0.006000820871424273, -0.006092395075367239], [0.03589331190532953, -0.009454665229876513, 0.9993109023051124, -0.000943587636455745], [0.0, 0.0, 0.0, 1.0]], "antennas": [-0.10434584730261265, 0.08456708251881216], "body_yaw": -0.0, "check_collision": false}, {"head": [[0.9948097015151263, -0.09491835790236892, -0.03666283001220496, -0.005059470838300209], [0.0952088354184026, 0.995437662224956, 0.006256059653379982, -0.006200229974048821], [0.03590174688866216, -0.009714214185044654, 0.9993081099506349, -0.0008923761550887477], [0.0, 0.0, 0.0, 1.0]], "antennas": [-0.10434584730261265, 0.08456708251881216], "body_yaw": -0.0, "check_collision": false}, {"head": [[0.9948149117423672, -0.09484923591690099, -0.036700324535429235, -0.005063327294728151], [0.09514334274497067, 0.9954433416831996, 0.006348057175048417, -0.00617623971075054], [0.03593098532379546, -0.009806933494457295, 0.9993061534630397, -0.0009069609355824015], [0.0, 0.0, 0.0, 1.0]], "antennas": [-0.10434584730261265, 0.08456708251881216], "body_yaw": -0.0, "check_collision": false}, {"head": [[0.9948163775517814, -0.09482951973375515, -0.03671153962743247, -0.005018323032532957], [0.09512923362797694, 0.9954437012965162, 0.006501265911019781, -0.006039762194730328], [0.035927758963021666, -0.009959906433162339, 0.9993047565181191, -0.0010464014658744247], [0.0, 0.0, 0.0, 1.0]], "antennas": [-0.10434584730261265, 0.08456708251881216], "body_yaw": -0.0, "check_collision": false}, {"head": [[0.9948219922966179, -0.0947846095316784, -0.036675351926257004, -0.005017657586626987], [0.0950869334962793, 0.9954471938681826, 0.006584777766536541, -0.006013573190258343], [0.03588424056966654, -0.010038028486100995, 0.9993055384930327, -0.0010734260687426112], [0.0, 0.0, 0.0, 1.0]], "antennas": [-0.10434584730261265, 0.08456708251881216], "body_yaw": -0.0, "check_collision": false}, {"head": [[0.9948291142457844, -0.09475910880168778, -0.03654784190698424, -0.005045262246276421], [0.0950634736778597, 0.9954488130458897, 0.006678066923002798, -0.0062306151777628115], [0.03574869817555452, -0.010117900208992118, 0.9993095910047666, -0.0009638462112173674], [0.0, 0.0, 0.0, 1.0]], "antennas": [-0.10434584730261265, 0.08456708251881216], "body_yaw": -0.0, "check_collision": false}, {"head": [[0.9948275796402503, -0.09478181621646356, -0.036530728186419614, -0.005059097864863206], [0.09508827314521592, 0.9954460200145127, 0.0067410346036314624, -0.006209643519519704], [0.03572544047849316, -0.010179810998985768, 0.9993097939831485, -0.0009835227269487934], [0.0, 0.0, 0.0, 1.0]], "antennas": [-0.10434584730261265, 0.08456708251881216], "body_yaw": -0.0, "check_collision": false}, {"head": [[0.9948174407953844, -0.09487213110140119, -0.03657236975642156, -0.005082094228474197], [0.09517885692986597, 0.9954374030745173, 0.006735113494582466, -0.006096701400709633], [0.03576653020417245, -0.010181124718779591, 0.9993083107913266, -0.0010608465647677923], [0.0, 0.0, 0.0, 1.0]], "antennas": [-0.10434584730261265, 0.08456708251881216], "body_yaw": -0.0, "check_collision": false}, {"head": [[0.9948200107006817, -0.09485622282442853, -0.03654371766772195, -0.005097668735529744], [0.09516338345824595, 0.9954387428467166, 0.00675571524914097, -0.00606689632826291], [0.03573621074309158, -0.010198344533844477, 0.9993092199166855, -0.0010782260618046324], [0.0, 0.0, 0.0, 1.0]], "antennas": [-0.10434584730261265, 0.08456708251881216], "body_yaw": -0.0, "check_collision": false}, {"head": [[0.9948418977802125, -0.0946422887551186, -0.03650254238074492, -0.005118992699526962], [0.094937701577062, 0.9954623686984518, 0.00644246261396482, -0.006191962273998463], [0.03572717789484704, -0.00987469920860205, 0.999312793411157, -0.0010633417544279045], [0.0, 0.0, 0.0, 1.0]], "antennas": [-0.10434584730261265, 0.08456708251881216], "body_yaw": -0.0, "check_collision": false}, {"head": [[0.994847770162864, -0.09456839121462063, -0.03653400587201191, -0.0051300348564118185], [0.09486591864836427, 0.9954688761713671, 0.006494155304388066, -0.006177393677950642], [0.03575432394801594, -0.009926527952614944, 0.9993113090332895, -0.0010851383538733606], [0.0, 0.0, 0.0, 1.0]], "antennas": [-0.10434584730261265, 0.08456708251881216], "body_yaw": -0.0, "check_collision": false}, {"head": [[0.9948578840184921, -0.09445496708480669, -0.036552014982162706, -0.005046468717719037], [0.0947552012407551, 0.9954789448292654, 0.006566752579160556, -0.005819404603731671], [0.03576649890710816, -0.009996479111166572, 0.9993101760521141, -0.0012761664073911438], [0.0, 0.0, 0.0, 1.0]], "antennas": [-0.10434584730261265, 0.08456708251881216], "body_yaw": -0.0, "check_collision": false}, {"head": [[0.9948745247393013, -0.09423802813033698, -0.03665888812901503, -0.005079729459134029], [0.09453493024458674, 0.9955006635100904, 0.006447938788577524, -0.00566818206899738], [0.03588630641903597, -0.009880435469954714, 0.9993070349029489, -0.001452796165495318], [0.0, 0.0, 0.0, 1.0]], "antennas": [-0.10434584730261265, 0.08456708251881216], "body_yaw": -0.0, "check_collision": false}, {"head": [[0.9948912346856835, -0.09406678536229889, -0.03664520483227562, -0.005066716992990477], [0.09437034700360199, 0.9955150147035434, 0.0066402640176162365, -0.0057912590118523125], [0.03585622333732311, -0.010064561163165056, 0.9993062773026982, -0.001380721102967164], [0.0, 0.0, 0.0, 1.0]], "antennas": [-0.10434584730261265, 0.08456708251881216], "body_yaw": -0.0, "check_collision": false}, {"head": [[0.9948973547471186, -0.09400997712586548, -0.036624823794526716, -0.005064195716216389], [0.09431524517733317, 0.9955198728571147, 0.006694570463693818, -0.005751313788456154], [0.035831383511182126, -0.010114689681254585, 0.9993066621454728, -0.0014122972983798832], [0.0, 0.0, 0.0, 1.0]], "antennas": [-0.10434584730261265, 0.08456708251881216], "body_yaw": -0.0, "check_collision": false}, {"head": [[0.9948905597804241, -0.09409851100665952, -0.03658202135099225, -0.005045511049836922], [0.09440290965440652, 0.9955116558050062, 0.006680853624876283, -0.005919183634548389], [0.03578917026946608, -0.01010016745923753, 0.9993083217449552, -0.0012751504921626466], [0.0, 0.0, 0.0, 1.0]], "antennas": [-0.10434584730261265, 0.08456708251881216], "body_yaw": -0.0, "check_collision": false}, {"head": [[0.9949063414683706, -0.09385897195579293, -0.036767718033949515, -0.005064802901674086], [0.0941488949568717, 0.9955386280511563, 0.006231022100897412, -0.005810684400509006], [0.03601884623946579, -0.009660923424994592, 0.9993044127162427, -0.0013642224194333474], [0.0, 0.0, 0.0, 1.0]], "antennas": [-0.10434584730261265, 0.08456708251881216], "body_yaw": -0.0, "check_collision": false}, {"head": [[0.9949005059609977, -0.09397528553823391, -0.03662825339213877, -0.0050544353376213574], [0.09426216301363359, 0.9955282171269176, 0.006181709156234897, -0.0060533063597081275], [0.03588353191287739, -0.009602843959396291, 0.9993098406026778, -0.0012278607444843326], [0.0, 0.0, 0.0, 1.0]], "antennas": [-0.10434584730261265, 0.08456708251881216], "body_yaw": -0.0, "check_collision": false}, {"head": [[0.9948955064213654, -0.09403283632434713, -0.036616348744427304, -0.005065740481483049], [0.09431634310960678, 0.995523650833207, 0.006089996235956622, -0.006037236799490685], [0.03587978156296258, -0.009512430000876697, 0.9993108400044866, -0.0012350954854190022], [0.0, 0.0, 0.0, 1.0]], "antennas": [-0.10434584730261265, 0.08456708251881216], "body_yaw": -0.0, "check_collision": false}, {"head": [[0.994891351049699, -0.09411038247322814, -0.03652992632415087, -0.004993137385134865], [0.09439217528640653, 0.9955166237187357, 0.006063756620269804, -0.005973400568829246], [0.03579548646415467, -0.009480918225165546, 0.9993141624826513, -0.0011783642821566742], [0.0, 0.0, 0.0, 1.0]], "antennas": [-0.10434584730261265, 0.08456708251881216], "body_yaw": -0.0, "check_collision": false}, {"head": [[0.9948891818186782, -0.09414177339185031, -0.03650811420490924, -0.004989003595520344], [0.09442017774522002, 0.9955145087994498, 0.005974345516586753, -0.0059521540363559385], [0.035781921898107305, -0.009390914355269406, 0.9993154981250165, -0.0011758074876748736], [0.0, 0.0, 0.0, 1.0]], "antennas": [-0.10434584730261265, 0.08456708251881216], "body_yaw": -0.0, "check_collision": false}, {"head": [[0.994887939899108, -0.09413047087537152, -0.036571047238075305, -0.005017483823661224], [0.09441366865406109, 0.9955144149759759, 0.0060916948644353704, -0.00592498046039335], [0.03583359059025294, -0.009513360490439741, 0.9993124885427925, -0.0011387928522266222], [0.0, 0.0, 0.0, 1.0]], "antennas": [-0.10434584730261265, 0.08456708251881216], "body_yaw": -0.0, "check_collision": false}, {"head": [[0.9948855101000306, -0.09412910721180152, -0.03664059181441882, -0.005026443864234197], [0.0944116394256622, 0.9955148328097313, 0.006054749934659125, -0.005896617699453899], [0.035906324428440585, -0.009483081319997252, 0.9993101655815964, -0.0011305518558099026], [0.0, 0.0, 0.0, 1.0]], "antennas": [-0.10434584730261265, 0.08456708251881216], "body_yaw": -0.0, "check_collision": false}, {"head": [[0.9948980716783539, -0.09395605095292063, -0.03674353630266205, -0.005063046833792309], [0.09422492935732356, 0.9955348903165484, 0.005651977532260836, -0.005911472134441582], [0.03604843489390692, -0.009085298660472273, 0.9993087449281877, -0.0012199599993899524], [0.0, 0.0, 0.0, 1.0]], "antennas": [-0.10434584730261265, 0.08456708251881216], "body_yaw": -0.0, "check_collision": false}, {"head": [[0.9948879224041101, -0.09403189145033429, -0.036824248053500395, -0.005083187170103937], [0.09429991026176442, 0.995