{"description": "You look up as if thinking of a new idea.", "time": [0.0, 0.010092496871948242, 0.020133018493652344, 0.030139446258544922, 0.040411949157714844, 0.05032658576965332, 0.06064629554748535, 0.0707547664642334, 0.08202099800109863, 0.09076333045959473, 0.10083413124084473, 0.11071157455444336, 0.12099075317382812, 0.13104629516601562, 0.14107394218444824, 0.15117287635803223, 0.16106653213500977, 0.17125320434570312, 0.18132996559143066, 0.19124507904052734, 0.2013862133026123, 0.21149468421936035, 0.22140789031982422, 0.2315349578857422, 0.24151277542114258, 0.25165653228759766, 0.2620270252227783, 0.27216243743896484, 0.28235816955566406, 0.29232192039489746, 0.3020951747894287, 0.31203770637512207, 0.3220553398132324, 0.33217525482177734, 0.3423492908477783, 0.35231757164001465, 0.36238741874694824, 0.37256479263305664, 0.382709264755249, 0.39250683784484863, 0.402742862701416, 0.41272616386413574, 0.42279553413391113, 0.43291544914245605, 0.4429748058319092, 0.45293593406677246, 0.4631476402282715, 0.47338271141052246, 0.48342466354370117, 0.49338722229003906, 0.5036106109619141, 0.5137298107147217, 0.523566722869873, 0.5334591865539551, 0.5435154438018799, 0.5538120269775391, 0.5636169910430908, 0.5737481117248535, 0.5837914943695068, 0.5937795639038086, 0.6038839817047119, 0.6139647960662842, 0.6239829063415527, 0.6340537071228027, 0.6445395946502686, 0.6546287536621094, 0.6642398834228516, 0.674422025680542, 0.6844792366027832, 0.6943562030792236, 0.7045078277587891, 0.7145931720733643, 0.7245297431945801, 0.7346508502960205, 0.7447104454040527, 0.7547523975372314, 0.7648916244506836, 0.7748827934265137, 0.784907341003418, 0.7949578762054443, 0.8050763607025146, 0.8151578903198242, 0.825110673904419, 0.8351635932922363, 0.8452377319335938, 0.8553338050842285, 0.8653683662414551, 0.8754258155822754, 0.8857407569885254, 0.8956394195556641, 0.9055957794189453, 0.9157454967498779, 0.9257588386535645, 0.9359803199768066, 0.9458975791931152, 0.9559879302978516, 0.9660437107086182, 0.9760599136352539, 0.9861698150634766, 0.9961614608764648, 1.0062751770019531, 1.016308307647705, 1.026353120803833, 1.0364391803741455, 1.0465030670166016, 1.056731939315796, 1.0665853023529053, 1.0767176151275635, 1.0867559909820557, 1.0968608856201172, 1.106895923614502, 1.1169264316558838, 1.127051830291748, 1.1371808052062988, 1.1471343040466309, 1.1571722030639648, 1.1673259735107422, 1.1773123741149902, 1.1874122619628906, 1.1975047588348389, 1.207758903503418, 1.2177186012268066, 1.2276756763458252, 1.2377662658691406, 1.2478039264678955, 1.2578322887420654, 1.2679178714752197, 1.2780039310455322, 1.2880632877349854, 1.2981195449829102, 1.3080904483795166, 1.318171739578247, 1.3281826972961426, 1.3383488655090332, 1.3484656810760498, 1.3583967685699463, 1.3686373233795166, 1.3785820007324219, 1.388763427734375, 1.3987901210784912, 1.4088656902313232, 1.418888807296753, 1.4290528297424316, 1.4393153190612793, 1.4491150379180908, 1.4590444564819336, 1.469174861907959, 1.4791617393493652, 1.4893114566802979, 1.499363899230957, 1.5095069408416748, 1.519660234451294, 1.5296046733856201, 1.5398292541503906, 1.5498406887054443, 1.5597329139709473, 1.5699701309204102, 1.5802738666534424, 1.5902416706085205, 1.600292682647705, 1.6102428436279297, 1.6201651096343994, 1.6305053234100342, 1.6404335498809814, 1.6503844261169434, 1.6604063510894775, 1.670522928237915, 1.680713176727295, 1.6905913352966309, 1.7006762027740479, 1.710719108581543, 1.7207903861999512, 1.7309746742248535, 1.741093397140503, 1.7510175704956055, 1.761012315750122, 1.771238088607788, 1.7811567783355713, 1.791210412979126, 1.8013157844543457, 1.811361312866211, 1.8215739727020264, 1.831559181213379, 1.8415393829345703, 1.8517425060272217, 1.861739158630371, 1.8718047142028809, 1.881819248199463, 1.891796350479126, 1.9019465446472168, 1.9119226932525635, 1.9221007823944092, 1.9320895671844482, 1.9420976638793945, 1.9523515701293945, 1.9621927738189697, 1.9723262786865234, 1.9824318885803223, 1.9923927783966064, 2.002680540084839, 2.012671709060669, 2.022907257080078, 2.0327367782592773, 2.0427348613739014, 2.052854537963867, 2.0628340244293213, 2.0729503631591797, 2.083042621612549, 2.0930240154266357, 2.1031548976898193, 2.11311936378479, 2.123190402984619, 2.133272171020508, 2.1433653831481934, 2.153454303741455, 2.1634974479675293, 2.1736481189727783, 2.183633327484131, 2.193598508834839, 2.203801155090332, 2.2137999534606934, 2.2239444255828857, 2.233881950378418, 2.243936538696289, 2.2540040016174316, 2.2641282081604004, 2.2741076946258545, 2.284198045730591, 2.294217586517334, 2.304335355758667, 2.3143789768218994, 2.3243460655212402, 2.334441900253296, 2.344517707824707, 2.3545849323272705, 2.3646087646484375, 2.3746583461761475, 2.3846938610076904, 2.3947415351867676, 2.4049072265625, 2.4149293899536133, 2.4249660968780518, 2.435142993927002, 2.4451801776885986, 2.455193519592285, 2.465235471725464, 2.4753434658050537, 2.485374927520752, 2.4953973293304443, 2.5056209564208984, 2.515634775161743, 2.525651216506958, 2.535792350769043, 2.5457513332366943, 2.5559282302856445, 2.5659093856811523, 2.5758700370788574, 2.5859646797180176, 2.5959572792053223, 2.6061484813690186, 2.6161768436431885, 2.626149892807007, 2.6363167762756348, 2.646345615386963, 2.65639591217041, 2.6666266918182373, 2.676530122756958, 2.6866066455841064, 2.6965725421905518, 2.706768751144409, 2.7167739868164062, 2.7267532348632812, 2.7368359565734863, 2.7468760013580322, 2.7569730281829834, 2.7670602798461914, 2.777055025100708, 2.7871196269989014, 2.79730486869812, 2.8083508014678955, 2.817737579345703, 2.82761812210083, 2.837646245956421, 2.847661018371582, 2.8577163219451904, 2.867947578430176, 2.877739429473877, 2.8878583908081055, 2.8979620933532715, 2.9079782962799072, 2.9181530475616455, 2.927994966506958, 2.9381439685821533, 2.948315143585205, 2.9583840370178223, 2.9684464931488037, 2.978332996368408, 2.9884848594665527, 2.9985239505767822, 3.008596181869507, 3.018704414367676, 3.0285725593566895, 3.0387723445892334, 3.0488028526306152, 3.058938980102539, 3.0691072940826416, 3.079021692276001, 3.089193105697632, 3.099125623703003, 3.109158754348755, 3.1194097995758057, 3.1294729709625244, 3.139601230621338, 3.149601459503174, 3.1595852375030518, 3.1697347164154053, 3.1797702312469482, 3.189959764480591, 3.200093984603882, 3.20993709564209, 3.2200472354888916, 3.2300970554351807, 3.2402853965759277, 3.2501516342163086, 3.2600350379943848, 3.270167350769043, 3.2802417278289795, 3.29024338722229, 3.300377130508423, 3.3105740547180176, 3.320568084716797, 3.330599546432495, 3.340653896331787, 3.3507535457611084, 3.3606362342834473, 3.3707401752471924, 3.380920886993408, 3.3908259868621826, 3.4009454250335693, 3.410980463027954, 3.4210541248321533, 3.43114972114563, 3.44122314453125, 3.4515485763549805, 3.4613442420959473, 3.471425771713257, 3.481458902359009, 3.4914865493774414, 3.5016424655914307, 3.511699914932251, 3.5216503143310547, 3.531759738922119, 3.541868209838867, 3.5519068241119385, 3.562169313430786, 3.5724589824676514, 3.5825388431549072, 3.5926706790924072, 3.602748394012451, 3.61268949508667, 3.6227142810821533, 3.6327805519104004, 3.6428463459014893, 3.6529126167297363, 3.662914276123047, 3.673099994659424, 3.683119773864746, 3.6931047439575195, 3.703195810317993, 3.7132513523101807, 3.723280906677246, 3.7334017753601074, 3.7434942722320557, 3.753511428833008, 3.7635045051574707, 3.7737174034118652, 3.783738851547241, 3.793708086013794, 3.803800106048584, 3.8139214515686035, 3.82388973236084, 3.834061861038208, 3.844020128250122, 3.854158639907837, 3.8642823696136475, 3.8742573261260986, 3.8843326568603516, 3.8943207263946533, 3.9044716358184814, 3.9146456718444824, 3.924516439437866, 3.934568405151367, 3.944633960723877, 3.9547324180603027, 3.964787721633911, 3.9748175144195557, 3.98507022857666, 3.995091676712036, 4.005249261856079, 4.0153114795684814, 4.025319337844849, 4.035425424575806, 4.045486211776733, 4.055370092391968, 4.065441131591797, 4.075439929962158, 4.085535526275635, 4.095583438873291, 4.105630159378052, 4.115671634674072, 4.125978946685791, 4.135859966278076, 4.145921945571899, 4.155981540679932, 4.166018724441528, 4.176087379455566, 4.1861348152160645, 4.196189641952515, 4.206335067749023, 4.216333866119385, 4.226385116577148, 4.236426591873169, 4.2464799880981445, 4.256557464599609, 4.266601800918579, 4.276661396026611, 4.28670334815979, 4.29683518409729, 4.306860446929932, 4.316930055618286, 4.326928615570068, 4.337072372436523, 4.347147226333618, 4.3571436405181885, 4.367275953292847, 4.377330780029297, 4.387401342391968, 4.39752721786499, 4.407564878463745, 4.417619705200195, 4.427612543106079, 4.437775611877441, 4.447782039642334, 4.457898855209351, 4.4678754806518555, 4.477864027023315, 4.487957000732422, 4.498033761978149, 4.508537769317627, 4.518331527709961, 4.5282816886901855, 4.538258790969849, 4.548424005508423, 4.558493137359619, 4.568551540374756, 4.578566312789917, 4.588627099990845, 4.598676681518555, 4.608743190765381, 4.618772506713867, 4.628823518753052, 4.640316724777222, 4.649784564971924, 4.659469127655029, 4.669570684432983, 4.679462194442749, 4.689479827880859, 4.699583530426025, 4.709606885910034, 4.7196385860443115, 4.72969913482666, 4.739832639694214, 4.749923467636108, 4.759920358657837, 4.770024061203003, 4.7800798416137695, 4.790095567703247, 4.800168991088867, 4.810247898101807, 4.820295333862305, 4.830334424972534, 4.840443134307861, 4.850514888763428, 4.860511779785156, 4.870611667633057, 4.880660057067871, 4.8906426429748535, 4.900707244873047, 4.910802602767944, 4.920983076095581, 4.930981159210205, 4.940981864929199, 4.951090574264526, 4.961135149002075, 4.971296548843384, 4.981260776519775, 4.99133563041687, 5.0013933181762695, 5.0114586353302, 5.021574020385742, 5.031588315963745, 5.041686534881592, 5.051703214645386, 5.0618250370025635, 5.071906566619873, 5.081887483596802, 5.0918989181518555, 5.102053880691528, 5.112076282501221, 5.122293710708618, 5.132313251495361, 5.1424548625946045, 5.1524977684021, 5.162520885467529, 5.172565937042236, 5.182646989822388, 5.1926422119140625, 5.202852010726929, 5.212717056274414, 5.222771883010864, 5.232876300811768, 5.24297308921814, 5.253041505813599, 5.263049840927124, 5.273155927658081, 5.283193111419678, 5.293226957321167, 5.303345680236816, 5.313402891159058, 5.323456764221191, 5.333598852157593, 5.343634605407715, 5.353703737258911, 5.363663673400879, 5.373783349990845, 5.383798837661743, 5.39384388923645, 5.4039881229400635, 5.4140305519104, 5.4240875244140625, 5.434279680252075, 5.44426417350769, 5.454415321350098, 5.46445369720459], "set_target_data": [{"head": [[0.9946873902803196, -0.030459336817365696, -0.09833221454830508, -0.011232535193410368], [0.029427259826199054, 0.9994957347085268, -0.011929487775426077, -0.003913160982132228], [0.09864599331168501, 0.008972463435921011, 0.9950821387721932, 0.0073128499800833024], [0.0, 0.0, 0.0, 1.0]], "antennas": [-0.20904962345573194, 0.17839397614782984], "body_yaw": -0.0, "check_collision": false}, {"head": [[0.9946562008643116, -0.030392897361336272, -0.09866769416661769, -0.011264641185086565], [0.029353733941453835, 0.9994974491043801, -0.011966935177026416, -0.003928676714603923], [0.09898181846111065, 0.009006721035986952, 0.9950484805225881, 0.007382212800900623], [0.0, 0.0, 0.0, 1.0]], "antennas": [-0.20904962345573194, 0.17839397614782984], "body_yaw": -0.0, "check_collision": false}, {"head": [[0.9946120990263286, -0.03051434776823543, -0.09907394738638399, -0.011354819462392933], [0.0294566053621778, 0.9994925548728438, -0.01212192865398311, -0.003905956381285593], [0.09939356554112401, 0.009138234732951658, 0.9950062370633602, 0.007369300422309988], [0.0, 0.0, 0.0, 1.0]], "antennas": [-0.20904962345573194, 0.17839397614782984], "body_yaw": -0.0, "check_collision": false}, {"head": [[0.9945855108457136, -0.030533492628730827, -0.0993346235894715, -0.011396506950775046], [0.02946044753888749, 0.9994908600014387, -0.012251644966810898, -0.003918060971411998], [0.09965813387064403, 0.009258866100963173, 0.9949786579379203, 0.007442940896656591], [0.0, 0.0, 0.0, 1.0]], "antennas": [-0.20904962345573194, 0.17839397614782984], "body_yaw": -0.0, "check_collision": false}, {"head": [[0.9945547526820363, -0.030602379471398485, -0.09962097313448755, -0.011431677635010604], [0.02950652359523929, 0.9994869815014935, -0.012455475677660319, -0.003929460567757889], [0.09995103292561487, 0.009448183937759121, 0.9949474975280761, 0.00751172350020729], [0.0, 0.0, 0.0, 1.0]], "antennas": [-0.20904962345573194, 0.17839397614782984], "body_yaw": -0.0, "check_collision": false}, {"head": [[0.9945321545862533, -0.0305673040079128, -0.09985706494641498, -0.01144960722818353], [0.02945954049879005, 0.9994871897338776, -0.012549622762292025, -0.00394139573455093], [0.10018946535252522, 0.009539260116147755, 0.9949226470177526, 0.0075571684319188925], [0.0, 0.0, 0.0, 1.0]], "antennas": [-0.20904962345573194, 0.17839397614782984], "body_yaw": -0.0, "check_collision": false}, {"head": [[0.9945250965337128, -0.030483410153716917, -0.09995295928590474, -0.011491150449645755], [0.029370127164255792, 0.999489300010002, -0.01259106015678392, -0.004186136055503393], [0.10028573176162651, 0.009586494193216607, 0.994912494209475, 0.007662872085382688], [0.0, 0.0, 0.0, 1.0]], "antennas": [-0.20904962345573194, 0.17839397614782984], "body_yaw": -0.0, "check_collision": false}, {"head": [[0.9945374314134806, -0.030524938325341516, -0.09981746168737324, -0.011490858709518395], [0.029404776604787363, 0.9994872267983648, -0.012674485383495996, -0.004185789357952612], [0.10015316585260137, 0.009670139975615681, 0.9949250382629603, 0.007663188663802001], [0.0, 0.0, 0.0, 1.0]], "antennas": [-0.20904962345573194, 0.17839397614782984], "body_yaw": -0.0, "check_collision": false}, {"head": [[0.9945813386505638, -0.030559393165901005, -0.09936842706506198, -0.011483762789793676], [0.029454070211952697, 0.9994870710089507, -0.012571898579694544, -0.004198149664623047], [0.09970164770956406, 0.009576971091146084, 0.9949712875599565, 0.00767027481690602], [0.0, 0.0, 0.0, 1.0]], "antennas": [-0.20904962345573194, 0.17839397614782984], "body_yaw": -0.0, "check_collision": false}, {"head": [[0.994610133334345, -0.03063710259618238, -0.0990557954546206, -0.011481257326673731], [0.029563526522805465, 0.9994873680516049, -0.012288165233723853, -0.0043868993368674945], [0.09938149006818128, 0.009293495025388274, 0.9950060051989844, 0.007823672373502233], [0.0, 0.0, 0.0, 1.0]], "antennas": [-0.20904962345573194, 0.17839397614782984], "body_yaw": -0.0, "check_collision": false}, {"head": [[0.9946622973779387, -0.0307333085737605, -0.09850064933263761, -0.01148096223782069], [0.02968844765737943, 0.999486489768631, -0.012056236795759467, -0.0044012210756153225], [0.0988205962870912, 0.009067552817072652, 0.9950639523344083, 0.007848110214599358], [0.0, 0.0, 0.0, 1.0]], "antennas": [-0.20904962345573194, 0.17839397614782984], "body_yaw": -0.0, "check_collision": false}, {"head": [[0.9947291768334875, -0.03086052826978546, -0.09778288475536846, -0.011466900968447321], [0.029833609490417332, 0.9994834773384005, -0.011947144943956973, -0.004278029059891798], [0.09810107288376198, 0.008966957256974538, 0.9951360576205677, 0.007824032770792133], [0.0, 0.0, 0.0, 1.0]], "antennas": [-0.20904962345573194, 0.17839397614782984], "body_yaw": -0.0, "check_collision": false}, {"head": [[0.9948078768146476, -0.03102602759804689, -0.09692612567836281, -0.011452871024078881], [0.03002799159784594, 0.9994801227222891, -0.011738995001157264, -0.004299112484600644], [0.09723995037088534, 0.008767547805557382, 0.9952223480998328, 0.007844353910668678], [0.0, 0.0, 0.0, 1.0]], "antennas": [-0.20904962345573194, 0.17839397614782984], "body_yaw": -0.0, "check_collision": false}, {"head": [[0.9948793553350078, -0.031136933788327124, -0.09615383342572051, -0.01145547203800256], [0.030199166902919877, 0.9994812285910106, -0.011193034109392314, -0.004379504938793854], [0.09645246832802912, 0.008231952895016088, 0.9953035498303848, 0.007913679304782595], [0.0, 0.0, 0.0, 1.0]], "antennas": [-0.20904962345573194, 0.17839397614782984], "body_yaw": -0.0, "check_collision": false}, {"head": [[0.9949653500291162, -0.031270237875851974, -0.0952161985411373, -0.01143681044333026], [0.03039223432248208, 0.9994812270816797, -0.010657804848392616, -0.004409467459166553], [0.09550007504879243, 0.007710313514164752, 0.995399561347697, 0.007923902032826002], [0.0, 0.0, 0.0, 1.0]], "antennas": [-0.20904962345573194, 0.17839397614782984], "body_yaw": -0.0, "check_collision": false}, {"head": [[0.9950786798051483, -0.03114601063385047, -0.0940656527051132, -0.011359112402407553], [0.03031469723367743, 0.9994878061655041, -0.010253997176609415, -0.004518938872655284], [0.09433684396286197, 0.007351962191382459, 0.995513188522916, 0.007925944664410156], [0.0, 0.0, 0.0, 1.0]], "antennas": [-0.20904962345573194, 0.17839397614782984], "body_yaw": -0.0, "check_collision": false}, {"head": [[0.9952007792996734, -0.030932830929723, -0.0928362475113874, -0.011325492345107543], [0.03015913634521472, 0.9994977922343, -0.009725729467269389, -0.004524932599975253], [0.09309046877222803, 0.00687919249861026, 0.9956338892054316, 0.00793585022719534], [0.0, 0.0, 0.0, 1.0]], "antennas": [-0.20904962345573194, 0.17839397614782984], "body_yaw": -0.0, "check_collision": false}, {"head": [[0.9953399019774537, -0.030806577583505843, -0.09137523903719608, -0.011237316038452738], [0.030092612018847498, 0.9995049461053869, -0.009181362249205228, -0.004578048335943638], [0.0916128497176919, 0.006388856584667634, 0.9957742054693647, 0.007907619359595164], [0.0, 0.0, 0.0, 1.0]], "antennas": [-0.20904962345573194, 0.17839397614782984], "body_yaw": -0.0, "check_collision": false}, {"head": [[0.9954573935370495, -0.030802809972406375, -0.09008753826266769, -0.011193407557290471], [0.030142859601369327, 0.9995079347969528, -0.00867734365935586, -0.004573967361561285], [0.09031049588766485, 0.005922429884283048, 0.9958960483688997, 0.007900079785342962], [0.0, 0.0, 0.0, 1.0]], "antennas": [-0.20904962345573194, 0.17839397614782984], "body_yaw": -0.0, "check_collision": false}, {"head": [[0.9955640455904954, -0.030977599104247286, -0.08884041580960203, -0.011147131283792024], [0.0303690637304078, 0.9995051700446634, -0.00819359640983416, -0.0045908587779648026], [0.08905027285542072, 0.005459249740152522, 0.9960121713596929, 0.007847664653061137], [0.0, 0.0, 0.0, 1.0]], "antennas": [-0.20904962345573194, 0.17839397614782984], "body_yaw": -0.0, "check_collision": false}, {"head": [[0.9956825728038093, -0.031171216606913278, -0.08743322863781242, -0.011103716071151286], [0.030606589721536008, 0.9995011417185423, -0.0077913008508254875, -0.004581090356339503], [0.08763247617410255, 0.005081629519691653, 0.9961399129444719, 0.007824314220368278], [0.0, 0.0, 0.0, 1.0]], "antennas": [-0.20904962345573194, 0.17839397614782984], "body_yaw": -0.0, "check_collision": false}, {"head": [[0.9958067165473873, -0.031005074146607525, -0.08606781428777299, -0.011048325452849627], [0.030475369338756726, 0.9995076645552439, -0.007461927297168913, -0.004381218669566416], [0.08625679766127176, 0.004807688892309691, 0.9962613366906983, 0.00781107851804258], [0.0, 0.0, 0.0, 1.0]], "antennas": [-0.20904962345573194, 0.17839397614782984], "body_yaw": -0.0, "check_collision": false}, {"head": [[0.9959345033172726, -0.030915873099285153, -0.08460894688320941, -0.010993214302566348], [0.030453347365807064, 0.9995133828758628, -0.006752117169151588, -0.004356089745232696], [0.08477652231835384, 0.0041480408095095215, 0.9963913563560494, 0.007797258731077172], [0.0, 0.0, 0.0, 1.0]], "antennas": [-0.20904962345573194, 0.17839397614782984], "body_yaw": -0.0, "check_collision": false}, {"head": [[0.9960714602670668, -0.03081962973895255, -0.08301684446054726, -0.010874212615443692], [0.03039569271361518, 0.9995176718406826, -0.006365967533747383, -0.004213143407689812], [0.08317299986108657, 0.0038176040830757135, 0.9965278109481803, 0.007754710671394216], [0.0, 0.0, 0.0, 1.0]], "antennas": [-0.20904962345573194, 0.17839397614782984], "body_yaw": -0.0, "check_collision": false}, {"head": [[0.9961680786732117, -0.03089632454068732, -0.08182038964951541, -0.010813162295045278], [0.03049753680508008, 0.9995161087920329, -0.006119519103321279, -0.004196026658282841], [0.08196986813058071, 0.003600749242817484, 0.9966283034931055, 0.007728086847698712], [0.0, 0.0, 0.0, 1.0]], "antennas": [-0.20904962345573194, 0.17839397614782984], "body_yaw": -0.0, "check_collision": false}, {"head": [[0.9962643753717227, -0.031177157660758802, -0.08053123124221613, -0.010698712362971832], [0.030790956113408274, 0.9995076365386194, -0.006033367434961251, -0.004128810195839778], [0.08067968385419753, 0.0035311954320419534, 0.9967338256886878, 0.0075842996626674375], [0.0, 0.0, 0.0, 1.0]], "antennas": [-0.20904962345573194, 0.17839397614782984], "body_yaw": -0.0, "check_collision": false}, {"head": [[0.9963303199090252, -0.031204281130835707, -0.07970060519900363, -0.010648394999203866], [0.030840037232045803, 0.9995075203543612, -0.0057973147751870175, -0.004108647214728522], [0.0798422553132469, 0.0033180708528215445, 0.9968019886980113, 0.007557246925066097], [0.0, 0.0, 0.0, 1.0]], "antennas": [-0.20904962345573194, 0.17839397614782984], "body_yaw": -0.0, "check_collision": false}, {"head": [[0.9963799708945514, -0.03110126777165425, -0.0791180430949109, -0.010612913909103074], [0.030759917980970886, 0.9995115049380596, -0.005529822986196863, -0.004086651293854601], [0.07925137882697224, 0.003076140349624474, 0.9968499166447137, 0.00754022837595042], [0.0, 0.0, 0.0, 1.0]], "antennas": [-0.20904962345573194, 0.17839397614782984], "body_yaw": -0.0, "check_collision": false}, {"head": [[0.9964305291130364, -0.03098919502806961, -0.07852305676058693, -0.010607851711201979], [0.03067079020499301, 0.99951571067383, -0.005258017153785015, -0.004127002419462573], [0.07864797060137912, 0.002830884614472705, 0.9968984315428447, 0.007511227758935202], [0.0, 0.0, 0.0, 1.0]], "antennas": [-0.20904962345573194, 0.17839397614782984], "body_yaw": -0.0, "check_collision": false}, {"head": [[0.9964636529038077, -0.030942230690979997, -0.07812020738238394, -0.010585557220707066], [0.030648863721694564, 0.999517947191878, -0.004951807135145038, -0.004110064219789059], [0.07823576927575708, 0.0025400002363885595, 0.9969316490134267, 0.007498568819220841], [0.0, 0.0, 0.0, 1.0]], "antennas": [-0.20904962345573194, 0.17839397614782984], "body_yaw": -0.0, "check_collision": false}, {"head": [[0.9965167169076321, -0.0309229686561648, -0.07744806603863258, -0.010530552616889469], [0.030642699194770816, 0.9995188533364251, -0.004804873681691126, -0.004230557613834466], [0.07755938311831351, 0.002414919155596164, 0.9969848094408355, 0.007515933327120694], [0.0, 0.0, 0.0, 1.0]], "antennas": [-0.20904962345573194, 0.17839397614782984], "body_yaw": -0.0, "check_collision": false}, {"head": [[0.9965675035017733, -0.030823278314892875, -0.07683187149982412, -0.010499115445505875], [0.030558498873140865, 0.9995223037402725, -0.004619791376061725, -0.0042216594438232], [0.07693756631752191, 0.002256067299692176, 0.9970333600484369, 0.007492238174193089], [0.0, 0.0, 0.0, 1.0]], "antennas": [-0.20904962345573194, 0.17839397614782984], "body_yaw": -0.0, "check_collision": false}, {"head": [[0.996625753025292, -0.030747955028587366, -0.07610303324000638, -0.010486259843641769], [0.030493989758572208, 0.9995248330842295, -0.004497180955564064, -0.004280674833059171], [0.07620515071419805, 0.0021613212401130023, 0.9970898172657884, 0.0074478571708329055], [0.0, 0.0, 0.0, 1.0]], "antennas": [-0.20904962345573194, 0.17839397614782984], "body_yaw": -0.0, "check_collision": false}, {"head": [[0.996689379225235, -0.030830565373103466, -0.0752313603385614, -0.01045743105071559], [0.03058516333354812, 0.9995224262024579, -0.004412176584439996, -0.0042895350980163985], [0.07533146171073452, 0.0020966060972177026, 0.9971563443710305, 0.00742282298620317], [0.0, 0.0, 0.0, 1.0]], "antennas": [-0.20904962345573194, 0.17839397614782984], "body_yaw": -0.0, "check_collision": false}, {"head": [[0.9967306079716021, -0.030902589744820744, -0.07465336616405305, -0.010497367114525903], [0.030647433983684445, 0.9995198493975475, -0.004561299214047434, -0.004134306296036267], [0.07475847726362933, 0.0022584524275852513, 0.9971991122488307, 0.007306997713848795], [0.0, 0.0, 0.0, 1.0]], "antennas": [-0.20904962345573194, 0.17839397614782984], "body_yaw": -0.0, "check_collision": false}, {"head": [[0.9967458090526211, -0.030986141508202305, -0.07441539605800392, -0.010497677107620399], [0.030721972337886563, 0.999516954874221, -0.004692263274241128, -0.004154274920729368], [0.07452484519746456, 0.0023908060143645045, 0.9972162912301903, 0.007322025705164992], [0.0, 0.0, 0.0, 1.0]], "antennas": [-0.20904962345573194, 0.17839397614782984], "body_yaw": -0.0, "check_collision": false}, {"head": [[0.99672734718929, -0.031038261523200845, -0.0746406168692214, -0.010502881500807075], [0.03078167023840506, 0.9995156118312941, -0.004585900440246201, -0.004185056128300678], [0.07474680021468876, 0.002273329525421286, 0.9971999537858666, 0.007372240478662084], [0.0, 0.0, 0.0, 1.0]], "antennas": [-0.20904962345573194, 0.17839397614782984], "body_yaw": -0.0, "check_collision": false}, {"head": [[0.9967080402512071, -0.03099628255549308, -0.07491537202963162, -0.010508965163777717], [0.030762970197814706, 0.9995176017490157, -0.0042665511252441175, -0.003949498807177802], [0.07501148020940822, 0.0019478864535678881, 0.9971807677523457, 0.0073661588011516566], [0.0, 0.0, 0.0, 1.0]], "antennas": [-0.20904962345573194, 0.17839397614782984], "body_yaw": -0.0, "check_collision": false}, {"head": [[0.9966680813323782, -0.031097012650398027, -0.0754036567910127, -0.010495638696741758], [0.030885499635144975, 0.9995150455561527, -0.003969838683032043, -0.00398927742121966], [0.07549053957631587, 0.0016277318891091816, 0.9971451894901633, 0.0074489187909415056], [0.0, 0.0, 0.0, 1.0]], "antennas": [-0.20904962345573194, 0.17839397614782984], "body_yaw": -0.0, "check_collision": false}, {"head": [[0.9966416706300155, -0.0312529274060549, -0.0756877459854851, -0.010444542394345564], [0.031054819447272137, 0.9995104849618737, -0.0037932361351654268, -0.0042606104570024885], [0.07576924542918968, 0.0014300279128951782, 0.9971243535624126, 0.0075833991915514876], [0.0, 0.0, 0.0, 1.0]], "antennas": [-0.20904962345573194, 0.17839397614782984], "body_yaw": -0.0, "check_collision": false}, {"head": [[0.9966165688407587, -0.03129418697743999, -0.07600058271812409, -0.010381314011603015], [0.03113759745813378, 0.9995098407081328, -0.0032447422298874113, -0.004315652785431354], [0.07606487189635315, 0.0008672883166625579, 0.9971024937659956, 0.007654997553407761], [0.0, 0.0, 0.0, 1.0]], "antennas": [-0.20904962345573194, 0.17839397614782984], "body_yaw": -0.0, "check_collision": false}, {"head": [[0.9966046198954598, -0.03125644748572817, -0.07617260723907437, -0.010311860072545267], [0.031143640927403182, 0.9995113565902877, -0.0026686470032451113, -0.0041908865253601916], [0.07621879842146126, 0.0002872936039464071, 0.9970910751930206, 0.007589931377232184], [0.0, 0.0, 0.0, 1.0]], "antennas": [-0.20904962345573194, 0.17839397614782984], "body_yaw": -0.0, "check_collision": false}, {"head": [[0.9966044409190072, -0.031162904234139376, -0.07621326485728724, -0.010230203770058071], [0.031092880804643692, 0.9995142819182473, -0.002105470189476198, -0.004223611794371275], [0.07624185926235913, -0.0002713690188858092, 0.9970893165885765, 0.0076333671082796095], [0.0, 0.0, 0.0, 1.0]], "antennas": [-0.20904962345573194, 0.17839397614782984], "body_yaw": -0.0, "check_collision": false}, {"head": [[0.9965916452589144, -0.031204239394999906, -0.07636352561209761, -0.010127506179258505], [0.03117539775452856, 0.9995126960684418, -0.0015700231977733839, -0.004489879935295249], [0.0763753047455582, -0.000815991283131633, 0.9970788068067884, 0.007728355657907637], [0.0, 0.0, 0.0, 1.0]], "antennas": [-0.20904962345573194, 0.17839397614782984], "body_yaw": -0.0, "check_collision": false}, {"head": [[0.9965628940045409, -0.031193642926609894, -0.07674213271900386, -0.010059092878588418], [0.031212013548420493, 0.9995123250967906, -0.0009603071700116363, -0.0045325305093216915], [0.07673466298581925, -0.0014382699936801254, 0.9970505116973151, 0.007781126853656339], [0.0, 0.0, 0.0, 1.0]], "antennas": [-0.20904962345573194, 0.17839397614782984], "body_yaw": -0.0, "check_collision": false}, {"head": [[0.9965375968508968, -0.03138933188861411, -0.07699044035609941, -0.009978291402770394], [0.03144394835332027, 0.9995053902091953, -0.0005030454434934513, -0.004423569859023718], [0.07696815039088177, -0.0019195797328908164, 0.9970317041293401, 0.007746071263259102], [0.0, 0.0, 0.0, 1.0]], "antennas": [-0.20904962345573194, 0.17839397614782984], "body_yaw": -0.0, "check_collision": false}, {"head": [[0.9965242033958431, -0.031433811393966435, -0.07714549596398114, -0.009920225794895264], [0.03151568025867421, 0.9995032453504742, -0.00015630643889265414, -0.004456398030144981], [0.07711208688729086, -0.002275529634694529, 0.997019833313645, 0.007799155323181983], [0.0, 0.0, 0.0, 1.0]], "antennas": [-0.20904962345573194, 0.17839397614782984], "body_yaw": -0.0, "check_collision": false}, {"head": [[0.9965248203679489, -0.03154173655826982, -0.0770934578645664, -0.009859124215659314], [0.03164939171919606, 0.9994990172466475, 0.00017471917665224843, -0.004490237070471844], [0.0770493244255383, -0.0026140730430712165, 0.9970238553954933, 0.007843570532768962], [0.0, 0.0, 0.0, 1.0]], "antennas": [-0.20904962345573194, 0.17839397614782984], "body_yaw": -0.0, "check_collision": false}, {"head": [[0.9965479045333943, -0.03160547301215916, -0.07676827499545956, -0.009768153772029359], [0.03174917331949546, 0.9994956553796525, 0.0006518210854909805, -0.004490994391057304], [0.07670895621522601, -0.003086900205146254, 0.997048748599332, 0.00791495731332642], [0.0, 0.0, 0.0, 1.0]], "antennas": [-0.20904962345573194, 0.17839397614782984], "body_yaw": -0.0, "check_collision": false}, {"head": [[0.996574496821763, -0.03162998833639586, -0.0764121464316325, -0.009696536090230065], [0.03180153934388092, 0.9994936734204654, 0.0010290227518371584, -0.004514770624415556], [0.07634090895325638, -0.0034555217122262134, 0.9970757869840622, 0.007927288996780746], [0.0, 0.0, 0.0, 1.0]], "antennas": [-0.20904962345573194, 0.17839397614782984], "body_yaw": -0.0, "check_collision": false}, {"head": [[0.9966077243900328, -0.03153336839842743, -0.07601769769974176, -0.009603290171640997], [0.031744875290422254, 0.9994947630152508, 0.0015753088214705414, -0.004270147970653076], [0.07592961595395964, -0.003983137273120623, 0.9971052241556793, 0.007887124216687913], [0.0, 0.0, 0.0, 1.0]], "antennas": [-0.20904962345573194, 0.17839397614782984], "body_yaw": -0.0, "check_collision": false}, {"head": [[0.9966528631348838, -0.03141585736399533, -0.07547260636233587, -0.009487696443963654], [0.03164533216330092, 0.9994974558789526, 0.0018462512765219567, -0.00415546603631924], [0.07537667648094702, -0.004228427318378219, 0.9971461663392686, 0.007826447579952933], [0.0, 0.0, 0.0, 1.0]], "antennas": [-0.20904962345573194, 0.17839397614782984], "body_yaw": -0.0, "check_collision": false}, {"head": [[0.9966831195214617, -0.031374766028686496, -0.07508916910988353, -0.009430817899175695], [0.03162287496396134, 0.9994976293598344, 0.002117234773151496, -0.0041664077998168824], [0.07498501877029287, -0.004484747564373542, 0.9971745754878143, 0.007823104548472015], [0.0, 0.0, 0.0, 1.0]], "antennas": [-0.20904962345573194, 0.17839397614782984], "body_yaw": -0.0, "check_collision": false}, {"head": [[0.9966984148059005, -0.03134727853476869, -0.07489738347812169, -0.0093686697689531], [0.031605734000007456, 0.9994978413865225, 0.002267739403615068, -0.0041289516962994014], [0.07478868565315183, -0.004627439048282084, 0.9971886678588603, 0.007713923033320913], [0.0, 0.0, 0.0, 1.0]], "antennas": [-0.20904962345573194, 0.17839397614782984], "body_yaw": -0.0, "check_collision": false}, {"head": [[0.9967156998984078, -0.031466492638230904, -0.07461684405732714, -0.00934400243687395], [0.03173760482851904, 0.9994932321917298, 0.002450151562203553, -0.004151073590357182], [0.07450193296670955, -0.004810264439421569, 0.9972092675763934, 0.0077176739927933835], [0.0, 0.0, 0.0, 1.0]], "antennas": [-0.20904962345573194, 0.17839397614782984], "body_yaw": -0.0, "check_collision": false}, {"head": [[0.9967217589954434, -0.03174804267606043, -0.07441637542414832, -0.00934091040739977], [0.032022387121987746, 0.999484035077684, 0.0024960664734686847, -0.004205435622243345], [0.07429873395986163, -0.004870873748052515, 0.9972241336434311, 0.007717352480059281], [0.0, 0.0, 0.0, 1.0]], "antennas": [-0.20904962345573194, 0.17839397614782984], "body_yaw": -0.0, "check_collision": false}, {"head": [[0.9967346673724906, -0.03202864650420244, -0.07412265956480055, -0.009330311606353925], [0.03230673342309989, 0.9994747343221484, 0.0025554700545230404, -0.004222819403839559], [0.07400187722875168, -0.0049417865979465795, 0.9972458578063089, 0.007719291292968666], [0.0, 0.0, 0.0, 1.0]], "antennas": [-0.20904962345573194, 0.17839397614782984], "body_yaw": -0.0, "check_collision": false}, {"head": [[0.9967419545314654, -0.03224736136189704, -0.07392958651303735, -0.009359594868035968], [0.03253929956253135, 0.9994666803880174, 0.0027475039828402797, -0.004287152428589532], [0.07380155866086632, -0.005144169452021008, 0.9972596790504843, 0.0077825512923476725], [0.0, 0.0, 0.0, 1.0]], "antennas": [-0.20904962345573194, 0.17839397614782984], "body_yaw": -0.0, "check_collision": false}, {"head": [[0.9967547992925934, -0.03239115504263435, -0.07369316903340674, -0.009352090051120495], [0.03269551411995158, 0.9994610723093381, 0.002927164959527574, -0.004297467247363172], [0.07355863948996257, -0.005327101770405947, 0.9972766659975123, 0.007785367360885753], [0.0, 0.0, 0.0, 1.0]], "antennas": [-0.20904962345573194, 0.17839397614782984], "body_yaw": -0.0, "check_collision": false}, {"head": [[0.996762461649288, -0.032371191110378846, -0.07359824069192762, -0.009379241722875874], [0.03269033075298395, 0.999460610120886, 0.0031354572308406057, -0.004265454011473027], [0.07345704406053986, -0.005531256898865578, 0.99728304300986, 0.0077358261588657], [0.0, 0.0, 0.0, 1.0]], "antennas": [-0.20904962345573194, 0.17839397614782984], "body_yaw": -0.0, "check_collision": false}, {"head": [[0.9967676564537419, -0.03246420164593497, -0.07348683323703244, -0.00936589402198204], [0.03280075759818811, 0.9994562042412847, 0.0033772924937841248, -0.0042825932817230255], [0.07333723030426119, -0.005776799727854389, 0.9972904688385447, 0.007729168394677577], [0.0, 0.0, 0.0, 1.0]], "antennas": [-0.20904962345573194, 0.17839397614782984], "body_yaw": -0.0, "check_collision": false}, {"head": [[0.9967671065703736, -0.03263423568299097, -0.07341894796789196, -0.00937214337440962], [0.03299656043660544, 0.9994485153933901, 0.0037272077083701626, -0.0041510615951592], [0.07325682397345977, -0.006137730796873459, 0.9972942223847414, 0.007683141881192235], [0.0, 0.0, 0.0, 1.0]], "antennas": [-0.20904962345573194, 0.17839397614782984], "body_yaw": -0.0, "check_collision": false}, {"head": [[0.9967657216715968, -0.032742949678751986, -0.0733893408257318, -0.009368826606234315], [0.03313058982427922, 0.9994427421697013, 0.004070521121810899, -0.004164172633673601], [0.07321516317263844, -0.006488788071932868, 0.9972950594036658, 0.007692121460271373], [0.0, 0.0, 0.0, 1.0]], "antennas": [-0.20904962345573194, 0.17839397614782984], "body_yaw": -0.0, "check_collision": false}, {"head": [[0.9967522319965786, -0.03284135493580575, -0.07352845310367222, -0.009410823432441533], [0.033263582436791415, 0.9994363710556756, 0.0045248529846239295, -0.004383797717796941], [0.07333840803637122, -0.0069559770731440354, 0.9972828547055487, 0.007872777215401083], [0.0, 0.0, 0.0, 1.0]], "antennas": [-0.20904962345573194, 0.17839397614782984], "body_yaw": -0.0, "check_collision": false}, {"head": [[0.9967259353109198, -0.03303509129646769, -0.07379764645031588, -0.00942348708625143], [0.03349432349445445, 0.9994264325321489, 0.004993620901747492, -0.004400566094252164], [0.07359035379871882, -0.007449073707218685, 0.997260733774615, 0.007923082558190686], [0.0, 0.0, 0.0, 1.0]], "antennas": [-0.20904962345573194, 0.17839397614782984], "body_yaw": -0.0, "check_collision": false}, {"head": [[0.9966713987367206, -0.03307035701699894, -0.07451492754446672, -0.009540907712561504], [0.03358205371023548, 0.9994201385397687, 0.005624264374320036, -0.004341521306248681], [0.074285722778955, -0.008107907739831244, 0.99720403790964, 0.0078266702869067], [0.0, 0.0, 0.0, 1.0]], "antennas": [-0.20904962345573194, 0.17839397614782984], "body_yaw": -0.0, "check_collision": false}, {"head": [[0.996590808907766, -0.03318387169232072, -0.07553535768150062, -0.009582083623525526], [0.033784562934905546, 0.9994067593532704, 0.006688248372451927, -0.004360067103247967], [0.07526860506122086, -0.009217375901079175, 0.9971206933333778, 0.007909008030249853], [0.0, 0.0, 0.0, 1.0]], "antennas": [-0.20904962345573194, 0.17839397614782984], "body_yaw": -0.0, "check_collision": false}, {"head": [[0.9964923228831187, -0.033409491823266635, -0.0767258515177067, -0.00963338654456987], [0.034095561957788206, 0.9993893061692392, 0.007649011004653641, -0.004427802764367554], [0.0764234459429089, -0.010238191767971873, 0.9970228865675719, 0.00785522165884156], [0.0, 0.0, 0.0, 1.0]], "antennas": [-0.20904962345573194, 0.17839397614782984], "body_yaw": -0.0, "check_collision": false}, {"head": [[0.9963954522559342, -0.033378270881193293, -0.07798713840547616, -0.00966769161543417], [0.0341820671243424, 0.9993751489682171, 0.008994326648591894, -0.004439600110531625], [0.07763819299030705, -0.011627667768572684, 0.9969137918252833, 0.007919287932185048], [0.0, 0.0, 0.0, 1.0]], "antennas": [-0.20904962345573194, 0.17839397614782984], "body_yaw": -0.0, "check_collision": false}, {"head": [[0.9962812108516268, -0.0335823922056931, -0.07934716023752762, -0.009666236509860785], [0.03454289338126227, 0.9993452564136562, 0.01076322444135004, -0.004381417492960321], [0.07893375336868018, -0.01346407877528689, 0.9967889351120756, 0.007903575827939602], [0.0, 0.0, 0.0, 1.0]], "antennas": [-0.20904962345573194, 0.17839397614782984], "body_yaw": -0.0, "check_collision": false}, {"head": [[0.9961360947965117, -0.03375690178985017, -0.08107621244918559, -0.009674292571976408], [0.0348749857947958, 0.999314580939718, 0.012413850614878808, -0.004415454105258406], [0.0806015881317971, -0.015193416430353844, 0.9966305956009006, 0.007936879199647473], [0.0, 0.0, 0.0, 1.0]], "antennas": [-0.20904962345573194, 0.17839397614782984], "body_yaw": -0.0, "check_collision": false}, {"head": [[0.995988249964085, -0.03401302324903408, -0.08276786926664247, -0.00967494623693162], [0.03530301398260335, 0.9992761642750131, 0.014171969360722052, -0.004441014415700194], [0.08222592740263539, -0.017037070208160754, 0.996468080322445, 0.007969595751404768], [0.0, 0.0, 0.0, 1.0]], "antennas": [-0.20904962345573194, 0.17839397614782984], "body_yaw": -0.0, "check_collision": false}, {"head": [[0.9958168194523955, -0.034128710842246314, -0.0847590301499578, -0.009675233590798256], [0.035589274691122795, 0.9992418984716178, 0.015780743512166205, -0.004468423939480332], [0.08415619776745455, -0.018731242219439385, 0.9962765052645985, 0.00800205282313915], [0.0, 0.0, 0.0, 1.0]], "antennas": [-0.20904962345573194, 0.17839397614782984], "body_yaw": -0.0, "check_collision": false}, {"head": [[0.9956264597230405, -0.03425133067037249