{"description": "You look up as if searching for a new idea, especially in complex or uncertain situations.", "time": [0.0, 0.010122060775756836, 0.02014470100402832, 0.030269384384155273, 0.04033923149108887, 0.050379037857055664, 0.06074404716491699, 0.07089424133300781, 0.08080720901489258, 0.09085488319396973, 0.10080862045288086, 0.11092376708984375, 0.12101912498474121, 0.13103795051574707, 0.14115691184997559, 0.15114760398864746, 0.16128206253051758, 0.17116785049438477, 0.18134546279907227, 0.1914539337158203, 0.2014460563659668, 0.2114424705505371, 0.22178936004638672, 0.23154139518737793, 0.2415463924407959, 0.25156402587890625, 0.2619059085845947, 0.2719700336456299, 0.28204774856567383, 0.2921290397644043, 0.30197763442993164, 0.31208252906799316, 0.3220791816711426, 0.33216357231140137, 0.3422565460205078, 0.35222601890563965, 0.3624107837677002, 0.3724677562713623, 0.38291358947753906, 0.3929576873779297, 0.40294909477233887, 0.4130566120147705, 0.4228372573852539, 0.43283748626708984, 0.44295477867126465, 0.4529740810394287, 0.46309375762939453, 0.47313833236694336, 0.48333024978637695, 0.49315738677978516, 0.5032589435577393, 0.5132453441619873, 0.5233488082885742, 0.5333762168884277, 0.5434730052947998, 0.553494930267334, 0.5636458396911621, 0.5736229419708252, 0.5837392807006836, 0.5937740802764893, 0.6038360595703125, 0.6139888763427734, 0.624025821685791, 0.6340396404266357, 0.6441419124603271, 0.6542294025421143, 0.6641750335693359, 0.6743218898773193, 0.6843001842498779, 0.694366455078125, 0.7043917179107666, 0.7144429683685303, 0.7244994640350342, 0.7345669269561768, 0.7446765899658203, 0.7547862529754639, 0.7647900581359863, 0.7749135494232178, 0.7849762439727783, 0.7950265407562256, 0.8050234317779541, 0.8151302337646484, 0.8252015113830566, 0.835355281829834, 0.8452861309051514, 0.8553676605224609, 0.8653864860534668, 0.8754668235778809, 0.885608434677124, 0.895587682723999, 0.9055864810943604, 0.9158239364624023, 0.925788402557373, 0.9358093738555908, 0.9459376335144043, 0.9560086727142334, 0.9659700393676758, 0.9761221408843994, 0.9861679077148438, 0.9962046146392822, 1.0062856674194336, 1.0165860652923584, 1.0267202854156494, 1.0366485118865967, 1.046891212463379, 1.0568745136260986, 1.0668585300445557, 1.0771474838256836, 1.0872609615325928, 1.0973000526428223, 1.1071391105651855, 1.1170885562896729, 1.1272008419036865, 1.1371526718139648, 1.1472904682159424, 1.1573846340179443, 1.1673505306243896, 1.1774401664733887, 1.187507152557373, 1.197580099105835, 1.2077081203460693, 1.217745304107666, 1.2277789115905762, 1.2377989292144775, 1.2479708194732666, 1.257965326309204, 1.2679591178894043, 1.2780601978302002, 1.2882418632507324, 1.2981514930725098, 1.308192491531372, 1.3182785511016846, 1.328434705734253, 1.3384664058685303, 1.3484582901000977, 1.3585777282714844, 1.3685283660888672, 1.3786914348602295, 1.388723373413086, 1.3987233638763428, 1.408811092376709, 1.4188835620880127, 1.4289252758026123, 1.4390716552734375, 1.4490938186645508, 1.4591443538665771, 1.4692702293395996, 1.4793102741241455, 1.489537239074707, 1.4993715286254883, 1.509451150894165, 1.5194635391235352, 1.5295546054840088, 1.5395987033843994, 1.549687385559082, 1.559708833694458, 1.5697658061981201, 1.5798945426940918, 1.589900255203247, 1.5999202728271484, 1.610069990158081, 1.6200473308563232, 1.630110502243042, 1.6401751041412354, 1.6502325534820557, 1.6603202819824219, 1.6703250408172607, 1.6804835796356201, 1.6904962062835693, 1.7005352973937988, 1.710599422454834, 1.7206995487213135, 1.7308197021484375, 1.7408828735351562, 1.7509655952453613, 1.7609813213348389, 1.7710113525390625, 1.7810688018798828, 1.7911436557769775, 1.8010916709899902, 1.811185359954834, 1.8213379383087158, 1.8312773704528809, 1.8413169384002686, 1.8514111042022705, 1.8615233898162842, 1.8715288639068604, 1.8817498683929443, 1.891786813735962, 1.9017376899719238, 1.9118590354919434, 1.9219183921813965, 1.9320847988128662, 1.9420185089111328, 1.9520909786224365, 1.962082862854004, 1.9723970890045166, 1.9821712970733643, 1.9922304153442383, 2.0023365020751953, 2.0123977661132812, 2.022631883621216, 2.032475233078003, 2.042541980743408, 2.0526115894317627, 2.0626907348632812, 2.0727620124816895, 2.0828464031219482, 2.0928680896759033, 2.102857828140259, 2.113048791885376, 2.123431921005249, 2.133016347885132, 2.143122673034668, 2.153219699859619, 2.1632375717163086, 2.173402786254883, 2.1835110187530518, 2.1935112476348877, 2.2034759521484375, 2.2136189937591553, 2.223712921142578, 2.233656883239746, 2.2437517642974854, 2.253812789916992, 2.2639822959899902, 2.2739498615264893, 2.2840285301208496, 2.294076442718506, 2.3040852546691895, 2.3141562938690186, 2.324246883392334, 2.3342316150665283, 2.3443214893341064, 2.3543508052825928, 2.3644497394561768, 2.3745169639587402, 2.384526014328003, 2.3945858478546143, 2.404660940170288, 2.414752244949341, 2.4247989654541016, 2.4348223209381104, 2.4449069499969482, 2.4550023078918457, 2.465014696121216, 2.4750518798828125, 2.485149621963501, 2.4951565265655518, 2.505324602127075, 2.515317440032959, 2.525418758392334, 2.535451650619507, 2.545579433441162, 2.555616617202759, 2.5659446716308594, 2.5756986141204834, 2.5857837200164795, 2.595818519592285, 2.6058483123779297, 2.6159162521362305, 2.6259560585021973, 2.6359543800354004, 2.6461145877838135, 2.656174421310425, 2.666124105453491, 2.676321029663086, 2.6862733364105225, 2.696376085281372, 2.7065160274505615, 2.7164735794067383, 2.726564407348633, 2.736562490463257, 2.7467095851898193, 2.756840467453003, 2.766788959503174, 2.776900291442871, 2.7869505882263184, 2.7971034049987793, 2.8070778846740723, 2.817075252532959, 2.8271257877349854, 2.8371410369873047, 2.8472445011138916, 2.8573222160339355, 2.8673441410064697, 2.877565622329712, 2.8876521587371826, 2.8975963592529297, 2.9077112674713135, 2.917750120162964, 2.9288437366485596, 2.937971353530884, 2.9482102394104004, 2.9580349922180176, 2.9679715633392334, 2.978137493133545, 2.9883062839508057, 2.9982433319091797, 3.0084073543548584, 3.0184099674224854, 3.0286591053009033, 3.038766384124756, 3.048826217651367, 3.058941125869751, 3.0689375400543213, 3.0791549682617188, 3.0889692306518555, 3.0990185737609863, 3.109182357788086, 3.11932110786438, 3.1293768882751465, 3.1394784450531006, 3.149503707885742, 3.1598949432373047, 3.1696512699127197, 3.179840564727783, 3.1898772716522217, 3.1999428272247314, 3.2100088596343994, 3.2200326919555664, 3.230207681655884, 3.2404768466949463, 3.2504405975341797, 3.2601943016052246, 3.270137071609497, 3.280433177947998, 3.2903506755828857, 3.3002912998199463, 3.3104774951934814, 3.3204431533813477, 3.3305952548980713, 3.340613842010498, 3.350762128829956, 3.360788345336914, 3.370877504348755, 3.380908489227295, 3.390989065170288, 3.4009242057800293, 3.411106586456299, 3.421076774597168, 3.4316554069519043, 3.441265344619751, 3.45135235786438, 3.4614319801330566, 3.471346378326416, 3.4816720485687256, 3.4915802478790283, 3.5016372203826904, 3.511742115020752, 3.521784782409668, 3.5318033695220947, 3.541886329650879, 3.5520341396331787, 3.562166690826416, 3.5720303058624268, 3.582019329071045, 3.592097759246826, 3.6021480560302734, 3.6123218536376953, 3.6224637031555176, 3.6323018074035645, 3.642540454864502, 3.652557134628296, 3.6625912189483643, 3.6726179122924805, 3.682661294937134, 3.6927921772003174, 3.7027478218078613, 3.713071346282959, 3.7229244709014893, 3.7329108715057373, 3.743044853210449, 3.7531535625457764, 3.7631924152374268, 3.7732162475585938, 3.7832672595977783, 3.7933361530303955, 3.803309917449951, 3.8134407997131348, 3.8234872817993164, 3.8334667682647705, 3.8435580730438232, 3.8535854816436768, 3.863832950592041, 3.8738925457000732, 3.884000778198242, 3.894125461578369, 3.903934955596924, 3.9141342639923096, 3.924056053161621, 3.934185266494751, 3.9444873332977295, 3.9543967247009277, 3.9645867347717285, 3.974644899368286, 3.9846417903900146, 3.994810104370117, 4.004761457443237, 4.014831066131592, 4.024880647659302, 4.034846067428589, 4.044988393783569, 4.055041551589966, 4.065087556838989, 4.07512092590332, 4.085237503051758, 4.0954508781433105, 4.105329751968384, 4.11542010307312, 4.125536680221558, 4.135441780090332, 4.14557957649231, 4.155633449554443, 4.165684461593628, 4.175781488418579, 4.185837030410767, 4.195920944213867, 4.206010580062866, 4.216260194778442, 4.226371765136719, 4.2361485958099365, 4.246350288391113, 4.256263256072998, 4.266315698623657, 4.276448726654053, 4.286509275436401, 4.296545743942261, 4.30658483505249, 4.316713333129883, 4.326817035675049, 4.3368823528289795, 4.346942663192749, 4.3569512367248535, 4.366954565048218, 4.377061605453491, 4.387190341949463, 4.3974316120147705, 4.407233715057373, 4.41724705696106, 4.427309989929199, 4.437391757965088, 4.447422742843628, 4.457505702972412, 4.467571258544922, 4.477657318115234, 4.48776388168335, 4.497767686843872, 4.507993936538696, 4.5182294845581055, 4.527936697006226, 4.537952184677124, 4.548129558563232, 4.5580995082855225, 4.5681352615356445, 4.578267335891724, 4.588234186172485, 4.598265171051025, 4.608381271362305, 4.618419885635376, 4.628442764282227, 4.638528823852539, 4.648688554763794, 4.658776760101318, 4.668778896331787, 4.6790595054626465, 4.688884019851685, 4.699127674102783, 4.709266662597656, 4.7192041873931885, 4.729186058044434, 4.739223480224609, 4.749368906021118, 4.759416341781616, 4.769485235214233, 4.779491186141968, 4.789579629898071, 4.7995007038116455, 4.8096795082092285, 4.819650888442993, 4.829773902893066, 4.839794397354126, 4.849891424179077, 4.859938144683838, 4.869972229003906, 4.880207538604736, 4.890195369720459, 4.900179386138916, 4.910264015197754, 4.920447587966919, 4.930453300476074, 4.940495252609253, 4.950491905212402, 4.960572242736816, 4.970596075057983, 4.980724811553955, 4.990761995315552, 5.000775337219238, 5.010867357254028, 5.020939588546753, 5.03102445602417, 5.0412397384643555, 5.051175117492676, 5.061273813247681, 5.0713722705841064, 5.081326961517334, 5.091339588165283, 5.101365089416504, 5.11149525642395, 5.121516704559326, 5.131586313247681, 5.142023086547852, 5.151832580566406, 5.161907434463501, 5.171843767166138, 5.181949138641357, 5.192060708999634, 5.202295541763306, 5.212239027023315, 5.22243857383728, 5.232258319854736, 5.242364406585693, 5.252842426300049, 5.262500762939453, 5.272536039352417, 5.28262996673584, 5.292657136917114, 5.302660703659058, 5.312852382659912, 5.323146820068359, 5.332951307296753, 5.342931747436523, 5.353002071380615, 5.363077163696289, 5.3731231689453125, 5.383333444595337, 5.393292665481567, 5.403186082839966, 5.413390874862671, 5.423384428024292, 5.433398723602295, 5.443466901779175, 5.4535298347473145, 5.463630437850952, 5.473729610443115, 5.4837517738342285, 5.493795156478882, 5.503876686096191, 5.513955354690552, 5.524060964584351, 5.533948659896851, 5.544078826904297, 5.554121255874634, 5.56421160697937, 5.5744948387146, 5.584515571594238, 5.59440803527832, 5.6044206619262695, 5.614537954330444, 5.624613285064697, 5.634823322296143, 5.6449174880981445, 5.654905557632446, 5.6650097370147705, 5.675076961517334, 5.684974431991577, 5.695157766342163, 5.705166816711426, 5.715479850769043, 5.725340843200684, 5.735406160354614, 5.745449542999268, 5.755523443222046, 5.765516757965088, 5.77573037147522, 5.785731554031372, 5.795815467834473, 5.8057944774627686, 5.816042184829712, 5.826188802719116, 5.836003541946411, 5.846100330352783, 5.8561906814575195, 5.866087198257446, 5.876370906829834, 5.886584520339966, 5.896683931350708, 5.9067606925964355, 5.9166975021362305], "set_target_data": [{"head": [[0.9977065536490789, -0.06692164581229985, -0.010155103517463822, -0.007147723426993803], [0.06693113307876901, 0.9977574189866378, 0.0005968935538500451, -0.0063655736008882404], [0.010092384776128433, -0.001275217195463126, 0.9999482574566719, 0.014492882605088409], [0.0, 0.0, 0.0, 1.0]], "antennas": [-0.16697061296804394, 0.25374279286944174], "body_yaw": -0.0, "check_collision": false}, {"head": [[0.9977139928832419, -0.06681287040209988, -0.010140451351414736, -0.007129368873532924], [0.0668223353056103, 0.9977647112439371, 0.0005970767181546323, -0.006336877808500798], [0.010077892105137338, -0.001273320436882145, 0.9999484060419228, 0.014478051977840911], [0.0, 0.0, 0.0, 1.0]], "antennas": [-0.16697061296804394, 0.25374279286944174], "body_yaw": -0.0, "check_collision": false}, {"head": [[0.9977204529894238, -0.06671485343482084, -0.01015017328669805, -0.007114013606975979], [0.06672358893941427, 0.9977713606034151, 0.0005240597814106151, -0.0063004280464286], [0.010092589639121255, -0.001200121152548001, 0.999948348337851, 0.014463358358495881], [0.0, 0.0, 0.0, 1.0]], "antennas": [-0.16697061296804394, 0.25374279286944174], "body_yaw": -0.0, "check_collision": false}, {"head": [[0.9977270761449677, -0.06661663365740246, -0.010144242079573517, -0.0071019027601928394], [0.06662503082586356, 0.99777796301314, 0.0004917243143901459, -0.006263395245529731], [0.01008894417995688, -0.0011664671037224772, 0.9999484249499218, 0.014451096644287897], [0.0, 0.0, 0.0, 1.0]], "antennas": [-0.16697061296804394, 0.25374279286944174], "body_yaw": -0.0, "check_collision": false}, {"head": [[0.9977328977095227, -0.06651887428530431, -0.01021294237596996, -0.007040100192094171], [0.06652821418666507, 0.997784377317742, 0.0005771462370591581, -0.006100214923428927], [0.010151923231201992, -0.0012552866053677785, 0.9999476799864311, 0.014356106210988373], [0.0, 0.0, 0.0, 1.0]], "antennas": [-0.16697061296804394, 0.25374279286944174], "body_yaw": -0.0, "check_collision": false}, {"head": [[0.9977346284492578, -0.06646025080008892, -0.01042335151527669, -0.0070344701537013304], [0.06647048172082319, 0.9977881880706376, 0.000637813856519666, -0.006049139953171524], [0.010357907753183196, -0.0013292141675203513, 0.9999454719816844, 0.014338503684673709], [0.0, 0.0, 0.0, 1.0]], "antennas": [-0.16697061296804394, 0.25374279286944174], "body_yaw": -0.0, "check_collision": false}, {"head": [[0.9977332224288956, -0.06643832108036457, -0.010694220573501757, -0.007069700985497661], [0.06644992274179062, 0.9977894922019452, 0.0007328157987115179, -0.006104730298642694], [0.010621893864202352, -0.001441784799188107, 0.9999425466632225, 0.01440326180213325], [0.0, 0.0, 0.0, 1.0]], "antennas": [-0.16697061296804394, 0.25374279286944174], "body_yaw": -0.0, "check_collision": false}, {"head": [[0.9977276913511298, -0.0664840406039695, -0.010923655803542239, -0.007080405959457563], [0.0664967395770674, 0.9977863191722797, 0.0008030555729166461, -0.0060517282270342474], [0.010846083936804288, -0.0015276182779904537, 0.9999400126235736, 0.014393792685297613], [0.0, 0.0, 0.0, 1.0]], "antennas": [-0.16697061296804394, 0.25374279286944174], "body_yaw": -0.0, "check_collision": false}, {"head": [[0.9977171120494024, -0.06660946229640638, -0.011124021592194062, -0.007135781207797197], [0.06662200325379189, 0.997777996715875, 0.000760231613997828, -0.006203950608457004], [0.011048665360654405, -0.0014996006931169733, 0.9999378371636455, 0.01449117540918432], [0.0, 0.0, 0.0, 1.0]], "antennas": [-0.16697061296804394, 0.25374279286944174], "body_yaw": -0.0, "check_collision": false}, {"head": [[0.9977054093544439, -0.06676160711304362, -0.011260726467038188, -0.007141781780489818], [0.0667740655104153, 0.9977678517480357, 0.0007336166032999791, -0.006169380949524193], [0.01118661343269782, -0.0014838577403094974, 0.9999363268959249, 0.01448815232101519], [0.0, 0.0, 0.0, 1.0]], "antennas": [-0.16697061296804394, 0.25374279286944174], "body_yaw": -0.0, "check_collision": false}, {"head": [[0.9977022282944099, -0.06682957525030456, -0.011138739975095806, -0.007144310135365851], [0.0668428486701792, 0.9977631762430444, 0.0008232345029069563, -0.006138526540407919], [0.011058808164736296, -0.0015658880084909162, 0.999937623432942, 0.014483005204006028], [0.0, 0.0, 0.0, 1.0]], "antennas": [-0.16697061296804394, 0.25374279286944174], "body_yaw": -0.0, "check_collision": false}, {"head": [[0.9977029242273547, -0.06684081960011146, -0.011008170754953193, -0.007143915446619759], [0.0668530148976581, 0.9977625579499501, 0.0007432040538025177, -0.0061025894313484624], [0.010933864242725648, -0.0014774262612532467, 0.9999391320597288, 0.014483512158326217], [0.0, 0.0, 0.0, 1.0]], "antennas": [-0.16697061296804394, 0.25374279286944174], "body_yaw": -0.0, "check_collision": false}, {"head": [[0.9977000690671489, -0.06689779264580306, -0.010920509261274105, -0.007091371661143136], [0.0669084230274766, 0.9977589338621818, 0.0006105949382126782, -0.005997399519213576], [0.010855188224193804, -0.0013398646653556441, 0.9999401830366135, 0.014362397988866737], [0.0, 0.0, 0.0, 1.0]], "antennas": [-0.16697061296804394, 0.25374279286944174], "body_yaw": -0.0, "check_collision": false}, {"head": [[0.9977044342392811, -0.06683890665677909, -0.010882208241068678, -0.007088433576834079], [0.06684880842464717, 0.9977629659224141, 0.0005483118748722563, -0.005972769069548485], [0.010821215804170633, -0.0012745158428504211, 0.9999406366869413, 0.014353981332916876], [0.0, 0.0, 0.0, 1.0]], "antennas": [-0.16697061296804394, 0.25374279286944174], "body_yaw": -0.0, "check_collision": false}, {"head": [[0.9977045698275724, -0.06683612563320775, -0.01088685700839098, -0.007084634091447949], [0.06684790721023927, 0.9977629160956669, 0.0007215025175282138, -0.005937160377722036], [0.010814279762902541, -0.00144760996598806, 0.9999404761177519, 0.014362356913980467], [0.0, 0.0, 0.0, 1.0]], "antennas": [-0.16697061296804394, 0.25374279286944174], "body_yaw": -0.0, "check_collision": false}, {"head": [[0.9977099557880932, -0.06677116094665715, -0.010791486790828595, -0.007096998210572164], [0.06678408593840955, 0.9977670960165165, 0.0008414108025401564, -0.005912010637573158], [0.010711208460866978, -0.0015601835158438719, 0.9999414162043218, 0.014361215269736105], [0.0, 0.0, 0.0, 1.0]], "antennas": [-0.16697061296804394, 0.25374279286944174], "body_yaw": -0.0, "check_collision": false}, {"head": [[0.9977054906566808, -0.06685778071657968, -0.010667289776021447, -0.00713231435231557], [0.0668685991335171, 0.9977615719149476, 0.0006603481914396865, -0.00572220436602518], [0.010599262400415544, -0.0013721397402184279, 0.9999428848034775, 0.014053382168497386], [0.0, 0.0, 0.0, 1.0]], "antennas": [-0.16697061296804394, 0.25374279286944174], "body_yaw": -0.0, "check_collision": false}, {"head": [[0.9977020791385778, -0.0669469555255184, -0.010424319086777139, -0.007174919404756456], [0.06695725215779073, 0.99775563884526, 0.0006415106895096139, -0.00569299590683582], [0.01035797596235442, -0.0013380203103799723, 0.9999454595304745, 0.014038793637137115], [0.0, 0.0, 0.0, 1.0]], "antennas": [-0.16697061296804394, 0.25374279286944174], "body_yaw": -0.0, "check_collision": false}, {"head": [[0.9977058168714941, -0.06692390678110162, -0.010212427818064957, -0.007236569852710224], [0.06693425215244768, 0.9977571604870324, 0.0006742296692065334, -0.005632629426854339], [0.01014440089790024, -0.0013562440815377325, 0.9999476244946103, 0.01396273286857641], [0.0, 0.0, 0.0, 1.0]], "antennas": [-0.16697061296804394, 0.25374279286944174], "body_yaw": -0.0, "check_collision": false}, {"head": [[0.9977085267545434, -0.066981168201304, -0.009550850625343686, -0.0072904322865967285], [0.06699132642141854, 0.9977532779755104, 0.0007473107942020782, -0.0056088725727583034], [0.009479336768886015, -0.0013854225033557313, 0.9999541103365241, 0.013946848511892429], [0.0, 0.0, 0.0, 1.0]], "antennas": [-0.16697061296804394, 0.25374279286944174], "body_yaw": -0.0, "check_collision": false}, {"head": [[0.9977088461058925, -0.06708033035329401, -0.0087913412936381, -0.00737250294360374], [0.06709053424599197, 0.9977465120181538, 0.0008706148375170013, -0.005719572953078635], [0.008713128980777458, -0.0014584359090707869, 0.9999609764126114, 0.014081597811947066], [0.0, 0.0, 0.0, 1.0]], "antennas": [-0.16697061296804394, 0.25374279286944174], "body_yaw": -0.0, "check_collision": false}, {"head": [[0.9976993795470045, -0.06733823392757111, -0.007842850440876932, -0.007435271041901604], [0.06734859200657044, 0.997728938807215, 0.0010638709325176124, -0.0057030957488186035], [0.007753399657877227, -0.0015896283038020868, 0.9999686784472805, 0.01407439042520453], [0.0, 0.0, 0.0, 1.0]], "antennas": [-0.16697061296804394, 0.25374279286944174], "body_yaw": -0.0, "check_collision": false}, {"head": [[0.9976728519452395, -0.06782594518484104, -0.006965748433273199, -0.007571485953066205], [0.06783652431423369, 0.9976956111892469, 0.0012935929343531817, -0.005881802388441667], [0.006861957477068106, -0.0017631147150329218, 0.9999749021680919, 0.01434348549664366], [0.0, 0.0, 0.0, 1.0]], "antennas": [-0.16697061296804394, 0.25374279286944174], "body_yaw": -0.0, "check_collision": false}, {"head": [[0.9976493167821859, -0.06824155445044806, -0.0062394687453617495, -0.007637047245365958], [0.06825281357092534, 0.9976667594919534, 0.0016094857804753368, -0.005871205355035119], [0.006115076752610851, -0.002031563686320654, 0.9999792390771413, 0.014349673808648378], [0.0, 0.0, 0.0, 1.0]], "antennas": [-0.16697061296804394, 0.25374279286944174], "body_yaw": -0.0, "check_collision": false}, {"head": [[0.9976616529410799, -0.068050967170881, -0.0063476072641453695, -0.007673828738114983], [0.06806613242495815, 0.9976783764721576, 0.0022042542021404863, -0.0058596385898193005], [0.006182868879429288, -0.0026311569674327437, 0.9999774243178855, 0.014330864659019782], [0.0, 0.0, 0.0, 1.0]], "antennas": [-0.16697061296804394, 0.25374279286944174], "body_yaw": -0.0, "check_collision": false}, {"head": [[0.9976864732592581, -0.0676006312809685, -0.007201091994833901, -0.007687150726814241], [0.06762336382837424, 0.9977065257535882, 0.0029612722333277157, -0.005825104265125648], [0.006984392603429951, -0.003441383314757542, 0.9999696871109853, 0.014266565216964011], [0.0, 0.0, 0.0, 1.0]], "antennas": [-0.16697061296804394, 0.25374279286944174], "body_yaw": -0.0, "check_collision": false}, {"head": [[0.9977416611631862, -0.0666447734342365, -0.008369692540648375, -0.007418162567193656], [0.06667914758650667, 0.9977668586161733, 0.003897066120799336, -0.00552963126071076], [0.008091282745187039, -0.004446349189200681, 0.9999573796529655, 0.014098347368333708], [0.0, 0.0, 0.0, 1.0]], "antennas": [-0.16697061296804394, 0.25374279286944174], "body_yaw": -0.0, "check_collision": false}, {"head": [[0.9978311225935836, -0.0650882489868079, -0.009827035537747435, -0.007328918843949553], [0.0651295857416104, 0.9978690111015848, 0.003946358355729813, -0.005410238373461323], [0.009549232678863248, -0.004577829941896022, 0.9999439262420009, 0.014037523389352602], [0.0, 0.0, 0.0, 1.0]], "antennas": [-0.16697061296804394, 0.25374279286944174], "body_yaw": -0.0, "check_collision": false}, {"head": [[0.9978944735498652, -0.06378950506457026, -0.011726836839256941, -0.0071891856437897375], [0.06383259861317406, 0.9979550389905495, 0.0033375900977048534, -0.0054180701069980455], [0.011489952694715469, -0.004079117182436899, 0.9999256681324293, 0.013792883502647957], [0.0, 0.0, 0.0, 1.0]], "antennas": [-0.16697061296804394, 0.25374279286944174], "body_yaw": -0.0, "check_collision": false}, {"head": [[0.9979475575748543, -0.06262726664313593, -0.01336030700217949, -0.007102358818478913], [0.06266961403810119, 0.9980304713655407, 0.00277447331797672, -0.005305047064865235], [0.013160235814694334, -0.003606064154488599, 0.9999068979133084, 0.013713602813616999], [0.0, 0.0, 0.0, 1.0]], "antennas": [-0.16697061296804394, 0.25374279286944174], "body_yaw": -0.0, "check_collision": false}, {"head": [[0.9979662819187686, -0.06208603011474597, -0.014443857442509507, -0.007009563573846449], [0.06212512874590833, 0.9980657786070748, 0.002273752791692831, -0.005478707581583183], [0.014274751540149315, -0.0031664551227315644, 0.9998930968010643, 0.013680518607049996], [0.0, 0.0, 0.0, 1.0]], "antennas": [-0.16697061296804394, 0.25374279286944174], "body_yaw": -0.0, "check_collision": false}, {"head": [[0.9979775531929668, -0.06167562926993938, -0.01539220832551975, -0.006940064813094674], [0.06171306354956744, 0.9980919910226229, 0.001968563898800405, -0.005399075886831097], [0.015241427436636397, -0.002914482913589817, 0.999879595090849, 0.013632379425676189], [0.0, 0.0, 0.0, 1.0]], "antennas": [-0.16697061296804394, 0.25374279286944174], "body_yaw": -0.0, "check_collision": false}, {"head": [[0.997993946199227, -0.06118279009790403, -0.016271126129758045, -0.006895958578734023], [0.06121767995536921, 0.9981230677823059, 0.0016544551129842964, -0.005323589921774505], [0.01613936214900281, -0.0026472167789416585, 0.9998662476715318, 0.013467189866637641], [0.0, 0.0, 0.0, 1.0]], "antennas": [-0.16697061296804394, 0.25374279286944174], "body_yaw": -0.0, "check_collision": false}, {"head": [[0.9980093206425541, -0.060854580146394055, -0.0165564484655996, -0.006853926602988447], [0.060887730619914884, 0.9981434860731735, 0.0015051477168413854, -0.00527155801881416], [0.016434116056077742, -0.0025102360245474937, 0.99986179972262, 0.013420760461988146], [0.0, 0.0, 0.0, 1.0]], "antennas": [-0.16697061296804394, 0.25374279286944174], "body_yaw": -0.0, "check_collision": false}, {"head": [[0.9980087298105395, -0.060813012411871585, -0.016743737436635295, -0.006780833721654632], [0.06084685464658635, 0.9981459581007388, 0.001518751716139893, -0.00476399058660152], [0.01662033397891338, -0.002534531229169906, 0.9998586603364885, 0.013237275560626482], [0.0, 0.0, 0.0, 1.0]], "antennas": [-0.16697061296804394, 0.25374279286944174], "body_yaw": -0.0, "check_collision": false}, {"head": [[0.998008748181008, -0.06087883005945074, -0.01650171520690499, -0.006758571789889225], [0.06091208168630494, 0.9981419785767986, 0.0015195089451766305, -0.004723442036329406], [0.01637854873968377, -0.00252163704487271, 0.9998626828158933, 0.013208466373955674], [0.0, 0.0, 0.0, 1.0]], "antennas": [-0.16697061296804394, 0.25374279286944174], "body_yaw": -0.0, "check_collision": false}, {"head": [[0.9980129759823818, -0.06080087561559806, -0.01653339938326463, -0.006893385911993469], [0.06083988674563755, 0.9981457932943437, 0.0018664162407027807, -0.004948024601582701], [0.01638926330156298, -0.002868597772803845, 0.9998615720164717, 0.013537474610587075], [0.0, 0.0, 0.0, 1.0]], "antennas": [-0.16697061296804394, 0.25374279286944174], "body_yaw": -0.0, "check_collision": false}, {"head": [[0.9980106289068241, -0.060844606564777005, -0.01651418908038951, -0.006901596031675276], [0.06089175505076302, 0.9981415690564043, 0.002366915388693322, -0.004913620265309036], [0.016339484564796964, -0.003367784671984126, 0.9998608299511287, 0.013547326610533483], [0.0, 0.0, 0.0, 1.0]], "antennas": [-0.16697061296804394, 0.25374279286944174], "body_yaw": -0.0, "check_collision": false}, {"head": [[0.998006567234446, -0.06084867819595173, -0.016743061808472355, -0.006965819113206161], [0.060905342835389606, 0.9981393479103177, 0.0028950591132437687, -0.004950981479266512], [0.016535748275190713, -0.003909029927108341, 0.9998556338362095, 0.013663617002740658], [0.0, 0.0, 0.0, 1.0]], "antennas": [-0.16697061296804394, 0.25374279286944174], "body_yaw": -0.0, "check_collision": false}, {"head": [[0.9979948683587322, -0.06097771259713627, -0.01696942238434401, -0.006984880013094073], [0.061046396989894204, 0.9981285846237857, 0.003558928416118774, -0.004917889957482077], [0.016720650232256596, -0.004587714391706467, 0.9998496750674429, 0.013698663766447128], [0.0, 0.0, 0.0, 1.0]], "antennas": [-0.16697061296804394, 0.25374279286944174], "body_yaw": -0.0, "check_collision": false}, {"head": [[0.9979790216191166, -0.06114486775050895, -0.017296749865913452, -0.006943594056062895], [0.06122761247359672, 0.9981145891592206, 0.004294924714541508, -0.0048133282296564436], [0.017001525782536976, -0.005345283462388781, 0.9998411754202629, 0.013763620942819355], [0.0, 0.0, 0.0, 1.0]], "antennas": [-0.16697061296804394, 0.25374279286944174], "body_yaw": -0.0, "check_collision": false}, {"head": [[0.9979651203380902, -0.061164553465893716, -0.01801432729520383, -0.006946980470141216], [0.06126515281628599, 0.9981085681107742, 0.005085991963888848, -0.004759141334797332], [0.017669171994692347, -0.006179293096904149, 0.9998247930001757, 0.013810417277906994], [0.0, 0.0, 0.0, 1.0]], "antennas": [-0.16697061296804394, 0.25374279286944174], "body_yaw": -0.0, "check_collision": false}, {"head": [[0.9979492515403188, -0.06113665396231394, -0.018963145635940287, -0.0069508440067093565], [0.061259150187763574, 0.9981041779383427, 0.005946974045519717, -0.004653815414335927], [0.018563616791741448, -0.007096444484200602, 0.999802496799889, 0.01370319582285684], [0.0, 0.0, 0.0, 1.0]], "antennas": [-0.16697061296804394, 0.25374279286944174], "body_yaw": -0.0, "check_collision": false}, {"head": [[0.9978962449450206, -0.061465122884532875, -0.02061851094082999, -0.0069423122226481004], [0.06162510329733227, 0.9980732893684825, 0.007214963116399304, -0.004578079833613063], [0.020135316442037372, -0.00847040246783751, 0.999761382187676, 0.013733656868096022], [0.0, 0.0, 0.0, 1.0]], "antennas": [-0.16697061296804394, 0.25374279286944174], "body_yaw": -0.0, "check_collision": false}, {"head": [[0.9978303547450187, -0.061728858976764035, -0.022893910082317163, -0.006901946292995984], [0.061923752875137926, 0.9980495911558958, 0.007903317240780515, -0.004795674156778782], [0.022361394842211717, -0.00930384667631348, 0.9997066602047496, 0.013683879839458624], [0.0, 0.0, 0.0, 1.0]], "antennas": [-0.16697061296804394, 0.25374279286944174], "body_yaw": -0.0, "check_collision": false}, {"head": [[0.9977482999372873, -0.06189613239846616, -0.02583019098582325, -0.00684089337800535], [0.06214042842604845, 0.998028937257384, 0.0087639917802098, -0.004715104949007794], [0.025236820863169505, -0.0103493570335544, 0.9996279276219288, 0.013676853959810442], [0.0, 0.0, 0.0, 1.0]], "antennas": [-0.16697061296804394, 0.25374279286944174], "body_yaw": -0.0, "check_collision": false}, {"head": [[0.9976572418973189, -0.06208076848308934, -0.028740317924202168, -0.006798833661890446], [0.06237210751525479, 0.9980091382826604, 0.009353080156167195, -0.004738382046457385], [0.028102453521723907, -0.011123762351437248, 0.9995431526538554, 0.013610143353213977], [0.0, 0.0, 0.0, 1.0]], "antennas": [-0.16697061296804394, 0.25374279286944174], "body_yaw": -0.0, "check_collision": false}, {"head": [[0.9975637883047432, -0.06229591007664203, -0.03139598462880735, -0.006745657805068375], [0.06263863823334491, 0.9979856436410176, 0.010052665651254702, -0.004664610653731602], [0.03070650197208269, -0.011994776952770132, 0.9994564703189888, 0.013583443967793096], [0.0, 0.0, 0.0, 1.0]], "antennas": [-0.16697061296804394, 0.25374279286944174], "body_yaw": -0.0, "check_collision": false}, {"head": [[0.9975003700958863, -0.06250094657565491, -0.03296427362640836, -0.006686566437969495], [0.06287775453009162, 0.997965792154613, 0.010519775400125025, -0.004518065914772766], [0.03223972152210894, -0.012566199360294392, 0.9994011661939434, 0.013490762301854087], [0.0, 0.0, 0.0, 1.0]], "antennas": [-0.16697061296804394, 0.25374279286944174], "body_yaw": -0.0, "check_collision": false}, {"head": [[0.9974384349196542, -0.06275658032644894, -0.034324629215195114, -0.006700800842319828], [0.06316122720412239, 0.9979445369967302, 0.010833303118208784, -0.004426881791286099], [0.033574215152403684, -0.012973538611794575, 0.9993520197471901, 0.013536302058369531], [0.0, 0.0, 0.0, 1.0]], "antennas": [-0.16697061296804394, 0.25374279286944174], "body_yaw": -0.0, "check_collision": false}, {"head": [[0.9974328185790899, -0.0626443208421528, -0.034690942443213746, -0.006616575412849903], [0.06305095999891225, 0.997952373250036, 0.010753472361843656, -0.0043675105603197765], [0.03394626436868299, -0.012913163471697693, 0.9993402330260527, 0.013480996643725374], [0.0, 0.0, 0.0, 1.0]], "antennas": [-0.16697061296804394, 0.25374279286944174], "body_yaw": -0.0, "check_collision": false}, {"head": [[0.997452171305185, -0.06225759360620767, -0.034830417696838985, -0.006517410031159208], [0.06265886261003745, 0.9979792492462197, 0.010549171074945338, -0.004312822358749478], [0.03410326809835731, -0.012704727951290531, 0.9993375590823631, 0.013409429721890187], [0.0, 0.0, 0.0, 1.0]], "antennas": [-0.16697061296804394, 0.25374279286944174], "body_yaw": -0.0, "check_collision": false}, {"head": [[0.9974685541260377, -0.06195821855990608, -0.0348950237511719, -0.006472721255569074], [0.062359049275641766, 0.9979983679539115, 0.01051696414215467, -0.004459138907503205], [0.03417356439047621, -0.012666361522244419, 0.9993356447073416, 0.013522965250089114], [0.0, 0.0, 0.0, 1.0]], "antennas": [-0.16697061296804394, 0.25374279286944174], "body_yaw": -0.0, "check_collision": false}, {"head": [[0.9974898051574, -0.06182787885614763, -0.03451669166072672, -0.006388159635629664], [0.06222284761449694, 0.9980071805579528, 0.010487363324928896, -0.0044250082232220826], [0.03379949469733596, -0.012608764844960162, 0.9993490947648321, 0.013453008446343118], [0.0, 0.0, 0.0, 1.0]], "antennas": [-0.16697061296804394, 0.25374279286944174], "body_yaw": -0.0, "check_collision": false}, {"head": [[0.9975027655004521, -0.06179407848917669, -0.034201238027645936, -0.006278470168198158], [0.06218164477085136, 0.9980108115877526, 0.010385711701527578, -0.004474050813985352], [0.033491429837226666, -0.012486465377722578, 0.9993610019956899, 0.01345880389761922], [0.0, 0.0, 0.0, 1.0]], "antennas": [-0.16697061296804394, 0.25374279286944174], "body_yaw": -0.0, "check_collision": false}, {"head": [[0.9975115582680961, -0.06179467104458398, -0.03394274225879437, -0.0062345180977776415], [0.062182267052591424, 0.9980097481463002, 0.010483714473377278, -0.004435357422708793], [0.033227349965886444, -0.01256826302440999, 0.9993687917774872, 0.013414578088489337], [0.0, 0.0, 0.0, 1.0]], "antennas": [-0.16697061296804394, 0.25374279286944174], "body_yaw": -0.0, "check_collision": false}, {"head": [[0.9975146142247335, -0.06191595961468487, -0.03363046763090936, -0.006143243587295795], [0.062305859869230575, 0.9980000536190866, 0.010671120009443376, -0.004298264130035409], [0.032902495863334345, -0.012739973363113877, 0.9993773655855281, 0.013530994707630417], [0.0, 0.0, 0.0, 1.0]], "antennas": [-0.16697061296804394, 0.25374279286944174], "body_yaw": -0.0, "check_collision": false}, {"head": [[0.9975157712741186, -0.062021846144986244, -0.03340024940277166, -0.006125572554212141], [0.062410562229453355, 0.997992954164414, 0.010723113371998452, -0.004238294943285981], [0.03266814628354698, -0.012781003049559796, 0.9993845296878692, 0.013528760022656905], [0.0, 0.0, 0.0, 1.0]], "antennas": [-0.16697061296804394, 0.25374279286944174], "body_yaw": -0.0, "check_collision": false}, {"head": [[0.9975274613409001, -0.062015653673366145, -0.0330608918549441, -0.006106602418019188], [0.06239614462984147, 0.9979951383067459, 0.010603068019735647, -0.004163184227866772], [0.03233705314513223, -0.012639723713924425, 0.9993970944416062, 0.013393729496619877], [0.0, 0.0, 0.0, 1.0]], "antennas": [-0.16697061296804394, 0.25374279286944174], "body_yaw": -0.0, "check_collision": false}, {"head": [[0.9975336574838836, -0.062093159991364874, -0.0327267729712669, -0.006087446693699438], [0.062472444127240484, 0.9979893712420387, 0.010696196178509825, -0.004125794140484266], [0.031996810959764366, -0.0127143371910264, 0.9994070990933565, 0.013379339151749936], [0.0, 0.0, 0.0, 1.0]], "antennas": [-0.16697061296804394, 0.25374279286944174], "body_yaw": -0.0, "check_collision": false}, {"head": [[0.9975496615070767, -0.0620471348537473, -0.03232376654349328, -0.006010867820469723], [0.06243324468484612, 0.9979876926686176, 0.01107498262262276, -0.004090829980136896], [0.031571550250811126, -0.013065922792139844, 0.9994160889621254, 0.013294378963296327], [0.0, 0.0, 0.0, 1.0]], "antennas": [-0.16697061296804394, 0.25374279286944174], "body_yaw": -0.0, "check_collision": false}, {"head": [[0.9975625284229436, -0.06198459646268058, -0.032045462826785415, -0.00597321602434538], [0.06237690073186154, 0.997987671082695, 0.011389935119502544, -0.004062299217942818], [0.031274976283152164, -0.013361069130037189, 0.9994215115206352, 0.013282382736617193], [0.0, 0.0, 0.0, 1.0]], "antennas": [-0.16697061296804394, 0.25374279286944174], "body_yaw": -0.0, "check_collision": false}, {"head": [[0.9975772746958608, -0.06189616744854535, -0.031756030381027776, -0.0059211264428552235], [0.06228568043415885, 0.9979929577009244, 0.011425865053234195, -0.0041690995638417674], [0.030985077428222856, -0.013376129281018181, 0.9994303398147489, 0.013366309556621991], [0.0, 0.0, 0.0, 1.0]], "antennas": [-0.16697061296804394, 0.25374279286944174], "body_yaw": -0.0, "check_collision": false}, {"head": [[0.9975939822591927, -0.06175647137594195, -0.03150213966444911, -0.005881203684673635], [0.06214414254665454, 0.9980011793134043, 0.011478311556834894, -0.00414531908499231], [0.03073031251691196, -0.013408367993426778, 0.9994377737309943, 0.013363112783409514], [0.0, 0.0, 0.0, 1.0]], "antennas": [-0.16697061296804394, 0.25374279286944174], "body_yaw": -0.0, "check_collision": false}, {"head": [[0.9976148078585106, -0.061632473691993116, -0.031082685341400056, -0.005819219604525156], [0.06201307209127153, 0.9980098619020863, 0.011432166722947343, -0.004009146770182122], [0.030316233790322143, -0.013332431615586124, 0.9994514356565737, 0.013300343184894592], [0.0, 0.0, 0.0, 1.0]], "antennas": [-0.16697061296804394, 0.25374279286944174], "body_yaw": -0.0, "check_collision": false}, {"head": [[0.997640911761441, -0.061400813222624966, -0.03070099860592568, -0.005773548238115482], [0.061771278215599586, 0.998026737688855, 0.011266767315983523, -0.003970628957466432], [0.029948628806870613, -0.013136627944105176, 0.9994651112664446, 0.013290793448412774], [0.0, 0.0, 0.0, 1.0]], "antennas": [-0.16697061296804394, 0.25374279286944174], "body_yaw": -0.0, "check_collision": false}, {"head": [[0.9976729350942978, -0.06101672547600638, -0.03042488771573161, -0.005830836023572764], [0.06138070402225726, 0.9980518620467052, 0.01117541224460018, -0.004008262091958007], [0.029683728776237886, -0.013016907362748749, 0.9994745801513155, 0.013300536564411547], [0.0, 0.0, 0.0, 1.0]], "antennas": [-0.16697061296804394, 0.25374279286944174], "body_yaw": -0.0, "check_collision": false}, {"head": [[0.9976858012660986, -0.060918233968823586, -0.030199515263369954, -0.005800524646215596], [0.061279936469639244, 0.9980577897289571, 0.011199006546384224, -0.00396852999033055], [0.029458637753633894, -0.013023714196366838, 0.999481151163058, 0.013280372191885603], [0.0, 0.0, 0.0, 1.0]], "antennas": [-0.16697061296804394, 0.25374279286944174], "body_yaw": -0.0, "check_collision": false}, {"head": [[0.9976928422561331, -0.06094314936177052, -0.029915298038758004, -0.00580387699852394], [0.06130044498052717, 0.9980568043245781, 0.011174559794478067, -0.004106660940265905], [0.029176153894373218, -0.012982599403814889, 0.9994899720140528, 0.013202952872234164], [0.0, 0.0, 0.0, 1.0]], "antennas": [-0.16697061296804394, 0.25374279286944174], "body_yaw": -0.0, "check_collision": false}, {"head": [[0.9977008194720816, -0.06087428530881281, -0.029789196244254076, -0.005791624649588729], [0.06123661443318587, 0.99805811601528, 0.011405003673458402, -0.004078587652575765], [0.02903707763358351, -0.01320297103577544, 0.999491135367558, 0.013188166873712714], [0.0, 0.0, 0.0, 1.0]], "antennas": [-0.16697061296804394, 0.25374279286944174], "body_yaw": -0.0, "check_collision": false}, {"head": [[0.9977087374620285, -0.06080278723213556, -0.02966978693433629, -0.005787346859034953], [0.06117331187377707, 0.9980580692752175, 0.011743775756499833, -0.004047984405932688], [0.02889811596486638, -0.013531866812417297, 0.9994907640765133, 0.