{"description": "You yawn because you\u2019re tired. Could be between tasks, especially after working hard.", "time": [0.0, 0.00931096076965332, 0.019196748733520508, 0.029304981231689453, 0.039482831954956055, 0.049428701400756836, 0.05994296073913574, 0.0710151195526123, 0.08039236068725586, 0.09006381034851074, 0.09994888305664062, 0.11003780364990234, 0.12006974220275879, 0.13004040718078613, 0.14020800590515137, 0.15030193328857422, 0.16038870811462402, 0.17047500610351562, 0.18043160438537598, 0.19059991836547852, 0.20051026344299316, 0.2105875015258789, 0.22058725357055664, 0.23066043853759766, 0.24080944061279297, 0.25086426734924316, 0.26096367835998535, 0.27121567726135254, 0.2811143398284912, 0.29111528396606445, 0.30107903480529785, 0.3111381530761719, 0.32115793228149414, 0.3312351703643799, 0.3413116931915283, 0.3513755798339844, 0.3613851070404053, 0.3715360164642334, 0.3815133571624756, 0.3915677070617676, 0.4016087055206299, 0.411801815032959, 0.42177391052246094, 0.43184757232666016, 0.4419536590576172, 0.4519462585449219, 0.4619629383087158, 0.47206711769104004, 0.4821028709411621, 0.49216294288635254, 0.5023512840270996, 0.5122678279876709, 0.522315263748169, 0.5324070453643799, 0.5424506664276123, 0.5524885654449463, 0.5625267028808594, 0.5726649761199951, 0.5827391147613525, 0.5927567481994629, 0.6028647422790527, 0.6128203868865967, 0.622943639755249, 0.6330692768096924, 0.6430094242095947, 0.6530756950378418, 0.6631219387054443, 0.6733405590057373, 0.683311939239502, 0.6934185028076172, 0.7034645080566406, 0.7135145664215088, 0.723581075668335, 0.7336184978485107, 0.743725061416626, 0.7537598609924316, 0.7637465000152588, 0.7738738059997559, 0.7839386463165283, 0.7939047813415527, 0.8041212558746338, 0.8140201568603516, 0.8241057395935059, 0.8342757225036621, 0.844231367111206, 0.8542749881744385, 0.8643457889556885, 0.8744716644287109, 0.884472131729126, 0.8945353031158447, 0.9046645164489746, 0.9146387577056885, 0.9247622489929199, 0.9349305629730225, 0.9449102878570557, 0.9549229145050049, 0.9649577140808105, 0.9750344753265381, 0.9860844612121582, 0.9954524040222168, 1.0054056644439697, 1.0153753757476807, 1.0253617763519287, 1.0354750156402588, 1.0455808639526367, 1.0555853843688965, 1.0656280517578125, 1.0756583213806152, 1.0857107639312744, 1.095775842666626, 1.105842113494873, 1.115891695022583, 1.1259334087371826, 1.1360998153686523, 1.1460464000701904, 1.1562283039093018, 1.1663520336151123, 1.1763620376586914, 1.1864128112792969, 1.1964445114135742, 1.2067694664001465, 1.2168047428131104, 1.2266221046447754, 1.2367172241210938, 1.2467694282531738, 1.2568771839141846, 1.2669360637664795, 1.2769055366516113, 1.2869548797607422, 1.297018051147461, 1.307145595550537, 1.3171918392181396, 1.327230453491211, 1.3373374938964844, 1.3473706245422363, 1.3574516773223877, 1.367518424987793, 1.3775153160095215, 1.3875768184661865, 1.397629737854004, 1.4080135822296143, 1.4178617000579834, 1.4278883934020996, 1.4380004405975342, 1.4479835033416748, 1.458106279373169, 1.4682345390319824, 1.478158950805664, 1.4882347583770752, 1.4982976913452148, 1.5083794593811035, 1.5183873176574707, 1.5284631252288818, 1.5385732650756836, 1.5485763549804688, 1.558567762374878, 1.568683385848999, 1.5788252353668213, 1.5888068675994873, 1.598853588104248, 1.6089627742767334, 1.6189765930175781, 1.6290674209594727, 1.6391513347625732, 1.6491858959197998, 1.6592199802398682, 1.669367790222168, 1.6793580055236816, 1.6895148754119873, 1.69954252243042, 1.7095468044281006, 1.7196075916290283, 1.73036789894104, 1.73991060256958, 1.7499704360961914, 1.7598965167999268, 1.7699899673461914, 1.7799944877624512, 1.7901086807250977, 1.8001019954681396, 1.81019926071167, 1.820296287536621, 1.8302931785583496, 1.8404195308685303, 1.850464105606079, 1.8604531288146973, 1.8705687522888184, 1.8806045055389404, 1.8906848430633545, 1.9007561206817627, 1.910836935043335, 1.9210999011993408, 1.9311480522155762, 1.9411511421203613, 1.951174020767212, 1.9611239433288574, 1.9712672233581543, 1.9812488555908203, 1.9914250373840332, 2.0015430450439453, 2.0115699768066406, 2.021571159362793, 2.031625270843506, 2.0417752265930176, 2.0518431663513184, 2.061790704727173, 2.071805238723755, 2.0819201469421387, 2.091970443725586, 2.10204815864563, 2.112140417098999, 2.1223349571228027, 2.1321799755096436, 2.1424522399902344, 2.1523239612579346, 2.1622891426086426, 2.172447919845581, 2.182494878768921, 2.192488193511963, 2.2026309967041016, 2.2126591205596924, 2.2226638793945312, 2.2327537536621094, 2.2427866458892822, 2.252913236618042, 2.2629499435424805, 2.27309513092041, 2.2831244468688965, 2.2931017875671387, 2.3032660484313965, 2.313302993774414, 2.3232920169830322, 2.333609104156494, 2.343592882156372, 2.3534295558929443, 2.363473415374756, 2.3736138343811035, 2.3836722373962402, 2.393681287765503, 2.403769016265869, 2.413795232772827, 2.4238760471343994, 2.433933973312378, 2.4440338611602783, 2.455082654953003, 2.464238405227661, 2.474315881729126, 2.4843125343322754, 2.494342565536499, 2.5044472217559814, 2.5144917964935303, 2.5245444774627686, 2.5347342491149902, 2.5447003841400146, 2.5547690391540527, 2.564812660217285, 2.5748682022094727, 2.58491587638855, 2.594975233078003, 2.6050689220428467, 2.6151185035705566, 2.625194549560547, 2.6352548599243164, 2.6453003883361816, 2.6553585529327393, 2.665432929992676, 2.675513505935669, 2.685580253601074, 2.695604085922241, 2.705665111541748, 2.7157459259033203, 2.7257111072540283, 2.7358176708221436, 2.7458817958831787, 2.7559452056884766, 2.7659997940063477, 2.776081085205078, 2.786132335662842, 2.796346426010132, 2.806318759918213, 2.8164119720458984, 2.8264145851135254, 2.8365726470947266, 2.8465495109558105, 2.856616497039795, 2.8666605949401855, 2.876669406890869, 2.8867645263671875, 2.896853446960449, 2.906905174255371, 2.9169371128082275, 2.9269931316375732, 2.937117338180542, 2.9471821784973145, 2.9573287963867188, 2.9672911167144775, 2.9774227142333984, 2.9874022006988525, 2.997591733932495, 3.0079123973846436, 3.0176215171813965, 3.0276641845703125, 3.037747859954834, 3.0478017330169678, 3.0579941272735596, 3.0679569244384766, 3.0779762268066406, 3.0880825519561768, 3.0983364582061768, 3.108440637588501, 3.1183645725250244, 3.1284329891204834, 3.139108419418335, 3.1485867500305176, 3.1586484909057617, 3.1688332557678223, 3.1787824630737305, 3.188861846923828, 3.1990861892700195, 3.2091856002807617, 3.2191643714904785, 3.229034662246704, 3.2391746044158936, 3.249157428741455, 3.2591171264648438, 3.269244909286499, 3.279266119003296, 3.2892680168151855, 3.299403190612793, 3.3094255924224854, 3.3195536136627197, 3.3296096324920654, 3.339675188064575, 3.3496742248535156, 3.3597493171691895, 3.369823932647705, 3.3799047470092773, 3.3898441791534424, 3.399956464767456, 3.4100229740142822, 3.4201998710632324, 3.4301598072052, 3.4402832984924316, 3.4504077434539795, 3.4606409072875977, 3.4706428050994873, 3.480703830718994, 3.490727424621582, 3.5008933544158936, 3.510932445526123, 3.5209579467773438, 3.530998468399048, 3.5409963130950928, 3.550992250442505, 3.5609941482543945, 3.571117877960205, 3.581275224685669, 3.5913703441619873, 3.6013481616973877, 3.611388921737671, 3.621426582336426, 3.631505012512207, 3.6415774822235107, 3.651578187942505, 3.6616194248199463, 3.6716740131378174, 3.681696653366089, 3.691851854324341, 3.701918840408325, 3.7119128704071045, 3.721977472305298, 3.732048273086548, 3.7421576976776123, 3.7521886825561523, 3.7622549533843994, 3.772382974624634, 3.782331943511963, 3.7924609184265137, 3.802541494369507, 3.8126301765441895, 3.8226661682128906, 3.832709550857544, 3.8428049087524414, 3.8528528213500977, 3.862898588180542, 3.872941255569458, 3.882978677749634, 3.8930792808532715, 3.9031903743743896, 3.9131710529327393, 3.923262119293213, 3.9333138465881348, 3.943453311920166, 3.9534127712249756, 3.963491916656494, 3.973656415939331, 3.983642578125, 3.993722677230835, 4.003898620605469, 4.01394248008728, 4.023862838745117, 4.03401517868042, 4.04410719871521, 4.0541393756866455, 4.064479827880859, 4.074632883071899, 4.084677696228027, 4.0947113037109375, 4.10479474067688, 4.11476469039917, 4.124999046325684, 4.135026693344116, 4.145043849945068, 4.1551127433776855, 4.165143966674805, 4.175222635269165, 4.1852686405181885, 4.195290803909302, 4.205437660217285, 4.215449571609497, 4.225550889968872, 4.235596418380737, 4.24564003944397, 4.2556235790252686, 4.2657859325408936, 4.275792837142944, 4.2858264446258545, 4.295811653137207, 4.3060078620910645, 4.316098690032959, 4.326050758361816, 4.336215019226074, 4.34622597694397, 4.356260299682617, 4.36633038520813, 4.376388311386108, 4.386458873748779, 4.396530628204346, 4.40658974647522, 4.41670298576355, 4.42662501335144, 4.436758518218994, 4.446792840957642, 4.456874847412109, 4.467196464538574, 4.477150917053223, 4.4870264530181885, 4.497063636779785, 4.5074238777160645, 4.517246961593628, 4.52725887298584, 4.537388801574707, 4.547415018081665, 4.557451009750366, 4.567603588104248, 4.577622890472412, 4.587655305862427, 4.597728729248047, 4.607817888259888, 4.61782169342041, 4.62796425819397, 4.638046979904175, 4.648059606552124, 4.6581292152404785, 4.668230056762695, 4.678256511688232, 4.688384532928467, 4.6983959674835205, 4.708472728729248, 4.718501329421997, 4.728468179702759, 4.738539934158325, 4.748591184616089, 4.75862455368042, 4.768744707107544, 4.778772830963135, 4.788808822631836, 4.798884391784668, 4.80896782875061, 4.819025039672852, 4.829164981842041, 4.839197635650635, 4.849259614944458, 4.859243869781494, 4.869359731674194, 4.879339218139648, 4.889424562454224, 4.899536848068237, 4.909609317779541, 4.919692516326904, 4.929884910583496, 4.939997673034668, 4.949890613555908, 4.959855556488037, 4.969959020614624, 4.979985475540161, 4.990048408508301, 5.000209093093872, 5.010255813598633, 5.020419597625732, 5.030303239822388, 5.040482044219971, 5.050477743148804, 5.0605690479278564, 5.070598840713501, 5.080578565597534, 5.0906829833984375, 5.10074257850647, 5.110832452774048, 5.120889186859131, 5.1313536167144775, 5.141431570053101, 5.1514692306518555, 5.161181688308716, 5.171215772628784, 5.181234121322632, 5.191426038742065, 5.201476335525513, 5.211465835571289, 5.221526384353638, 5.231643199920654, 5.241625070571899, 5.25165057182312, 5.2616987228393555, 5.2718346118927, 5.2818498611450195, 5.291894435882568, 5.301941394805908, 5.312025308609009, 5.322100639343262, 5.3321967124938965, 5.342236757278442, 5.352288722991943, 5.362858772277832, 5.372570991516113, 5.38246750831604, 5.392520427703857, 5.402574300765991, 5.412698984146118, 5.422710657119751, 5.432746171951294, 5.4428277015686035, 5.453046798706055, 5.463000297546387, 5.473170280456543, 5.48304557800293, 5.493120193481445, 5.503221750259399, 5.513318777084351, 5.523353815078735, 5.533376693725586, 5.543493270874023, 5.553711891174316, 5.563586235046387, 5.573932647705078, 5.58390998840332, 5.593888521194458, 5.603933095932007, 5.613907814025879, 5.624003887176514, 5.634038686752319, 5.644044876098633, 5.65411114692688, 5.664156675338745, 5.674278020858765, 5.684286117553711, 5.69435453414917, 5.704466819763184, 5.714468717575073, 5.724652051925659, 5.734595775604248, 5.74465274810791, 5.754693984985352, 5.764812231063843, 5.774898290634155, 5.78489089012146, 5.794955253601074, 5.805160999298096, 5.8151702880859375, 5.8251283168792725, 5.835173606872559, 5.845231533050537, 5.855287551879883, 5.865349054336548, 5.8754119873046875, 5.8855249881744385, 5.8955605030059814, 5.905675649642944, 5.915980339050293, 5.925710916519165, 5.935926675796509, 5.945922136306763, 5.955997705459595, 5.9660937786102295, 5.9760682582855225, 5.98625373840332, 5.9961888790130615, 6.006757974624634, 6.016435861587524, 6.026349306106567, 6.0365355014801025, 6.0465123653411865, 6.05658221244812, 6.066975831985474, 6.07743501663208, 6.087263107299805, 6.097350120544434, 6.107269048690796, 6.11741304397583, 6.127488374710083, 6.1378254890441895, 6.14761757850647, 6.157500743865967, 6.167588710784912, 6.177641153335571, 6.187701225280762, 6.197746992111206, 6.207878589630127, 6.217990398406982, 6.227911949157715, 6.23801589012146, 6.24811053276062, 6.258265733718872, 6.268229722976685, 6.278265714645386, 6.288303375244141, 6.2983715534210205, 6.308539867401123, 6.318493843078613, 6.328542947769165, 6.3386406898498535, 6.3487231731414795, 6.358792543411255, 6.368849039077759, 6.3787994384765625, 6.388927698135376, 6.3990092277526855, 6.409105539321899, 6.419214963912964, 6.429217100143433, 6.439257383346558, 6.4494688510894775, 6.4595561027526855, 6.469595909118652, 6.479490041732788, 6.489600419998169, 6.499633312225342, 6.509683609008789, 6.519767999649048, 6.529732704162598, 6.539881229400635, 6.5498692989349365, 6.559941291809082, 6.570054292678833, 6.580168724060059, 6.590174674987793, 6.600215196609497, 6.610462188720703, 6.620587587356567, 6.630623817443848, 6.640551567077637, 6.650581121444702, 6.660587310791016, 6.670722007751465, 6.680656909942627, 6.690847635269165, 6.700997591018677, 6.7110536098480225, 6.720991849899292, 6.731042385101318, 6.741152048110962, 6.751279592514038, 6.761234998703003, 6.771308898925781, 6.781427621841431, 6.791547060012817, 6.801656007766724, 6.8118226528167725, 6.8218162059783936, 6.83178186416626, 6.8420023918151855, 6.851930618286133, 6.861950874328613, 6.872129678726196, 6.882220268249512, 6.89223837852478, 6.902313947677612, 6.912350416183472, 6.922475576400757, 6.932558059692383, 6.942561626434326, 6.952610492706299, 6.962716341018677, 6.972874402999878, 6.982745409011841, 6.992818593978882, 7.0032432079315186, 7.013099908828735, 7.023129224777222, 7.033241271972656, 7.0435521602630615, 7.053322076797485, 7.063331127166748, 7.073470592498779, 7.0835230350494385, 7.093458414077759, 7.103547811508179, 7.113568305969238, 7.123607158660889, 7.134292840957642, 7.144515037536621, 7.154878616333008, 7.164466619491577, 7.174706220626831, 7.184613943099976, 7.194628000259399, 7.204760313034058, 7.214863538742065, 7.225161075592041, 7.235185861587524, 7.245091438293457, 7.255263805389404, 7.265141487121582, 7.275617837905884, 7.285753965377808, 7.295445203781128, 7.305603742599487, 7.315832138061523, 7.32565975189209, 7.33579158782959, 7.34576416015625, 7.35588526725769, 7.365821838378906, 7.376002788543701, 7.386016368865967, 7.396017551422119, 7.40655517578125, 7.416200399398804, 7.426306486129761, 7.436464548110962, 7.44635534286499, 7.456466436386108], "set_target_data": [{"head": [[0.9932106586886935, -0.09359987647894971, -0.06907713507591624, -0.009275414089945186], [0.0938227584481483, 0.9955889160075557, -1.789078023769911e-05, -0.006113521827082047], [0.06877410460595933, -0.006463238044893464, 0.9976113216526881, 0.007773382271189072], [0.0, 0.0, 0.0, 1.0]], "antennas": [-0.09341623418892746, -0.006187055844472086], "body_yaw": -0.0, "check_collision": false}, {"head": [[0.9932348039820064, -0.09337634291737097, -0.06903247599646638, -0.009261046586884512], [0.0936062131836105, 0.9956092947183727, 9.551863063679859e-05, -0.006113583204920631], [0.06872045555909555, -0.006556741093094877, 0.997614408543696, 0.007814830412458012], [0.0, 0.0, 0.0, 1.0]], "antennas": [-0.09341623418892746, -0.006187055844472086], "body_yaw": -0.0, "check_collision": false}, {"head": [[0.9932653503708375, -0.0930544485406734, -0.06902762750876408, -0.009249292397792042], [0.09329089057276252, 0.9956388746442912, 0.00020256650830806572, -0.006117084782266628], [0.06870773965746778, -0.006640851138265529, 0.997614728042505, 0.007850248826797307], [0.0, 0.0, 0.0, 1.0]], "antennas": [-0.09341623418892746, -0.006187055844472086], "body_yaw": -0.0, "check_collision": false}, {"head": [[0.9933210165870545, -0.09275813777776125, -0.06862423684429685, -0.009302741207678229], [0.092983833951147, 0.995667614010424, 9.505016859101502e-05, -0.006206910486423384], [0.06831811348541332, -0.006475359973845881, 0.9976425738123865, 0.007555898048370096], [0.0, 0.0, 0.0, 1.0]], "antennas": [-0.09341623418892746, -0.006187055844472086], "body_yaw": -0.0, "check_collision": false}, {"head": [[0.9933392011924662, -0.09248286330108994, -0.06873246227180509, -0.00929714897415215], [0.09270209706831357, 0.9956938893049064, 7.560312321585466e-08, -0.0062254999618234705], [0.06843648568892303, -0.006371718488811098, 0.9976351280052489, 0.007563496015577381], [0.0, 0.0, 0.0, 1.0]], "antennas": [-0.09341623418892746, -0.006187055844472086], "body_yaw": -0.0, "check_collision": false}, {"head": [[0.9933620641632417, -0.09208802750627267, -0.06893188428693912, -0.009313755759420474], [0.09229091997190748, 0.9957320560178033, -0.0002423000154301246, -0.006341535197113977], [0.06865999979670089, -0.006121095372764229, 0.9976213392963058, 0.00760975862901026], [0.0, 0.0, 0.0, 1.0]], "antennas": [-0.09341623418892746, -0.006187055844472086], "body_yaw": -0.0, "check_collision": false}, {"head": [[0.9934022479123612, -0.09161383102209515, -0.06898463457990107, -0.009313653517544741], [0.09180938983810012, 0.9957765423782318, -0.0003370264221317582, -0.006362870110507641], [0.06872415718088686, -0.005998634403633472, 0.9976176655438035, 0.007624292658561021], [0.0, 0.0, 0.0, 1.0]], "antennas": [-0.09341623418892746, -0.006187055844472086], "body_yaw": -0.0, "check_collision": false}, {"head": [[0.9934524836018958, -0.09113994752639212, -0.06888884372749352, -0.00931269025851468], [0.0913290711692693, 0.995820684720778, -0.0004057605189784659, -0.006384712193293708], [0.06863791652274326, -0.005888450316230177, 0.9976242592119989, 0.0076393286819225244], [0.0, 0.0, 0.0, 1.0]], "antennas": [-0.09341623418892746, -0.006187055844472086], "body_yaw": -0.0, "check_collision": false}, {"head": [[0.9934932116214187, -0.09064769667991697, -0.0689509503109596, -0.009303991429234144], [0.09083267756711579, 0.9958660644902195, -0.0004541836082630614, -0.006628074435336445], [0.06870708222699484, -0.005811771105902542, 0.9976199477598998, 0.007875719885238946], [0.0, 0.0, 0.0, 1.0]], "antennas": [-0.09341623418892746, -0.006187055844472086], "body_yaw": -0.0, "check_collision": false}, {"head": [[0.9935618284943017, -0.08997080231425696, -0.06884873048930433, -0.009298478410176694], [0.09013069978677983, 0.9959296350697893, -0.00078673102270992, -0.00664887918273914], [0.06863927385254985, -0.005423718344975542, 0.9976268006445643, 0.007901828719631637], [0.0, 0.0, 0.0, 1.0]], "antennas": [-0.09341623418892746, -0.006187055844472086], "body_yaw": -0.0, "check_collision": false}, {"head": [[0.9936381237539164, -0.08918788931326739, -0.06876626660392128, -0.009296083938675953], [0.08932319352442615, 0.9960020747979679, -0.0011108990689730537, -0.0066688808134582195], [0.06859042295681757, -0.005038590873239986, 0.9976321799544245, 0.007931994085099486], [0.0, 0.0, 0.0, 1.0]], "antennas": [-0.09341623418892746, -0.006187055844472086], "body_yaw": -0.0, "check_collision": false}, {"head": [[0.9937017725268995, -0.08842434582880872, -0.06883256744917393, -0.009293949562868184], [0.08853093118416579, 0.9960722888606206, -0.0015065150608920728, -0.0066864415732459], [0.06869542561599237, -0.004596784605725345, 0.9976270886812998, 0.007958955540534945], [0.0, 0.0, 0.0, 1.0]], "antennas": [-0.09341623418892746, -0.006187055844472086], "body_yaw": -0.0, "check_collision": false}, {"head": [[0.9937598105511569, -0.08778568467587165, -0.06881215371805287, -0.009293564399167373], [0.08787395315900824, 0.9961300663725707, -0.001749063974272133, -0.006701045792717141], [0.06869939802892693, -0.004308646488876125, 0.9976281011859564, 0.007984769548962328], [0.0, 0.0, 0.0, 1.0]], "antennas": [-0.09341623418892746, -0.006187055844472086], "body_yaw": -0.0, "check_collision": false}, {"head": [[0.9937936394945506, -0.0873532607609209, -0.06887386975195796, -0.009346007897123202], [0.08743417795217365, 0.9961685911403302, -0.0018446005847086965, -0.006278518284747889], [0.06877111767306639, -0.004188777855656092, 0.9976236702855807, 0.00766457107049468], [0.0, 0.0, 0.0, 1.0]], "antennas": [-0.09341623418892746, -0.006187055844472086], "body_yaw": -0.0, "check_collision": false}, {"head": [[0.9938212331976851, -0.08696342931307251, -0.0689689669890981, -0.00935893141640435], [0.08702887288348642, 0.9962036576876996, -0.002060993517562133, -0.006279318576262578], [0.06888636824556094, -0.003954032341763555, 0.9976166768344332, 0.007669074929849811], [0.0, 0.0, 0.0, 1.0]], "antennas": [-0.09341623418892746, -0.006187055844472086], "body_yaw": -0.0, "check_collision": false}, {"head": [[0.9938740898186174, -0.08643077846848138, -0.06887680393678833, -0.009367954306956548], [0.08645749414897932, 0.9962521512154864, -0.0025986350252651578, -0.006370973562797214], [0.0688432661390618, -0.003372199852859086, 0.9976217885428617, 0.007643643470419575], [0.0, 0.0, 0.0, 1.0]], "antennas": [-0.09341623418892746, -0.006187055844472086], "body_yaw": -0.0, "check_collision": false}, {"head": [[0.9939068191481156, -0.08602044474927975, -0.06891819742282301, -0.009366809832730076], [0.0860284495508539, 0.9962885833621199, -0.0028573642008935616, -0.006385552133184945], [0.06890820501762676, -0.0030889719060673013, 0.9976182223344822, 0.007634792895402703], [0.0, 0.0, 0.0, 1.0]], "antennas": [-0.09341623418892746, -0.006187055844472086], "body_yaw": -0.0, "check_collision": false}, {"head": [[0.993935267593824, -0.08568799523049435, -0.06892206690583477, -0.00934333849011867], [0.085684771651188, 0.9963177548415433, -0.003008536951787107, -0.006581563092139656], [0.06892607445863544, -0.0029152805843139285, 0.9976175105714802, 0.007766710435570872], [0.0, 0.0, 0.0, 1.0]], "antennas": [-0.09341623418892746, -0.006187055844472086], "body_yaw": -0.0, "check_collision": false}, {"head": [[0.9939841414555568, -0.08515134072300144, -0.06888233233518566, -0.009335818736675314], [0.08515104752699514, 0.9963636993252806, -0.0029458058145908476, -0.006604646139908871], [0.06888269477826099, -0.002937318490932797, 0.9976204421122132, 0.0077731874344680926], [0.0, 0.0, 0.0, 1.0]], "antennas": [-0.09341623418892746, -0.006187055844472086], "body_yaw": -0.0, "check_collision": false}, {"head": [[0.9940122295985008, -0.08467607086328817, -0.06906265584071387, -0.009399267082141602], [0.0846995123255767, 0.9964031630737911, -0.002594075626077957, -0.006485666129892893], [0.06903390486150245, -0.00327103037279273, 0.997608951613744, 0.007809252182766074], [0.0, 0.0, 0.0, 1.0]], "antennas": [-0.09341623418892746, -0.006187055844472086], "body_yaw": -0.0, "check_collision": false}, {"head": [[0.9940409936063934, -0.08426020862228342, -0.06915721417859173, -0.009412776253133592], [0.08429817052490043, 0.9964377452238119, -0.0023745187809154737, -0.00650005731412651], [0.06911093600993364, -0.003469457625535728, 0.9976029477640971, 0.007836609775738418], [0.0, 0.0, 0.0, 1.0]], "antennas": [-0.09341623418892746, -0.006187055844472086], "body_yaw": -0.0, "check_collision": false}, {"head": [[0.9940769863866299, -0.08389459521906668, -0.06908431102287337, -0.009509003914765012], [0.08393036898387075, 0.9964687562716142, -0.002389756626437743, -0.006505895983755686], [0.06904084514769106, -0.0034226696497395392, 0.9976079625954082, 0.00786905538392269], [0.0, 0.0, 0.0, 1.0]], "antennas": [-0.09341623418892746, -0.006187055844472086], "body_yaw": -0.0, "check_collision": false}, {"head": [[0.994103742270974, -0.08362218925799675, -0.0690295521247571, -0.009512846923719575], [0.08366205469242771, 0.9964914879836584, -0.0023184004734920338, -0.006510822813982454], [0.0689812308348149, -0.003470423578473991, 0.9976119215169292, 0.007881753472374525], [0.0, 0.0, 0.0, 1.0]], "antennas": [-0.09341623418892746, -0.006187055844472086], "body_yaw": -0.0, "check_collision": false}, {"head": [[0.9941579275204415, -0.08329412300695724, -0.06864476834225532, -0.00942497495234721], [0.08334360795631657, 0.9965185549010802, -0.002147731520964536, -0.006305980077851565], [0.06858467876343684, -0.00358591834321667, 0.9976388540090806, 0.007787707139531369], [0.0, 0.0, 0.0, 1.0]], "antennas": [-0.09341623418892746, -0.006187055844472086], "body_yaw": -0.0, "check_collision": false}, {"head": [[0.9941933038487122, -0.08293871984090531, -0.06856269637006517, -0.009415441052201406], [0.08300365508945265, 0.9965474198067228, -0.0019061265315403117, -0.006294417491959685], [0.06848406985696094, -0.0037958961675580074, 0.9976449886347907, 0.007803866343126914], [0.0, 0.0, 0.0, 1.0]], "antennas": [-0.09341623418892746, -0.006187055844472086], "body_yaw": -0.0, "check_collision": false}, {"head": [[0.9942036833486492, -0.08280696212144063, -0.06857144478714824, -0.009397895902171896], [0.08287256465872077, 0.9965583560672034, -0.0018923476210187843, -0.006277363287760206], [0.06849214584800778, -0.003801312516871916, 0.9976444135964898, 0.007809126311569386], [0.0, 0.0, 0.0, 1.0]], "antennas": [-0.09341623418892746, -0.006187055844472086], "body_yaw": -0.0, "check_collision": false}, {"head": [[0.9942207901248845, -0.08274654813504638, -0.06839612017640104, -0.009369387527070408], [0.08280925754760253, 0.9965635603754553, -0.0019227574498260672, -0.006258655795238266], [0.0683201825807358, -0.0037521864999597878, 0.9976563906218435, 0.00780468206457075], [0.0, 0.0, 0.0, 1.0]], "antennas": [-0.09341623418892746, -0.006187055844472086], "body_yaw": -0.0, "check_collision": false}, {"head": [[0.9942560769886303, -0.08251125160153877, -0.06816705018061622, -0.009441456935032538], [0.082539973507676, 0.9965848650468209, -0.0023999026984871386, -0.006439826108648704], [0.06813226948026335, -0.003240388673852233, 0.9976710348289718, 0.007542961332705383], [0.0, 0.0, 0.0, 1.0]], "antennas": [-0.09341623418892746, -0.006187055844472086], "body_yaw": -0.0, "check_collision": false}, {"head": [[0.9943010602990112, -0.08231020878366709, -0.06775271963730667, -0.0094290302927952], [0.08233917771191678, 0.9966015475636472, -0.0023696428990810365, -0.006439234090357151], [0.06771751104395182, -0.00322256477559557, 0.9976993303467131, 0.007499935277256569], [0.0, 0.0, 0.0, 1.0]], "antennas": [-0.09341623418892746, -0.006187055844472086], "body_yaw": -0.0, "check_collision": false}, {"head": [[0.9943411910920905, -0.08222434439327152, -0.06726628343129412, -0.009407855554611953], [0.08228138237751718, 0.9966072753902668, -0.0019268505996393103, -0.006963798316268144], [0.06719650148339062, -0.0036188158678229004, 0.9977331979843646, 0.007566989890452574], [0.0, 0.0, 0.0, 1.0]], "antennas": [-0.09341623418892746, -0.006187055844472086], "body_yaw": -0.0, "check_collision": false}, {"head": [[0.9943605320388074, -0.08213595564732139, -0.06708812945224371, -0.009387535690447417], [0.08219951586376155, 0.9966142371038266, -0.0018171388831669597, -0.007000754832475073], [0.06701023739148346, -0.0037077205745254934, 0.9977453988332284, 0.00750842826003118], [0.0, 0.0, 0.0, 1.0]], "antennas": [-0.09341623418892746, -0.006187055844472086], "body_yaw": -0.0, "check_collision": false}, {"head": [[0.9943740059087813, -0.08214366046196747, -0.06687866190969956, -0.00943759331307133], [0.08220298953335561, 0.9966138547448803, -0.0018689682527489025, -0.006868823012034401], [0.06680572493957328, -0.0036391724965655994, 0.9977593655480456, 0.007550087341106076], [0.0, 0.0, 0.0, 1.0]], "antennas": [-0.09341623418892746, -0.006187055844472086], "body_yaw": -0.0, "check_collision": false}, {"head": [[0.9943853113660475, -0.08213915708437561, -0.06671590075024657, -0.009432214386394619], [0.0821977999971332, 0.9966142804678157, -0.0018701987190667194, -0.006904289623521739], [0.06664363596833363, -0.003624202130921815, 0.9977702596007931, 0.00751207264242571], [0.0, 0.0, 0.0, 1.0]], "antennas": [-0.09341623418892746, -0.006187055844472086], "body_yaw": -0.0, "check_collision": false}, {"head": [[0.9943721370538009, -0.08213071176507115, -0.06692233734725683, -0.009423988823500883], [0.08223580615790811, 0.9966121923210772, -0.0011875615922448976, -0.00653156422216716], [0.06679315261773627, -0.004322534203359574, 0.9977574807845064, 0.00752532755706437], [0.0, 0.0, 0.0, 1.0]], "antennas": [-0.09341623418892746, -0.006187055844472086], "body_yaw": -0.0, "check_collision": false}, {"head": [[0.9943607951639386, -0.08213747716183545, -0.06708236643431895, -0.009439904763059406], [0.08225285570805202, 0.9966109451192051, -0.00104489065199069, -0.006541778076954628], [0.06694084529500396, -0.004478717907303881, 0.9977468939150332, 0.0075279902029709075], [0.0, 0.0, 0.0, 1.0]], "antennas": [-0.09341623418892746, -0.006187055844472086], "body_yaw": -0.0, "check_collision": false}, {"head": [[0.9943391446076142, -0.08224452953024418, -0.06727185788535346, -0.009388028646810737], [0.08237642133858934, 0.9966009531299223, -0.0008157376894150602, -0.006137263631429538], [0.06711028764984996, -0.004730494993076416, 0.9977343492677172, 0.007561582676770989], [0.0, 0.0, 0.0, 1.0]], "antennas": [-0.09341623418892746, -0.006187055844472086], "body_yaw": -0.0, "check_collision": false}, {"head": [[0.9943179904604905, -0.08235198661695024, -0.06745282905003729, -0.009391751136709182], [0.08249175061388973, 0.9965914906563043, -0.0007154244203440348, -0.00611687118108312], [0.06728183207425113, -0.0048529425802341705, 0.997722207841965, 0.007581570091832584], [0.0, 0.0, 0.0, 1.0]], "antennas": [-0.09341623418892746, -0.006187055844472086], "body_yaw": -0.0, "check_collision": false}, {"head": [[0.9943430125556183, -0.0821080393605202, -0.06738132719224592, -0.009481553306302223], [0.08225881538376024, 0.9966108555028306, -0.0005385030885485869, -0.006033562498490555], [0.06719717757077066, -0.0050072513704817944, 0.9977271504575962, 0.0075876409975308475], [0.0, 0.0, 0.0, 1.0]], "antennas": [-0.09341623418892746, -0.006187055844472086], "body_yaw": -0.0, "check_collision": false}, {"head": [[0.9943357151391888, -0.0821233616551083, -0.06747028285921101, -0.009490798510997062], [0.08228332437804181, 0.9966088936467075, -0.0004094308042773944, -0.006009009198775464], [0.06727510778836111, -0.005144567498811517, 0.9977212001843573, 0.007598206432074877], [0.0, 0.0, 0.0, 1.0]], "antennas": [-0.09341623418892746, -0.006187055844472086], "body_yaw": -0.0, "check_collision": false}, {"head": [[0.9943418084000777, -0.08206728327463907, -0.06744871446946103, -0.009487581273474802], [0.08222368829762229, 0.9966137941644834, -0.00045865434457509086, -0.006141845824664158], [0.06725795975494785, -0.005089822884196944, 0.997722637085382, 0.007381142255864509], [0.0, 0.0, 0.0, 1.0]], "antennas": [-0.09341623418892746, -0.006187055844472086], "body_yaw": -0.0, "check_collision": false}, {"head": [[0.9943506744424985, -0.0819622490299228, -0.0674457261040709, -0.009474914281259721], [0.08213223690642321, 0.9966214082981236, -0.0002533428742959652, -0.006133991674437627], [0.06723861908528167, -0.00528755669678389, 0.9977229123597807, 0.007359774899615151], [0.0, 0.0, 0.0, 1.0]], "antennas": [-0.09341623418892746, -0.006187055844472086], "body_yaw": -0.0, "check_collision": false}, {"head": [[0.9943770051087245, -0.08179153580357407, -0.0672645254342652, -0.009332855511124904], [0.08195924591604084, 0.9966356458769692, -0.0002671633790042069, -0.005981481787212957], [0.06706007545386591, -0.005247288660803793, 0.9977351413285154, 0.00696227451044385], [0.0, 0.0, 0.0, 1.0]], "antennas": [-0.09341623418892746, -0.006187055844472086], "body_yaw": -0.0, "check_collision": false}, {"head": [[0.9943936301308451, -0.0816290965277509, -0.06721606173574217, -0.009292339400025686], [0.08180508989537756, 0.996648337763597, -0.0001345372378118979, -0.005986408555044495], [0.06700175835311466, -0.005364833000410086, 0.997738434132147, 0.006911568184900801], [0.0, 0.0, 0.0, 1.0]], "antennas": [-0.09341623418892746, -0.006187055844472086], "body_yaw": -0.0, "check_collision": false}, {"head": [[0.9943858737769028, -0.08164756391402123, -0.0673083155327174, -0.009342721046757149], [0.08183810876192324, 0.9966456333618818, 7.385773794058893e-05, -0.0063757012735343906], [0.06707650846024746, -0.005581828338425612, 0.9977322211922312, 0.0071590132663018665], [0.0, 0.0, 0.0, 1.0]], "antennas": [-0.09341623418892746, -0.006187055844472086], "body_yaw": -0.0, "check_collision": false}, {"head": [[0.9943884153839365, -0.08163908707828343, -0.0672810434762108, -0.009313327729723025], [0.08183830344938586, 0.9966455989326184, 0.00020546719525055442, -0.006392030717697728], [0.06703858171791488, -0.005710480651096045, 0.9977340422036243, 0.007121777524425671], [0.0, 0.0, 0.0, 1.0]], "antennas": [-0.09341623418892746, -0.006187055844472086], "body_yaw": -0.0, "check_collision": false}, {"head": [[0.9943677749495683, -0.08176243383903245, -0.0674361368597154, -0.009352007711333623], [0.08199083950781794, 0.9966328892105453, 0.0006215952411733261, -0.006211563769648798], [0.06715824877591482, -0.006147239751176932, 0.9977233990765144, 0.0072061362581663565], [0.0, 0.0, 0.0, 1.0]], "antennas": [-0.09341623418892746, -0.006187055844472086], "body_yaw": -0.0, "check_collision": false}, {"head": [[0.9943595056895551, -0.08184221556555844, -0.06746128664756257, -0.00934747434954445], [0.08206908785371302, 0.9966264657340553, 0.0005938158854400613, -0.0062067460655316955], [0.06718510447772985, -0.006126952730920112, 0.9977217158038357, 0.0071947533828734585], [0.0, 0.0, 0.0, 1.0]], "antennas": [-0.09341623418892746, -0.006187055844472086], "body_yaw": -0.0, "check_collision": false}, {"head": [[0.9943579984140888, -0.08181519873142648, -0.06751625172108167, -0.009382648331777304], [0.08204043617767356, 0.996628841192023, 0.0005654520516238811, -0.005825209845245323], [0.06724238114243383, -0.006101324510531005, 0.9977180142793419, 0.0071068320662698355], [0.0, 0.0, 0.0, 1.0]], "antennas": [-0.09341623418892746, -0.006187055844472086], "body_yaw": -0.0, "check_collision": false}, {"head": [[0.9943438317073288, -0.08192424456025857, -0.06759262163001192, -0.009387397204456648], [0.08214578076694998, 0.9966201988439387, 0.0004999584540431399, -0.005782862352171708], [0.06732321329062663, -0.006049579282770091, 0.9977128783085472, 0.007111645550370143], [0.0, 0.0, 0.0, 1.0]], "antennas": [-0.09341623418892746, -0.006187055844472086], "body_yaw": -0.0, "check_collision": false}, {"head": [[0.9943454744346877, -0.0820440753706188, -0.0674228979489584, -0.009273722004963472], [0.0822802619356328, 0.9966089640315496, 0.0007289086119614679, -0.005573378639142977], [0.06713446184381827, -0.006272360683280093, 0.9977242211775754, 0.007144856019320472], [0.0, 0.0, 0.0, 1.0]], "antennas": [-0.09341623418892746, -0.006187055844472086], "body_yaw": -0.0, "check_collision": false}, {"head": [[0.994343125822081, -0.08204303106626785, -0.0674587961931783, -0.009254061683528571], [0.08228136755216621, 0.9966088514157665, 0.0007575179813304636, -0.005507392834749197], [0.06716788432069815, -0.0063038348016201395, 0.9977217733329645, 0.007169812979020201], [0.0, 0.0, 0.0, 1.0]], "antennas": [-0.09341623418892746, -0.006187055844472086], "body_yaw": -0.0, "check_collision": false}, {"head": [[0.9943404133134698, -0.08202771537691377, -0.06751737821955434, -0.00922296448571901], [0.08226070045867294, 0.9966106180851185, 0.0006731122095467125, -0.0054355318140039965], [0.06723332218213535, -0.006223329498120708, 0.9977178712232788, 0.007191300669895933], [0.0, 0.0, 0.0, 1.0]], "antennas": [-0.09341623418892746, -0.006187055844472086], "body_yaw": -0.0, "check_collision": false}, {"head": [[0.9943421356216398, -0.08200062598854845, -0.06752491884395656, -0.009180907237873778], [0.08222567428826442, 0.9966135809960552, 0.0005555736311722045, -0.0053589450892107485], [0.0672506937900047, -0.0061047122541195, 0.9977174332811156, 0.00720843638367486], [0.0, 0.0, 0.0, 1.0]], "antennas": [-0.09341623418892746, -0.006187055844472086], "body_yaw": -0.0, "check_collision": false}, {"head": [[0.9943202466903943, -0.08201529180717036, -0.0678287470866013, -0.009306549927260346], [0.08223552540133998, 0.9966128185331558, 0.0004563960612709449, -0.006350025583348632], [0.06756156735540553, -0.006031736498212719, 0.9976968741914034, 0.007404838094652094], [0.0, 0.0, 0.0, 1.0]], "antennas": [-0.09341623418892746, -0.006187055844472086], "body_yaw": -0.0, "check_collision": false}, {"head": [[0.9943078193986908, -0.08191993749272225, -0.06812550274169571, -0.009367850753346552], [0.08214710514261978, 0.9966200714253287, 0.0005351157444835565, -0.006609031889625264], [0.06785140675997575, -0.006128382605639262, 0.9976766157063777, 0.007497267691376713], [0.0, 0.0, 0.0, 1.0]], "antennas": [-0.09341623418892746, -0.006187055844472086], "body_yaw": -0.0, "check_collision": false}, {"head": [[0.9943226370269476, -0.08185226006764293, -0.06799044798790387, -0.009288231979780022], [0.08207947614384167, 0.9966256351706942, 0.0005503785630336924, -0.006630356877895663], [0.06771597368220765, -0.006127874217791027, 0.997685820319123, 0.00737980276157924], [0.0, 0.0, 0.0, 1.0]], "antennas": [-0.09341623418892746, -0.006187055844472086], "body_yaw": -0.0, "check_collision": false}, {"head": [[0.9942975462921599, -0.08207228134841171, -0.06809207054905018, -0.0093593223040427], [0.08232369743113813, 0.9966052464268644, 0.0008897391273536941, -0.007003215796427018], [0.06778789182926474, -0.006490256444507626, 0.9976786448013348, 0.007667785686122591], [0.0, 0.0, 0.0, 1.0]], "antennas": [-0.09341623418892746, -0.006187055844472086], "body_yaw": -0.0, "check_collision": false}, {"head": [[0.9942881565344619, -0.0821065315217808, -0.06818782337605823, -0.009360014673913999], [0.08236273327632432, 0.9966019657788109, 0.0009497226244090948, -0.007027767647344977], [0.06787814038816, -0.006560433466858186, 0.9976720497088071, 0.007668968557056127], [0.0, 0.0, 0.0, 1.0]], "antennas": [-0.09341623418892746, -0.006187055844472086], "body_yaw": -0.0, "check_collision": false}, {"head": [[0.9942833762760824, -0.08213460657933182, -0.0682237060199194, -0.009359208498233434], [0.08239351081273548, 0.9965993875050227, 0.00098498759622963, -0.007056146834884102], [0.06791080206407257, -0.006600547452406376, 0.9976695623984639, 0.007674564576225179], [0.0, 0.0, 0.0, 1.0]], "antennas": [-0.09341623418892746, -0.006187055844472086], "body_yaw": -0.0, "check_collision": false}, {"head": [[0.9942689623129878, -0.08224290368929676, -0.06830326034536739, -0.009374748100026073], [0.08253473948287371, 0.9965871232473199, 0.0014568994903582308, -0.006910580397336948], [0.06795033009153194, -0.007085941742908598, 0.9976635415159099, 0.0077510615091468445], [0.0, 0.0, 0.0, 1.0]], "antennas": [-0.09341623418892746, -0.006187055844472086], "body_yaw": -0.0, "check_collision": false}, {"head": [[0.994258111785966, -0.08227388406699296, -0.06842379080653647, -0.009382041924960283], [0.08256942239964407, 0.9965841900828609, 0.0014975184397821428, -0.00691821722904877], [0.06806686148482842, -0.007138632741592252, 0.9976552221535183, 0.007775791934720671], [0.0, 0.0, 0.0, 1.0]], "antennas": [-0.09341623418892746, -0.006187055844472086], "body_yaw": -0.0, "check_collision": false}, {"head": [[0.9942249441006443, -0.08251171906487151, -0.06861906983507116, -0.009386877111439663], [0.08282469130875589, 0.9965626420029104, 0.0017236803033756714, -0.0069100244674506275], [0.06824097770167095, -0.00739707923025479, 0.9976414446990368, 0.007916985476732924], [0.0, 0.0, 0.0, 1.0]], "antennas": [-0.09341623418892746, -0.006187055844472086], "body_yaw": -0.0, "check_collision": false}, {"head": [[0.994220879688831, -0.08254191263639286, -0.06864164223773078, -0.009374533613516117], [0.0828502840319894, 0.9965606344725976, 0.0016529535359256602, -0.006887238322318773], [0.06826912059331966, -0.00733038047439097, 0.9976400115750746, 0.007943120834431943], [0.0, 0.0, 0.0, 1.0]], "antennas": [-0.09341623418892746, -0.006187055844472086], "body_yaw": -0.0, "check_collision": false}, {"head": [[0.9942176191970918, -0.08250796293870948, -0.06872962774357462, -0.009425533829766608], [0.082828193890