{"description": "A calm movement showing you don\u2019t really have an opinion, or what\u2019s offered doesn\u2019t suit you.", "time": [0.0, 0.010041475296020508, 0.020094633102416992, 0.03017592430114746, 0.0403285026550293, 0.0502927303314209, 0.06036710739135742, 0.0704488754272461, 0.08051085472106934, 0.09066367149353027, 0.10056281089782715, 0.11069941520690918, 0.12068772315979004, 0.1307365894317627, 0.140838623046875, 0.15083050727844238, 0.1609342098236084, 0.17101573944091797, 0.18105649948120117, 0.19118499755859375, 0.2012779712677002, 0.21131062507629395, 0.221388578414917, 0.2314472198486328, 0.2414858341217041, 0.25141334533691406, 0.26158928871154785, 0.2716233730316162, 0.2816503047943115, 0.29164862632751465, 0.30169677734375, 0.3118712902069092, 0.3218719959259033, 0.3318934440612793, 0.3420085906982422, 0.35201048851013184, 0.3622438907623291, 0.3721909523010254, 0.38241028785705566, 0.39228057861328125, 0.4023399353027344, 0.41243958473205566, 0.4225122928619385, 0.43248534202575684, 0.44292759895324707, 0.453000545501709, 0.4627389907836914, 0.47287845611572266, 0.48287272453308105, 0.49289369583129883, 0.502997636795044, 0.5130307674407959, 0.5230929851531982, 0.5331501960754395, 0.5432758331298828, 0.5532858371734619, 0.5633525848388672, 0.5734949111938477, 0.5834496021270752, 0.5935113430023193, 0.6035912036895752, 0.6138043403625488, 0.6238176822662354, 0.6337141990661621, 0.6439332962036133, 0.6538705825805664, 0.6638996601104736, 0.6744019985198975, 0.6841986179351807, 0.6941001415252686, 0.7042856216430664, 0.7142012119293213, 0.7242846488952637, 0.7343690395355225, 0.7445671558380127, 0.7544829845428467, 0.7645094394683838, 0.7746925354003906, 0.7850964069366455, 0.7946372032165527, 0.8051345348358154, 0.8148350715637207, 0.8249812126159668, 0.8349089622497559, 0.845238447189331, 0.8552124500274658, 0.8651564121246338, 0.8751826286315918, 0.8852198123931885, 0.8952171802520752, 0.9053530693054199, 0.9153709411621094, 0.9254567623138428, 0.9354829788208008, 0.9456353187561035, 0.9558279514312744, 0.9656662940979004, 0.9758427143096924, 0.9858214855194092, 0.9958696365356445, 1.006049394607544, 1.0160322189331055, 1.026071548461914, 1.0361685752868652, 1.0461795330047607, 1.0562479496002197, 1.0662994384765625, 1.0763602256774902, 1.0864126682281494, 1.096437931060791, 1.1065592765808105, 1.116515874862671, 1.126650333404541, 1.1366748809814453, 1.1467242240905762, 1.1568427085876465, 1.166832685470581, 1.1769444942474365, 1.187133550643921, 1.1970181465148926, 1.2071948051452637, 1.2171542644500732, 1.2272748947143555, 1.2373318672180176, 1.2474167346954346, 1.257399320602417, 1.2677040100097656, 1.2778146266937256, 1.287797212600708, 1.2980499267578125, 1.308028221130371, 1.3179891109466553, 1.3280785083770752, 1.3381974697113037, 1.3481602668762207, 1.358201503753662, 1.3682336807250977, 1.3782458305358887, 1.3882725238800049, 1.3983278274536133, 1.408432960510254, 1.4186537265777588, 1.428758144378662, 1.4388225078582764, 1.44881272315979, 1.4587504863739014, 1.4687557220458984, 1.4788553714752197, 1.4888954162597656, 1.4989995956420898, 1.5092246532440186, 1.5190937519073486, 1.529120922088623, 1.5392959117889404, 1.5493123531341553, 1.5593397617340088, 1.5693750381469727, 1.5794451236724854, 1.589501142501831, 1.5995125770568848, 1.609591007232666, 1.6196775436401367, 1.629751443862915, 1.6398508548736572, 1.6498401165008545, 1.6599628925323486, 1.6700570583343506, 1.6801202297210693, 1.6901187896728516, 1.7001879215240479, 1.7102251052856445, 1.7202601432800293, 1.730330228805542, 1.7405378818511963, 1.7504856586456299, 1.7605390548706055, 1.770637035369873, 1.7806370258331299, 1.790687084197998, 1.8007073402404785, 1.8108289241790771, 1.8208587169647217, 1.8308684825897217, 1.8410868644714355, 1.8509917259216309, 1.8611958026885986, 1.8711721897125244, 1.8812098503112793, 1.891361951828003, 1.9014496803283691, 1.911498785018921, 1.9214634895324707, 1.9315259456634521, 1.9415547847747803, 1.9515881538391113, 1.9616148471832275, 1.9717605113983154, 1.9817912578582764, 1.9918432235717773, 2.0018436908721924, 2.0119075775146484, 2.0219807624816895, 2.0320608615875244, 2.0421173572540283, 2.0521514415740967, 2.0622293949127197, 2.0722880363464355, 2.082402467727661, 2.092416524887085, 2.1025173664093018, 2.112708806991577, 2.1225783824920654, 2.132688283920288, 2.1427407264709473, 2.1527187824249268, 2.1627604961395264, 2.173248291015625, 2.1829583644866943, 2.193016767501831, 2.203068256378174, 2.2131104469299316, 2.223201274871826, 2.2333076000213623, 2.243324041366577, 2.253324508666992, 2.2634379863739014, 2.2735214233398438, 2.283514976501465, 2.2935922145843506, 2.3036394119262695, 2.313689708709717, 2.3237719535827637, 2.3337793350219727, 2.3438656330108643, 2.3538904190063477, 2.3640024662017822, 2.374114513397217, 2.3840837478637695, 2.394137382507324, 2.404278516769409, 2.414283037185669, 2.4244093894958496, 2.4343974590301514, 2.4446494579315186, 2.454479217529297, 2.46481990814209, 2.4747509956359863, 2.4846818447113037, 2.4947140216827393, 2.5048396587371826, 2.5148513317108154, 2.524911880493164, 2.5350077152252197, 2.5450708866119385, 2.5550689697265625, 2.565173387527466, 2.5752527713775635, 2.5852811336517334, 2.595290422439575, 2.6054394245147705, 2.6154518127441406, 2.625542163848877, 2.6355865001678467, 2.6456141471862793, 2.6556520462036133, 2.6657674312591553, 2.6758902072906494, 2.6861519813537598, 2.6961021423339844, 2.7061827182769775, 2.7161123752593994, 2.7261850833892822, 2.7362561225891113, 2.746607780456543, 2.7566723823547363, 2.7666561603546143, 2.776824951171875, 2.7867658138275146, 2.7967629432678223, 2.8068246841430664, 2.816826581954956, 2.8269996643066406, 2.8370442390441895, 2.8469653129577637, 2.857039451599121, 2.867072820663452, 2.8772387504577637, 2.887237071990967, 2.897258758544922, 2.9073736667633057, 2.9173882007598877, 2.92753267288208, 2.937570333480835, 2.9476430416107178, 2.9576916694641113, 2.967705249786377, 2.9777321815490723, 2.987818956375122, 2.997891902923584, 3.0079667568206787, 3.01798939704895, 3.028017520904541, 3.038135290145874, 3.048185110092163, 3.058260679244995, 3.068303108215332, 3.0785574913024902, 3.0884459018707275, 3.098546266555786, 3.1085634231567383, 3.1186089515686035, 3.1285829544067383, 3.138690948486328, 3.1487152576446533, 3.1587910652160645, 3.16888165473938, 3.1788711547851562, 3.189270496368408, 3.199040651321411, 3.2092173099517822, 3.219226598739624, 3.229434013366699, 3.2394165992736816, 3.249497175216675, 3.259432077407837, 3.269514560699463, 3.2795028686523438, 3.2895658016204834, 3.299588203430176, 3.3097050189971924, 3.3197073936462402, 3.329819440841675, 3.339916706085205, 3.349928617477417, 3.360060691833496, 3.3700742721557617, 3.3801486492156982, 3.390246868133545, 3.4002482891082764, 3.4104228019714355, 3.4203414916992188, 3.4306259155273438, 3.4407362937927246, 3.4505975246429443, 3.4605824947357178, 3.470712661743164, 3.4807331562042236, 3.490769386291504, 3.5008111000061035, 3.5109004974365234, 3.520944356918335, 3.530965566635132, 3.541192054748535, 3.5511324405670166, 3.561245918273926, 3.57132625579834, 3.5813887119293213, 3.5915560722351074, 3.601579427719116, 3.6118004322052, 3.621769428253174, 3.631690502166748, 3.6417198181152344, 3.651688575744629, 3.6617515087127686, 3.6718320846557617, 3.6819465160369873, 3.6920058727264404, 3.7020423412323, 3.712052822113037, 3.7221386432647705, 3.732229471206665, 3.742555618286133, 3.7524611949920654, 3.7627220153808594, 3.772797107696533, 3.7825212478637695, 3.792670488357544, 3.8026537895202637, 3.8129241466522217, 3.822889566421509, 3.832831382751465, 3.843186855316162, 3.8529367446899414, 3.8634836673736572, 3.8742122650146484, 3.883527994155884, 3.893639326095581, 3.9038054943084717, 3.913719415664673, 3.9238219261169434, 3.9338672161102295, 3.9440250396728516, 3.953996419906616, 3.964215040206909, 3.9742236137390137, 3.9841794967651367, 3.9943583011627197, 4.004337549209595, 4.014327764511108, 4.024405002593994, 4.03449821472168, 4.044530630111694, 4.0545103549957275, 4.0645787715911865, 4.074697971343994, 4.084901571273804, 4.0949437618255615, 4.105068683624268, 4.115140199661255, 4.12506628036499, 4.135075092315674, 4.1452014446258545, 4.1551690101623535, 4.165477514266968, 4.175548791885376, 4.185668230056763, 4.19560170173645, 4.205750226974487, 4.215620756149292, 4.225622892379761, 4.235725164413452, 4.245819330215454, 4.25579309463501, 4.265863418579102, 4.275884389877319, 4.28595495223999, 4.296056270599365, 4.306410074234009, 4.3163933753967285, 4.326380491256714, 4.336421012878418, 4.346432685852051, 4.356481075286865, 4.366511821746826, 4.376675367355347, 4.386641502380371, 4.396657466888428, 4.406840801239014, 4.416792631149292, 4.426890850067139, 4.436999797821045, 4.447033643722534, 4.457040309906006, 4.467095136642456, 4.4771904945373535, 4.4872283935546875, 4.4973132610321045, 4.507486343383789, 4.517457723617554, 4.527474403381348, 4.537619113922119, 4.5477564334869385, 4.557674407958984, 4.567739248275757, 4.5777881145477295, 4.58779764175415, 4.597888469696045, 4.607990741729736, 4.618014812469482, 4.628080368041992, 4.638225793838501, 4.648336410522461, 4.658272743225098, 4.668300151824951, 4.678405523300171, 4.688472509384155, 4.698457717895508, 4.708544015884399, 4.718584775924683, 4.728665113449097, 4.73900580406189, 4.748910903930664, 4.758894681930542, 4.768939733505249, 4.780099391937256, 4.79012131690979, 4.7996602058410645, 4.809927225112915, 4.819924592971802, 4.829981803894043, 4.840064287185669, 4.850042104721069, 4.860228538513184, 4.870232582092285, 4.880268335342407, 4.890281677246094, 4.900329113006592, 4.910429239273071, 4.92043924331665, 4.93045973777771, 4.9406304359436035, 4.95060133934021, 4.960689544677734, 4.970782995223999, 4.980844020843506, 4.991181373596191, 5.001132249832153, 5.0110862255096436, 5.021063804626465, 5.031300783157349, 5.041262865066528, 5.05122709274292, 5.061285018920898, 5.071713209152222, 5.081447124481201, 5.091501474380493, 5.1015870571136475, 5.111673831939697, 5.121684789657593, 5.131757974624634, 5.141852855682373, 5.151862382888794, 5.161933422088623, 5.172032833099365, 5.182046890258789, 5.192203521728516, 5.202210903167725, 5.212258338928223, 5.222366094589233, 5.232558012008667, 5.242582321166992, 5.252506732940674, 5.262495279312134, 5.2726359367370605, 5.282682657241821, 5.2926719188690186, 5.302846908569336, 5.3128063678741455, 5.322876930236816, 5.333097696304321, 5.343075275421143, 5.353088140487671, 5.3632307052612305, 5.373310327529907, 5.383301258087158, 5.393277406692505, 5.403447151184082, 5.4136035442352295, 5.423709154129028, 5.433589696884155, 5.443678617477417, 5.45366096496582, 5.463717937469482, 5.473856210708618, 5.483821868896484, 5.493851900100708, 5.5039896965026855, 5.5140016078948975, 5.5241148471832275, 5.534144401550293, 5.544243335723877, 5.554240465164185, 5.56460165977478, 5.574414968490601, 5.584444761276245, 5.594477653503418, 5.60468864440918, 5.614587306976318, 5.624756574630737, 5.634753942489624, 5.644831657409668, 5.654802322387695, 5.664897680282593, 5.6750757694244385, 5.685011863708496, 5.695096969604492, 5.705254793167114, 5.715249300003052, 5.725305557250977, 5.735750675201416, 5.745891809463501, 5.755774259567261, 5.766570329666138, 5.775934457778931, 5.785787105560303, 5.795944452285767, 5.805856704711914, 5.815882205963135, 5.825941562652588, 5.836026906967163, 5.846062898635864, 5.856109857559204, 5.866185426712036, 5.876709222793579, 5.886756658554077, 5.896440029144287, 5.906521797180176, 5.91653299331665, 5.926576852798462, 5.936626672744751, 5.946711540222168, 5.956740856170654, 5.966785907745361, 5.976935863494873, 5.987070083618164, 5.996959209442139, 6.007135629653931, 6.017045497894287, 6.027141809463501, 6.037382364273071, 6.047299861907959, 6.0573084354400635, 6.067384719848633, 6.0775909423828125, 6.08779239654541, 6.097718000411987, 6.107868194580078, 6.117844581604004, 6.12797474861145, 6.138117074966431, 6.147872447967529, 6.15791916847229], "set_target_data": [{"head": [[0.9995827648687821, 0.00015166530132890128, -0.02888378740604168, -0.003304439096784852], [-0.0009089963572823834, 0.9996560820752054, -0.026208611097740843, 0.000870698928463946], [0.028869878816917237, 0.02622393120198705, 0.9992391283018344, 0.011521954484629674], [0.0, 0.0, 0.0, 1.0]], "antennas": [-0.07565880867249711, 0.12990899797406524], "body_yaw": -0.0, "check_collision": false}, {"head": [[0.999596301445142, 0.00017538785624943772, -0.028411324789472604, -0.0031905090621495696], [-0.0009312160509351641, 0.9996459361184007, -0.02659201456515034, 0.0010936772655038476], [0.028396601449108324, 0.02660773648897191, 0.9992425438226067, 0.011372922897441965], [0.0, 0.0, 0.0, 1.0]], "antennas": [-0.07565880867249711, 0.12990899797406524], "body_yaw": -0.0, "check_collision": false}, {"head": [[0.9996014266265796, 0.0002928915841172252, -0.028229454486875104, -0.003184432599408109], [-0.0010500865970772587, 0.9996399480580908, -0.026811780331716474, 0.0011261111007617366], [0.028211437472153704, 0.026830737241781727, 0.9992418257533143, 0.011344554262226362], [0.0, 0.0, 0.0, 1.0]], "antennas": [-0.07565880867249711, 0.12990899797406524], "body_yaw": -0.0, "check_collision": false}, {"head": [[0.9995884565778641, 0.0009250368203140628, -0.02867161982108311, -0.0032749658294703495], [-0.0016870152608105707, 0.9996457106537961, -0.02656326694849399, 0.0010273679116702007], [0.0286368897716469, 0.02660070447090122, 0.9992358735883428, 0.011411268960228042], [0.0, 0.0, 0.0, 1.0]], "antennas": [-0.07565880867249711, 0.12990899797406524], "body_yaw": -0.0, "check_collision": false}, {"head": [[0.9995933345639152, 0.0014308797613070143, -0.028480134804835754, -0.0033195978587304085], [-0.002177462253644282, 0.9996543384918481, -0.026200423518708556, 0.0010678550558352925], [0.02843280066273615, 0.02625178313056894, 0.999250929311021, 0.011442384552574628], [0.0, 0.0, 0.0, 1.0]], "antennas": [-0.07565880867249711, 0.12990899797406524], "body_yaw": -0.0, "check_collision": false}, {"head": [[0.999599029144123, 0.0007894789371872019, -0.028304728529607713, -0.0032612834885447552], [-0.001549075438017795, 0.999638957906466, -0.02682450746914826, 0.0012119401514392395], [0.028273331947515155, 0.02685759778317485, 0.9992393547803765, 0.011364815507149299], [0.0, 0.0, 0.0, 1.0]], "antennas": [-0.07565880867249711, 0.12990899797406524], "body_yaw": -0.0, "check_collision": false}, {"head": [[0.9995912420026803, 0.0005064690111244003, -0.028584828155495335, -0.0032685628543236995], [-0.001290633985404291, 0.9996231369358485, -0.027421129926558117, 0.0012512468989065214], [0.028560167637010598, 0.027446813871089527, 0.9992151866504387, 0.011373301096634595], [0.0, 0.0, 0.0, 1.0]], "antennas": [-0.07565880867249711, 0.12990899797406524], "body_yaw": -0.0, "check_collision": false}, {"head": [[0.9995834016410228, 0.0010564446330892817, -0.028842799595369534, -0.003402383589920432], [-0.0018539044155201378, 0.9996163402327778, -0.027635762664440885, 0.001254380306639739], [0.02880253812044256, 0.027677721444591616, 0.9992018602532001, 0.011229697737032307], [0.0, 0.0, 0.0, 1.0]], "antennas": [-0.07565880867249711, 0.12990899797406524], "body_yaw": -0.0, "check_collision": false}, {"head": [[0.9995816557534647, 0.0010010403289928155, -0.028905214052508264, -0.0034246004478437533], [-0.0018093129813254115, 0.9996076775058329, -0.02795026758243994, 0.0013015151773393425], [0.028865894541780592, 0.027990873327820905, 0.9991913085804182, 0.011221282130769117], [0.0, 0.0, 0.0, 1.0]], "antennas": [-0.07565880867249711, 0.12990899797406524], "body_yaw": -0.0, "check_collision": false}, {"head": [[0.9995790096306705, 0.0008940441627784722, -0.029000072255141666, -0.003443878496637789], [-0.0017098496258700162, 0.9996031325742697, -0.028118566143463516, 0.001341030827573508], [0.028963423831193505, 0.028156314260613415, 0.9991838379633814, 0.011209727625954291], [0.0, 0.0, 0.0, 1.0]], "antennas": [-0.07565880867249711, 0.12990899797406524], "body_yaw": -0.0, "check_collision": false}, {"head": [[0.999579868503529, 0.0009812388976457077, -0.02896763111980058, -0.003461677870027704], [-0.0017906152817832807, 0.9996083331625284, -0.02792801405298509, 0.0013767476921733423], [0.028928881405608065, 0.02796815049760773, 0.9991901232389975, 0.011196452367562504], [0.0, 0.0, 0.0, 1.0]], "antennas": [-0.07565880867249711, 0.12990899797406524], "body_yaw": -0.0, "check_collision": false}, {"head": [[0.99958008719815, 0.0013820850945257465, -0.028943723287279104, -0.0032379521639348766], [-0.0021798215979099995, 0.999618098164282, -0.027548252217250078, 0.0016274260921260494], [0.02889459559745348, 0.027599776506620998, 0.999201358426841, 0.011034221806398459], [0.0, 0.0, 0.0, 1.0]], "antennas": [-0.07565880867249711, 0.12990899797406524], "body_yaw": -0.0, "check_collision": false}, {"head": [[0.9995841421094042, 0.001483316506355699, -0.02879830924808767, -0.0032254617158490196], [-0.0022736894904317037, 0.9996210915242985, -0.027431801178032997, 0.0016777086811276837], [0.028746707281141252, 0.027485871860139434, 0.9992087638069336, 0.011020200057460183], [0.0, 0.0, 0.0, 1.0]], "antennas": [-0.07565880867249711, 0.12990899797406524], "body_yaw": -0.0, "check_collision": false}, {"head": [[0.9995887729090133, 0.0015415645183384087, -0.028634047095870738, -0.003213516670660681], [-0.0023289018915265275, 0.9996195421088223, -0.02748358146471447, 0.0017296096808991235], [0.0285807853326739, 0.027538965357902477, 0.9992120616249504, 0.011008091151428423], [0.0, 0.0, 0.0, 1.0]], "antennas": [-0.07565880867249711, 0.12990899797406524], "body_yaw": -0.0, "check_collision": false}, {"head": [[0.9995944886049555, 0.0016428799928574897, -0.028428142674579715, -0.0032024907741149845], [-0.0024226571963865623, 0.9996211449419495, -0.027417098990489653, 0.0017799874016878204], [0.028372329525542805, 0.027474852688860425, 0.9992197673119858, 0.011002972887380724], [0.0, 0.0, 0.0, 1.0]], "antennas": [-0.07565880867249711, 0.12990899797406524], "body_yaw": -0.0, "check_collision": false}, {"head": [[0.9995955719091032, 0.0015842293347315506, -0.02839335903213831, -0.003247670180143431], [-0.002365586656803802, 0.999618823106835, -0.027506589942692165, 0.0016427423280689132], [0.02833895939307027, 0.027562632456302825, 0.9992182968063569, 0.011010524949145895], [0.0, 0.0, 0.0, 1.0]], "antennas": [-0.07565880867249711, 0.12990899797406524], "body_yaw": -0.0, "check_collision": false}, {"head": [[0.9995967317675383, 0.0016022648694161959, -0.02835148297610209, -0.0032395565893032583], [-0.002387171715341878, 0.999614186856163, -0.02767270942812066, 0.0016930503203863318], [0.028296205591164404, 0.027729229761750705, 0.9992148990912627, 0.01100008063564617], [0.0, 0.0, 0.0, 1.0]], "antennas": [-0.07565880867249711, 0.12990899797406524], "body_yaw": -0.0, "check_collision": false}, {"head": [[0.999597022177162, 0.001497446696118517, -0.02834697352350203, -0.0032331396347524983], [-0.002288690409975559, 0.9996080718287623, -0.027900979032836996, 0.0017399909745470735], [0.028294083317137654, 0.027954613003506372, 0.9992086791361785, 0.01098979271441114], [0.0, 0.0, 0.0, 1.0]], "antennas": [-0.07565880867249711, 0.12990899797406524], "body_yaw": -0.0, "check_collision": false}, {"head": [[0.9995973779013152, 0.0014801594488658143, -0.028335335198676002, -0.0032232367819469403], [-0.0022775687212531746, 0.9996016697351493, -0.028130313603328853, 0.001788441785781988], [0.028282411027622155, 0.028183523390583946, 0.9992025791778948, 0.010970949659647289], [0.0, 0.0, 0.0, 1.0]], "antennas": [-0.07565880867249711, 0.12990899797406524], "body_yaw": -0.0, "check_collision": false}, {"head": [[0.9996006976446448, 0.0015373119317702154, -0.028214924071555843, -0.0032098349719099067], [-0.0023337228375835003, 0.9995991422071882, -0.028215397150683368, 0.001837427541336244], [0.028160238032668785, 0.028269976488810297, 0.9992035875752575, 0.01094744567793815], [0.0, 0.0, 0.0, 1.0]], "antennas": [-0.07565880867249711, 0.12990899797406524], "body_yaw": -0.0, "check_collision": false}, {"head": [[0.9996025613052903, 0.0016586967786354578, -0.028141928805593824, -0.0031955009138143493], [-0.0024519124472402055, 0.999599992910371, -0.02817520716758994, 0.0018845680125283547], [0.028083937709189495, 0.02823301079555787, 0.999206780173235, 0.010919804110141929], [0.0, 0.0, 0.0, 1.0]], "antennas": [-0.07565880867249711, 0.12990899797406524], "body_yaw": -0.0, "check_collision": false}, {"head": [[0.9996095336726694, 0.001970115692297806, -0.027872905031005188, -0.003434294780276877], [-0.0027585205576657287, 0.9995963591819391, -0.028275595034314812, 0.0011529410634176281], [0.027805948195330582, 0.02834144234809857, 0.9992114850673944, 0.011245227003869651], [0.0, 0.0, 0.0, 1.0]], "antennas": [-0.07565880867249711, 0.12990899797406524], "body_yaw": -0.0, "check_collision": false}, {"head": [[0.9996087299110893, 0.002095900090749547, -0.02789254897545698, -0.003431891010414483], [-0.0028768244174440724, 0.9996041478983856, -0.027986986004452787, 0.0011639246600211334], [0.02782284972481913, 0.02805627749990784, 0.9992190622311196, 0.01122347810228963], [0.0, 0.0, 0.0, 1.0]], "antennas": [-0.07565880867249711, 0.12990899797406524], "body_yaw": -0.0, "check_collision": false}, {"head": [[0.9996110582935377, 0.0022379987180467286, -0.027797904579511673, -0.003316038949797472], [-0.003016787453607417, 0.9996032075053175, -0.028005830438337112, 0.00117634376759212], [0.02772419756698779, 0.02807879817262758, 0.999221171694459, 0.011225248904299878], [0.0, 0.0, 0.0, 1.0]], "antennas": [-0.07565880867249711, 0.12990899797406524], "body_yaw": -0.0, "check_collision": false}, {"head": [[0.9996114874550057, 0.002219411120529242, -0.027783958722068056, -0.003302497697991945], [-0.002998199042141549, 0.9996028684032784, -0.028019926524573243, 0.0011838315674167436], [0.027710737097652455, 0.028092342270036024, 0.9992211643851868, 0.01121186354195014], [0.0, 0.0, 0.0, 1.0]], "antennas": [-0.07565880867249711, 0.12990899797406524], "body_yaw": -0.0, "check_collision": false}, {"head": [[0.9996100643222138, 0.0022974874996367165, -0.027828777496125674, -0.003305453540134366], [-0.003079217926060046, 0.999600921710609, -0.028080522293310407, 0.001068054965463255], [0.027753156986254524, 0.028155263566343777, 0.9992182161123797, 0.011292367964797934], [0.0, 0.0, 0.0, 1.0]], "antennas": [-0.07565880867249711, 0.12990899797406524], "body_yaw": -0.0, "check_collision": false}, {"head": [[0.9996129831137359, 0.0023404046344971813, -0.027720146042282998, -0.0032937145432478474], [-0.00312185599037112, 0.999597959117013, -0.02818109551239012, 0.0010718080431740707], [0.027643046243749213, 0.02825672725652946, 0.9992184042335873, 0.011286683132597508], [0.0, 0.0, 0.0, 1.0]], "antennas": [-0.07565880867249711, 0.12990899797406524], "body_yaw": -0.0, "check_collision": false}, {"head": [[0.9996195564468595, 0.0023468549185000956, -0.02748153272610086, -0.003466340371278841], [-0.0031292756874178426, 0.9995899633917708, -0.028462479163120415, 0.0006732134653689454], [0.027403466982416223, 0.02853764808862917, 0.9992170197904525, 0.011423077447012212], [0.0, 0.0, 0.0, 1.0]], "antennas": [-0.07565880867249711, 0.12990899797406524], "body_yaw": -0.0, "check_collision": false}, {"head": [[0.9996210782063069, 0.0023455851849485047, -0.027426232621362377, -0.003462735381834692], [-0.0031312981347587396, 0.9995848731062915, -0.02864046838078489, 0.00066082354625451], [0.027347668596284184, 0.028715495594184553, 0.9992134533397399, 0.011410951895142189], [0.0, 0.0, 0.0, 1.0]], "antennas": [-0.07565880867249711, 0.12990899797406524], "body_yaw": -0.0, "check_collision": false}, {"head": [[0.9996214494741948, 0.0022377879824504792, -0.027421707752359806, -0.0033291831598198356], [-0.0030239875601428988, 0.9995845617481889, -0.028662857741644957, 0.0008379085791822959], [0.027346174327432544, 0.028734930304896784, 0.9992129355297733, 0.011370591298576652], [0.0, 0.0, 0.0, 1.0]], "antennas": [-0.07565880867249711, 0.12990899797406524], "body_yaw": -0.0, "check_collision": false}, {"head": [[0.999623343602526, 0.0023745124751431593, -0.02734104269063212, -0.003320139856594172], [-0.0031614355732861765, 0.9995809262041466, -0.028774594592727562, 0.0008423362186441071], [0.027261259142261556, 0.028850193402562403, 0.9992119345217073, 0.011366124094610023], [0.0, 0.0, 0.0, 1.0]], "antennas": [-0.07565880867249711, 0.12990899797406524], "body_yaw": -0.0, "check_collision": false}, {"head": [[0.9996245493281865, 0.002399626640818991, -0.02729472792326479, -0.0032699672144751012], [-0.0031869207406144988, 0.9995790366790462, -0.028837353692443314, 0.0008624811126621574], [0.027214038961782573, 0.02891351282315424, 0.9992113914781056, 0.01139948716044881], [0.0, 0.0, 0.0, 1.0]], "antennas": [-0.07565880867249711, 0.12990899797406524], "body_yaw": -0.0, "check_collision": false}, {"head": [[0.9996288887717886, 0.002413936319188084, -0.027134067964942884, -0.0032549517828735896], [-0.003196712843992023, 0.9995788649832145, -0.02884222088990088, 0.0008588519748659509], [0.02705301757424283, 0.028918257041455366, 0.9992156267041724, 0.011409327692505026], [0.0, 0.0, 0.0, 1.0]], "antennas": [-0.07565880867249711, 0.12990899797406524], "body_yaw": -0.0, "check_collision": false}, {"head": [[0.9996381418669426, 0.0024481067782733683, -0.026787909549062672, -0.0031115471241298983], [-0.0032193801258761875, 0.9995803925868053, -0.028786704354849743, 0.0010785434518632824], [0.026706196217576635, 0.028862528115371038, 0.9992265676784109, 0.011327822273218494], [0.0, 0.0, 0.0, 1.0]], "antennas": [-0.07565880867249711, 0.12990899797406524], "body_yaw": -0.0, "check_collision": false}, {"head": [[0.9996440800486585, 0.002381721142832874, -0.02657142502896416, -0.0030812305567261746], [-0.003150344450670796, 0.9995766945353908, -0.028922431978396067, 0.0010947047036261297], [0.026491292031801845, 0.02899584704920004, 0.9992284284888946, 0.011328599945290788], [0.0, 0.0, 0.0, 1.0]], "antennas": [-0.07565880867249711, 0.12990899797406524], "body_yaw": -0.0, "check_collision": false}, {"head": [[0.9996445873235396, 0.0022153914828662038, -0.02656672872839764, -0.003146052177935033], [-0.0029798421622179694, 0.9995816231354339, -0.028769762435932003, 0.0011288479101733816], [0.02649187753706582, 0.028838701956040602, 0.9992329606723609, 0.011368811967793272], [0.0, 0.0, 0.0, 1.0]], "antennas": [-0.07565880867249711, 0.12990899797406524], "body_yaw": -0.0, "check_collision": false}, {"head": [[0.9996465241258031, 0.00211518180325057, -0.02650193972410105, -0.0031347267313738495], [-0.002879984499975421, 0.9995795017642045, -0.02885351524693499, 0.001159742303835377], [0.02642976527479177, 0.02891964140103411, 0.9992322662167968, 0.011358523500451082], [0.0, 0.0, 0.0, 1.0]], "antennas": [-0.07565880867249711, 0.12990899797406524], "body_yaw": -0.0, "check_collision": false}, {"head": [[0.9996476027217874, 0.0022116358983255238, -0.026453337015136556, -0.003003798972848795], [-0.0029766982623289496, 0.9995773872742802, -0.02891688291255316, 0.0015228404059935887], [0.02637820388195913, 0.028985436284046148, 0.9992317222963776, 0.011184595944793152], [0.0, 0.0, 0.0, 1.0]], "antennas": [-0.07565880867249711, 0.12990899797406524], "body_yaw": -0.0, "check_collision": false}, {"head": [[0.9996529956740546, 0.002104056964207876, -0.026257592886243967, -0.0029926422189652992], [-0.0028661102924079787, 0.9995747683557551, -0.029018405854394008, 0.0015617601370869327], [0.026185370947918885, 0.029083593499255617, 0.9992339420463507, 0.01117961308404336], [0.0, 0.0, 0.0, 1.0]], "antennas": [-0.07565880867249711, 0.12990899797406524], "body_yaw": -0.0, "check_collision": false}, {"head": [[0.9996651403093643, 0.0018483160879625283, -0.025810675657529383, -0.002965133780856751], [-0.0025982253222781152, 0.9995745542455217, -0.0290509850098321, 0.0015261123024751053], [0.025745999212185837, 0.029108318957057542, 0.9992446393611829, 0.011171345297955826], [0.0, 0.0, 0.0, 1.0]], "antennas": [-0.07565880867249711, 0.12990899797406524], "body_yaw": -0.0, "check_collision": false}, {"head": [[0.9996714973180032, 0.0016465744414433706, -0.025577064776667737, -0.0029464296318829786], [-0.0023961582530661195, 0.9995676755973643, -0.02930393022289434, 0.0015724340700816585], [0.02551775608487814, 0.0293555904980769, 0.9992432603880306, 0.011167582690280842], [0.0, 0.0, 0.0, 1.0]], "antennas": [-0.07565880867249711, 0.12990899797406524], "body_yaw": -0.0, "check_collision": false}, {"head": [[0.9996701963098391, 0.001280467463003461, -0.02564876240530474, -0.0030475383372633603], [-0.0020386247159456523, 0.9995610792500543, -0.02955491258207376, 0.0014537353910020912], [0.02559966052734137, 0.029597453463814684, 0.9992340307101946, 0.011105109161677063], [0.0, 0.0, 0.0, 1.0]], "antennas": [-0.07565880867249711, 0.12990899797406524], "body_yaw": -0.0, "check_collision": false}, {"head": [[0.9996759540723132, 0.0007032259428032396, -0.025445870448535968, -0.003048869340225106], [-0.0014617958295332942, 0.9995546690295517, -0.029804811258856857, 0.0014995013817744231], [0.025413579097857637, 0.02983234979844347, 0.9992317953823028, 0.011093985558409125], [0.0, 0.0, 0.0, 1.0]], "antennas": [-0.07565880867249711, 0.12990899797406524], "body_yaw": -0.0, "check_collision": false}, {"head": [[0.9996798964736996, -6.772084926412637e-05, -0.0253001976320363, -0.0029986086479590075], [-0.0006899394630067739, 0.9995515529165431, -0.029936884368027585, 0.001539402949247969], [0.025290879183431057, 0.029944757070543143, 0.9992315462164489, 0.011072717584840963], [0.0, 0.0, 0.0, 1.0]], "antennas": [-0.07565880867249711, 0.12990899797406524], "body_yaw": -0.0, "check_collision": false}, {"head": [[0.9996774113185096, -0.0010894164426972508, -0.025374918154312382, -0.0029926148163506323], [0.0003188589088016249, 0.999539246273048, -0.030351169481645644, 0.0015904473751446446], [0.025396291629290076, 0.03033328751918725, 0.9992171535956329, 0.011057211493112118], [0.0, 0.0, 0.0, 1.0]], "antennas": [-0.07565880867249711, 0.12990899797406524], "body_yaw": -0.0, "check_collision": false}, {"head": [[0.9996709503940947, -0.0020553613103127654, -0.025568856604301686, -0.002992020930652326], [0.0012642305646621453, 0.9995210951863882, -0.03091895856076224, 0.0016113214679749962], [0.025620161186976298, 0.030876459759610196, 0.9991948016145131, 0.01099509798736975], [0.0, 0.0, 0.0, 1.0]], "antennas": [-0.07565880867249711, 0.12990899797406524], "body_yaw": -0.0, "check_collision": false}, {"head": [[0.9996672387702913, -0.002791647106210849, -0.025644072137938432, -0.0029869825636527503], [0.001986612025998829, 0.9995060342675609, -0.031364643077699414, 0.0016559212448331913], [0.025718963860147288, 0.0313032613183947, 0.9991789833302103, 0.01097494465847415], [0.0, 0.0, 0.0, 1.0]], "antennas": [-0.07565880867249711, 0.12990899797406524], "body_yaw": -0.0, "check_collision": false}, {"head": [[0.99966583487033, -0.0034451758809564345, -0.025619316075088414, -0.002960062322331933], [0.00262554309033067, 0.9994857686099858, -0.03195786084184396, 0.001608852270049749], [0.02571624226995119, 0.03187991702083183, 0.9991608207762442, 0.01099054297856994], [0.0, 0.0, 0.0, 1.0]], "antennas": [-0.07565880867249711, 0.12990899797406524], "body_yaw": -0.0, "check_collision": false}, {"head": [[0.9996609060992081, -0.004353797600831479, -0.025673279170398328, -0.002935790471681984], [0.003513588235634438, 0.9994596323747683, -0.03268176786839031, 0.0016313579031043083], [0.02580169596403744, 0.03258048034857577, 0.999136019161373, 0.01096053035237754], [0.0, 0.0, 0.0, 1.0]], "antennas": [-0.07565880867249711, 0.12990899797406524], "body_yaw": -0.0, "check_collision": false}, {"head": [[0.9996547026768207, -0.00526884103452438, -0.025743246304031894, -0.0029111673179516937], [0.004410856585646331, 0.999436587944382, -0.033272376264288916, 0.0016529331921304891], [0.02590404911009088, 0.03314733763433299, 0.9991147252680532, 0.010925494670324776], [0.0, 0.0, 0.0, 1.0]], "antennas": [-0.07565880867249711, 0.12990899797406524], "body_yaw": -0.0, "check_collision": false}, {"head": [[0.9996499120545658, -0.006095315305811067, -0.025746853412065424, -0.00289270580183895], [0.00521878538633701, 0.9994090498511957, -0.03397521677078871, 0.0016843109546781105], [0.025938727964011553, 0.033828955154622684, 0.9990909789327277, 0.010893650669314359], [0.0, 0.0, 0.0, 1.0]], "antennas": [-0.07565880867249711, 0.12990899797406524], "body_yaw": -0.0, "check_collision": false}, {"head": [[0.999645239247041, -0.006856789689370989, -0.025736745829295526, -0.0028787319145421267], [0.00596662633949859, 0.9993866762441075, -0.03450609679288598, 0.0017153906258658511], [0.025957561920388957, 0.034340293838448, 0.999073044976311, 0.010865002010059688], [0.0, 0.0, 0.0, 1.0]], "antennas": [-0.07565880867249711, 0.12990899797406524], "body_yaw": -0.0, "check_collision": false}, {"head": [[0.9996331345217208, -0.007609786457816673, -0.025993990004337234, -0.00286545557066825], [0.006701247455260185, 0.9993696707306894, -0.03486193491728125, 0.0017458841232034106], [0.026242897111838144, 0.03467495311748546, 0.9990540315605946, 0.010840503848201344], [0.0, 0.0, 0.0, 1.0]], "antennas": [-0.07565880867249711, 0.12990899797406524], "body_yaw": -0.0, "check_collision": false}, {"head": [[0.9996195011346914, -0.008336231292745196, -0.026293729272667817, -0.0028537423426071313], [0.007406873988097189, 0.9993511939359014, -0.0352466934138882, 0.0016227577490793964], [0.0265704943302706, 0.03503852774763855, 0.999032687355285, 0.011080164536743098], [0.0, 0.0, 0.0, 1.0]], "antennas": [-0.07565880867249711, 0.12990899797406524], "body_yaw": -0.0, "check_collision": false}, {"head": [[0.9996056783265839, -0.008877645498513656, -0.026639730998134173, -0.0028383126547086145], [0.007927067585559897, 0.9993354420141315, -0.03557858813829678, 0.0016532440805331668], [0.02693788144498739, 0.03535338378180095, 0.9990117560861997, 0.011073124827674974], [0.0, 0.0, 0.0, 1.0]], "antennas": [-0.07565880867249711, 0.12990899797406524], "body_yaw": -0.0, "check_collision": false}, {"head": [[0.9995986929892612, -0.00913463103692807, -0.02681438960669719, -0.002821145238724147], [0.008170290375183199, 0.9993235895156619, -0.03585540116520631, 0.001680301700267688], [0.027123777932761297, 0.03562193079202585, 0.9989971865412345, 0.011064560667472412], [0.0, 0.0, 0.0, 1.0]], "antennas": [-0.07565880867249711, 0.12990899797406524], "body_yaw": -0.0, "check_collision": false}, {"head": [[0.9996022373902498, -0.008920260401057542, -0.02675436335972189, -0.0028021216295774764], [0.007956289899828854, 0.9993228908973696, -0.03592293389401642, 0.0017007924608927662], [0.027056689661460544, 0.03569577962310555, 0.9989963697940359, 0.011051927246497284], [0.0, 0.0, 0.0, 1.0]], "antennas": [-0.07565880867249711, 0.12990899797406524], "body_yaw": -0.0, "check_collision": false}, {"head": [[0.9996093989880043, -0.008550956280700416, -0.02660696528216937, -0.0028060533016786692], [0.0075975167951933716, 0.9993325554634716, -0.035731237445608445, 0.0016640093248619977], [0.02689474285781091, 0.03551513392250192, 0.9990071811899447, 0.010970232393689217], [0.0, 0.0, 0.0, 1.0]], "antennas": [-0.07565880867249711, 0.12990899797406524], "body_yaw": -0.0, "check_collision": false}, {"head": [[0.9996149826187053, -0.00800750270622764, -0.02656626478479136, -0.0027872780358944183], [0.0070661737994336645, 0.9993503713643631, -0.03533984212961591, 0.0016754630727378681], [0.0268319904599358, 0.03513851383197268, 0.999022186507206, 0.010943320965503656], [0.0, 0.0, 0.0, 1.0]], "antennas": [-0.07565880867249711, 0.12990899797406524], "body_yaw": -0.0, "check_collision": false}, {"head": [[0.9996170284737024, -0.0076740542072008654, -0.0265876903364999, -0.002774576563687318], [0.0067423791837781435, 0.9993661169584204, -0.03495575200722199, 0.0016907132961072584], [0.026839089186237723, 0.03476310065965336, 0.9990351295746208, 0.010917390836259422], [0.0, 0.0, 0.0, 1.0]], "antennas": [-0.07565880867249711, 0.12990899797406524], "body_yaw": -0.0, "check_collision": false}, {"head": [[0.9996154654253724, -0.00734220993235939, -0.02673973140713089, -0.002774797857771719], [0.006413750634047215, 0.9993791411432603, -0.03464384578195193, 0.0017159637513485763], [0.026977492196655305, 0.03445902205618396, 0.999041936413938, 0.010900135389174781], [0.0, 0.0, 0.0, 1.0]], "antennas": [-0.07565880867249711, 0.12990899797406524], "body_yaw": -0.0, "check_collision": false}, {"head": [[0.999616535319489, -0.0069579564354555565, -0.026802409557790764, -0.002756255088092163], [0.006029306470899451, 0.9993839416517984, -0.03457433487422501, 0.0016638555071366978], [0.02702646442547047, 0.0343994768965661, 0.9990426648596654, 0.010949914932612437], [0.0, 0.0, 0.0, 1.0]], "antennas": [-0.07565880867249711, 0.12990899797406524], "body_yaw": -0.0, "check_collision": false}, {"head": [[0.9996117577243261, -0.00667881929524521, -0.02705045641212779, -0.0027614763172079584], [0.005744876658758926, 0.9993896452834735, -0.03445770294648966, 0.0016969707268791167], [0.0272640828097813, 0.03428892347383242, 0.9990400089663811, 0.01095050650820073], [0.0, 0.0, 0.0, 1.0]], "antennas": [-0.07565880867249711, 0.12990899797406524], "body_yaw": -0.0, "check_collision": false}, {"head": [[0.9996084607056689, -0.006473078740854135, -0.02722176587324201, -0.0029776648644612835], [0.005529498300273853, 0.9993860730531393, -0.03459626621432157, 0.0013060084994768097], [0.027428998052976154, 0.034432197708534985, 0.999030567013227, 0.01114035712146888], [0.0, 0.0, 0.0, 1.0]], "antennas": [-0.07565880867249711, 0.12990899797406524], "body_yaw": -0.0, "check_collision": false}, {"head": [[0.9996028307762018, -0.006263258578391051, -0.027476395254552182, -0.002999046617697348], [0.005309295763250475, 0.9993851989286017, -0.03465595967417088, 0.0013186393343296247], [0.027676561974033145, 0.03449631508465272, 0.9990215273771021, 0.011152674777568539], [0.0, 0.0, 0.0, 1.0]], "antennas": [-0.07565880867249711, 0.12990899797406524], "body_yaw": -0.0, "check_collision": false}, {"head": [[0.999601498641076, -0.005922240493025487, -0.027600198949604474, -0.003147345325220643], [0.004961257444595479, 0.9993834673665657, -0.034757316912398674, 0.0010015860017216754], [0.02778902371591029, 0.034606534381865485, 0.9990145934564686, 0.011307201292436678], [0.0, 0.0, 0.0, 1.0]], "antennas": [-0.07565880867249711, 0.12990899797406524], "body_yaw": -0.0, "check_collision": false}, {"head": [[0.9995983236195496, -0.005793983284680044, -0.02774204705285219, -0.003176258105783156], [0.00482954025114009, 0.9993858843675737, -0.034706334692743784, 0.000990259333959886], [0.027926098151163804, 0.03455841264495493, 0.9990124369383557, 0.01130888722256818], [0.0, 0.0, 0.0, 1.0]], "antennas": [-0.07565880867249711, 0.12990899797406524], "body_yaw": -0.0, "check_collision": false}, {"head": [[0.9996024633076921, -0.005598387513271031, -0.0276328320380899, -0.0031167307458665108], [0.004634714649408369, 0.9993829969330639, -0.03481587082360797, 0.0010253416206795329], [0.02781069523245681, 0.034673959946029356, 0.9990116524507352, 0.01123838310626224], [0.0, 0.0, 0.0, 1.0]], "antennas": [-0.07565880867249711, 0.12990899797406524], "body_yaw": -0.0, "check_collision": false}, {"head": [[0.9996069668667295, -0.0055121308715985525, -0.027486873317129946, -0.0031353461693902473], [0.004551404082787888, 0.9993806867701621, -0.03489308859465684, 0.0010087668435504824], [0.027662185603685798, 0.03475427058727833, 0.9990129849824645, 0.011228355889529973], [0.0, 0.0, 0.0, 1.0]], "antennas": [-0.07565880867249711, 0.12990899797406524], "body_yaw": -0.0, "check_collision": false}, {"head": [[0.9996129410049585, -0.005331938747616113, -0.027304552818322083, -0.003147199382242531], [0.004378295444480