{"description": "Often used when you're embarrassed or don\u2019t want to answer, like when asked for your opinion about someone.", "time": [0.0, 0.010144472122192383, 0.02020120620727539, 0.0302886962890625, 0.0403141975402832, 0.050453901290893555, 0.060667991638183594, 0.0705413818359375, 0.08063459396362305, 0.0906834602355957, 0.10073304176330566, 0.11077690124511719, 0.12078619003295898, 0.13086795806884766, 0.14093947410583496, 0.15100884437561035, 0.16103267669677734, 0.1710648536682129, 0.18111348152160645, 0.19132781028747559, 0.20124435424804688, 0.21133112907409668, 0.22147440910339355, 0.23142385482788086, 0.24155735969543457, 0.2515270709991455, 0.26169347763061523, 0.27164387702941895, 0.28168678283691406, 0.29184889793395996, 0.30182552337646484, 0.3118319511413574, 0.3220353126525879, 0.33194422721862793, 0.34206724166870117, 0.35220766067504883, 0.36218833923339844, 0.3722498416900635, 0.38227128982543945, 0.3924243450164795, 0.4024384021759033, 0.4125545024871826, 0.42259693145751953, 0.4325835704803467, 0.4426155090332031, 0.4527773857116699, 0.4629521369934082, 0.47290921211242676, 0.4828979969024658, 0.4930999279022217, 0.5030491352081299, 0.5135254859924316, 0.5240261554718018, 0.5339217185974121, 0.5437526702880859, 0.5537986755371094, 0.5637454986572266, 0.5738015174865723, 0.583890438079834, 0.5939595699310303, 0.6039624214172363, 0.6141040325164795, 0.6241679191589355, 0.6341872215270996, 0.6442568302154541, 0.6543757915496826, 0.6644318103790283, 0.6744227409362793, 0.6845386028289795, 0.694615364074707, 0.7045750617980957, 0.7146010398864746, 0.7247142791748047, 0.7347269058227539, 0.7448034286499023, 0.7548582553863525, 0.7649004459381104, 0.7750294208526611, 0.7850451469421387, 0.7951209545135498, 0.805168628692627, 0.8152196407318115, 0.8254048824310303, 0.8353567123413086, 0.845458984375, 0.8555474281311035, 0.8656842708587646, 0.875664234161377, 0.8856997489929199, 0.8957269191741943, 0.9058113098144531, 0.9158968925476074, 0.9259688854217529, 0.935971736907959, 0.9460234642028809, 0.9561820030212402, 0.9661343097686768, 0.976240873336792, 0.9863054752349854, 0.9964010715484619, 1.0064001083374023, 1.0164837837219238, 1.0266215801239014, 1.036747932434082, 1.0466406345367432, 1.0568864345550537, 1.0668671131134033, 1.076899766921997, 1.0869379043579102, 1.0969886779785156, 1.1070146560668945, 1.117074728012085, 1.1271977424621582, 1.1372418403625488, 1.1472713947296143, 1.1575214862823486, 1.1674003601074219, 1.1774890422821045, 1.1876335144042969, 1.1976628303527832, 1.207603931427002, 1.2176718711853027, 1.2278003692626953, 1.2378332614898682, 1.2478561401367188, 1.2579922676086426, 1.2679738998413086, 1.2780940532684326, 1.2881486415863037, 1.2982008457183838, 1.3082787990570068, 1.3182594776153564, 1.3283963203430176, 1.3384137153625488, 1.3485057353973389, 1.3587064743041992, 1.368631362915039, 1.3786592483520508, 1.3888437747955322, 1.398775577545166, 1.4089038372039795, 1.4189743995666504, 1.4289436340332031, 1.4391305446624756, 1.4490714073181152, 1.459303379058838, 1.4693524837493896, 1.4793615341186523, 1.4894177913665771, 1.4994885921478271, 1.5096063613891602, 1.5196077823638916, 1.5297086238861084, 1.5397334098815918, 1.5497889518737793, 1.5599236488342285, 1.5699830055236816, 1.5799734592437744, 1.590094804763794, 1.6001331806182861, 1.610492467880249, 1.6205358505249023, 1.630631685256958, 1.6406185626983643, 1.650545597076416, 1.660660743713379, 1.670745849609375, 1.6807219982147217, 1.6908934116363525, 1.7008435726165771, 1.710982322692871, 1.7210197448730469, 1.731081485748291, 1.7411344051361084, 1.7512085437774658, 1.761282205581665, 1.771308183670044, 1.7813775539398193, 1.791459083557129, 1.8015313148498535, 1.8115742206573486, 1.8215813636779785, 1.8316328525543213, 1.8416454792022705, 1.8517541885375977, 1.8618311882019043, 1.8718769550323486, 1.8820068836212158, 1.8920977115631104, 1.902111530303955, 1.912200927734375, 1.922238826751709, 1.932274341583252, 1.9423353672027588, 1.9524495601654053, 1.962531328201294, 1.9725518226623535, 1.9827260971069336, 1.9926292896270752, 2.002631187438965, 2.012705087661743, 2.022843599319458, 2.0328216552734375, 2.042889356613159, 2.0529377460479736, 2.062992811203003, 2.073065757751465, 2.0831186771392822, 2.09328031539917, 2.1032485961914062, 2.1133341789245605, 2.1234233379364014, 2.1334221363067627, 2.143524646759033, 2.1535184383392334, 2.1637444496154785, 2.1736702919006348, 2.1836671829223633, 2.193781614303589, 2.203829288482666, 2.213824987411499, 2.2239723205566406, 2.2339460849761963, 2.244044542312622, 2.25439453125, 2.264416217803955, 2.2743232250213623, 2.2843000888824463, 2.294395923614502, 2.304480791091919, 2.314624309539795, 2.324707269668579, 2.3345582485198975, 2.3446269035339355, 2.354759693145752, 2.3648970127105713, 2.3748512268066406, 2.3849897384643555, 2.3949782848358154, 2.4050583839416504, 2.4151477813720703, 2.4253833293914795, 2.4351696968078613, 2.4454164505004883, 2.455709457397461, 2.4657201766967773, 2.4755141735076904, 2.485579252243042, 2.495593547821045, 2.5056862831115723, 2.5161690711975098, 2.5257768630981445, 2.535827398300171, 2.5460011959075928, 2.556108236312866, 2.5661492347717285, 2.5760297775268555, 2.586163282394409, 2.596250534057617, 2.6062052249908447, 2.61627459526062, 2.6263654232025146, 2.6363792419433594, 2.646456480026245, 2.6565258502960205, 2.6665968894958496, 2.676602363586426, 2.686741590499878, 2.69677996635437, 2.706819534301758, 2.716858386993408, 2.7269980907440186, 2.7369544506073, 2.7470386028289795, 2.7571990489959717, 2.7671258449554443, 2.7773218154907227, 2.7873430252075195, 2.7973830699920654, 2.8074166774749756, 2.817455291748047, 2.8275468349456787, 2.837552785873413, 2.8476290702819824, 2.8577141761779785, 2.86772084236145, 2.877814531326294, 2.887981653213501, 2.897979497909546, 2.9080841541290283, 2.9180948734283447, 2.9282069206237793, 2.938225746154785, 2.948291540145874, 2.958392381668091, 2.9683573246002197, 2.978428602218628, 2.9885494709014893, 2.9985198974609375, 3.008674144744873, 3.018649101257324, 3.0287058353424072, 3.0387351512908936, 3.04876446723938, 3.058953046798706, 3.0689573287963867, 3.0790929794311523, 3.089142322540283, 3.0991110801696777, 3.109179735183716, 3.1192915439605713, 3.1293206214904785, 3.1394524574279785, 3.1494500637054443, 3.1595120429992676, 3.1694817543029785, 3.1795554161071777, 3.189675807952881, 3.1997005939483643, 3.2097554206848145, 3.219834327697754, 3.2298600673675537, 3.239924669265747, 3.2500221729278564, 3.2603108882904053, 3.2701447010040283, 3.280211925506592, 3.290440797805786, 3.3004586696624756, 3.3103630542755127, 3.320479393005371, 3.3305041790008545, 3.3405086994171143, 3.3505945205688477, 3.360656499862671, 3.370713949203491, 3.3807222843170166, 3.39085054397583, 3.4008688926696777, 3.4110119342803955, 3.4210922718048096, 3.4310925006866455, 3.441173791885376, 3.451568841934204, 3.461629629135132, 3.471343755722046, 3.481403350830078, 3.4914844036102295, 3.501565456390381, 3.511523485183716, 3.5216760635375977, 3.531623125076294, 3.5417046546936035, 3.551764488220215, 3.562049627304077, 3.5719168186187744, 3.581927537918091, 3.592092275619507, 3.6021199226379395, 3.612534761428833, 3.6226143836975098, 3.632565975189209, 3.6426103115081787, 3.6527416706085205, 3.6627049446105957, 3.672729253768921, 3.682805299758911, 3.6929919719696045, 3.7029716968536377, 3.712984085083008, 3.7231099605560303, 3.7330925464630127, 3.743133783340454, 3.753230571746826, 3.7632992267608643, 3.773364543914795, 3.7837328910827637, 3.7936573028564453, 3.803523063659668, 3.813624620437622, 3.82369065284729, 3.8337152004241943, 3.843799114227295, 3.8539798259735107, 3.8638947010040283, 3.8739776611328125, 3.8842272758483887, 3.8942933082580566, 3.9043688774108887, 3.914358377456665, 3.9242734909057617, 3.934269666671753, 3.944371223449707, 3.9544689655303955, 3.9644763469696045, 3.974496603012085, 3.9845495223999023, 3.994717836380005, 4.0047287940979, 4.014927864074707, 4.024899482727051, 4.034897804260254, 4.044912099838257, 4.0550196170806885, 4.065018177032471, 4.0751683712005615, 4.085270881652832, 4.09527850151062, 4.105348110198975, 4.115371465682983, 4.12557053565979, 4.135518550872803, 4.145534038543701, 4.155616521835327, 4.165623188018799, 4.1759374141693115, 4.185770034790039, 4.19585108757019, 4.205934286117554, 4.215962648391724, 4.226031064987183, 4.236062049865723, 4.246053695678711, 4.256250858306885, 4.26619029045105, 4.276338577270508, 4.286322116851807, 4.296421051025391, 4.3064539432525635, 4.316442966461182, 4.326589584350586, 4.336569309234619, 4.346656799316406, 4.3568360805511475, 4.366743564605713, 4.376943826675415, 4.386933326721191, 4.397061586380005, 4.4071009159088135, 4.4172632694244385, 4.427365064620972, 4.437253952026367, 4.44730544090271, 4.457611083984375, 4.467566728591919, 4.477564334869385, 4.487696886062622, 4.497653961181641, 4.50777268409729, 4.518198728561401, 4.528262138366699, 4.53792142868042, 4.548019886016846, 4.558050632476807, 4.568051099777222, 4.578121185302734, 4.588232040405273, 4.598222494125366, 4.608293771743774, 4.618378162384033, 4.62847375869751, 4.638494968414307, 4.648641109466553, 4.6586151123046875, 4.668691635131836, 4.6787354946136475, 4.688816547393799, 4.69905424118042, 4.709047794342041, 4.719261169433594, 4.72924280166626, 4.739267349243164, 4.749302387237549, 4.759423494338989, 4.7694971561431885, 4.779543399810791, 4.789677381515503, 4.799672842025757, 4.809554100036621, 4.819582462310791, 4.829636812210083, 4.839676380157471, 4.849725008010864, 4.860020875930786, 4.8699164390563965, 4.879932880401611, 4.890053987503052, 4.900082588195801, 4.910123825073242, 4.920227289199829, 4.93024206161499, 4.940300464630127, 4.950335264205933, 4.960486650466919, 4.97049355506897, 4.980528116226196, 4.9906227588653564, 5.000641107559204, 5.010701417922974, 5.020766019821167, 5.030830383300781, 5.040907859802246, 5.050980567932129, 5.061297178268433, 5.071107864379883, 5.0812153816223145, 5.091247797012329, 5.101250648498535, 5.111266613006592, 5.121423721313477, 5.1314308643341064, 5.141508102416992, 5.151648044586182, 5.161578893661499, 5.171581268310547, 5.18165922164917, 5.191725492477417, 5.201749324798584, 5.211769104003906, 5.221906423568726, 5.23195219039917, 5.242915868759155, 5.252417802810669, 5.2623231410980225, 5.2723307609558105, 5.282595157623291, 5.292507648468018, 5.302454471588135, 5.312457323074341, 5.3225486278533936, 5.332546234130859, 5.342623949050903, 5.352891683578491, 5.362759828567505, 5.372787952423096, 5.382870674133301, 5.3930089473724365, 5.403007984161377, 5.413020372390747, 5.423153877258301, 5.433221817016602, 5.4432573318481445, 5.453498125076294, 5.46345591545105, 5.4734907150268555, 5.483530282974243, 5.493670225143433, 5.503678321838379, 5.513757944107056, 5.52390718460083, 5.533851623535156, 5.543989181518555, 5.554061412811279, 5.564149618148804, 5.574229955673218, 5.584526538848877, 5.594280958175659, 5.604271650314331, 5.614354133605957, 5.624477863311768, 5.634427070617676, 5.644510507583618, 5.65460205078125, 5.664633512496948, 5.674687623977661, 5.684792518615723, 5.694934368133545, 5.704878091812134, 5.714986801147461, 5.725058317184448, 5.735213994979858, 5.745131254196167, 5.755333185195923, 5.765252351760864, 5.775327920913696, 5.785405158996582, 5.795486688613892, 5.805777311325073, 5.815566062927246, 5.825711727142334, 5.835646629333496, 5.845788955688477, 5.85603666305542, 5.866091251373291, 5.876079797744751, 5.88604998588562, 5.896130323410034, 5.90624475479126, 5.916317939758301, 5.9262895584106445, 5.936388254165649, 5.946471691131592, 5.9565205574035645, 5.966492652893066, 5.976524591445923, 5.986626625061035, 5.996647596359253, 6.006711959838867, 6.016732215881348, 6.026820659637451, 6.036857843399048], "set_target_data": [{"head": [[0.991317175823032, 0.1303619434825599, -0.017205249480828404, -0.005631913618925892], [-0.1308437364607857, 0.9909270885782273, -0.030715171346719323, -8.211566823483011e-05], [0.01304505834514118, 0.0326996760431619, 0.9993800866734558, 0.012733993465015803], [0.0, 0.0, 0.0, 1.0]], "antennas": [-0.0690978450109779, 0.33415374619107624], "body_yaw": -0.01828803373201769, "check_collision": false}, {"head": [[0.9912969636666483, 0.13036228020885096, -0.018330458914958665, -0.0054969543100834226], [-0.1308723162774811, 0.9909419815367437, -0.030106910505712993, 8.832894660452777e-06], [0.014239615776098453, 0.032243838586326644, 0.9993785910333322, 0.012659796354675068], [0.0, 0.0, 0.0, 1.0]], "antennas": [-0.0690978450109779, 0.33415374619107624], "body_yaw": -0.01828803373201769, "check_collision": false}, {"head": [[0.9912501276929163, 0.13050718098148445, -0.01977523858373275, -0.005415910030245767], [-0.13105458657080216, 0.9909357276672044, -0.029514047018741905, 0.0001314405620728874], [0.015744195359992795, 0.031847438592992716, 0.9993687312336385, 0.012445578397306534], [0.0, 0.0, 0.0, 1.0]], "antennas": [-0.0690978450109779, 0.33415374619107624], "body_yaw": -0.01828803373201769, "check_collision": false}, {"head": [[0.9912411943965477, 0.13041224905944457, -0.02082161921087143, -0.005289167104448975], [-0.13098864936588875, 0.990952278431729, -0.02924988219232543, 0.00022506801591512787], [0.016818688076225947, 0.03172108393832187, 0.9993552444277121, 0.012357290342766003], [0.0, 0.0, 0.0, 1.0]], "antennas": [-0.0690978450109779, 0.33415374619107624], "body_yaw": -0.01828803373201769, "check_collision": false}, {"head": [[0.9911931992225712, 0.13063658796106983, -0.02168233614751654, -0.005278663243488614], [-0.1312353094133735, 0.9909279074294843, -0.02896853190272856, 0.00038407565215430126], [0.017701281820827374, 0.03155889990657074, 0.9993451358057368, 0.012257496960678127], [0.0, 0.0, 0.0, 1.0]], "antennas": [-0.0690978450109779, 0.33415374619107624], "body_yaw": -0.01828803373201769, "check_collision": false}, {"head": [[0.9911903146831285, 0.1305923472418233, -0.022077113041159297, -0.005187354406890228], [-0.13120672264997554, 0.9909265583069371, -0.02914364379107423, 0.0005049457361364145], [0.018070860793373205, 0.03178356310799141, 0.9993314010408895, 0.012166535237985276], [0.0, 0.0, 0.0, 1.0]], "antennas": [-0.0690978450109779, 0.33415374619107624], "body_yaw": -0.01828803373201769, "check_collision": false}, {"head": [[0.9911537541255037, 0.13076121542018224, -0.022709914679659667, -0.005180953920350888], [-0.13139616406107765, 0.9909007187126504, -0.029168711400872162, 0.0006182685376137148], [0.01868913462295916, 0.03189467348303946, 0.9993164894318793, 0.012288987224122638], [0.0, 0.0, 0.0, 1.0]], "antennas": [-0.0690978450109779, 0.33415374619107624], "body_yaw": -0.01828803373201769, "check_collision": false}, {"head": [[0.9911616763033588, 0.13063756041188684, -0.023072911327929616, -0.005098261059337542], [-0.13128712672031945, 0.9909105313690706, -0.029325913104099034, 0.0007598556236126696], [0.019032125079419697, 0.03209589742470202, 0.9993035732866488, 0.012236967895424944], [0.0, 0.0, 0.0, 1.0]], "antennas": [-0.0690978450109779, 0.33415374619107624], "body_yaw": -0.01828803373201769, "check_collision": false}, {"head": [[0.9911431337101565, 0.13067268183846528, -0.023663024328138913, -0.005090423581607939], [-0.1313423678313073, 0.9909014651694042, -0.0293848385667437, 0.0008182370930168185], [0.01960792981618534, 0.03223253862591701, 0.9992880428295199, 0.012363591625869863], [0.0, 0.0, 0.0, 1.0]], "antennas": [-0.0690978450109779, 0.33415374619107624], "body_yaw": -0.01828803373201769, "check_collision": false}, {"head": [[0.9911880009894275, 0.13025925198725385, -0.02405979979766034, -0.00501787921250401], [-0.13094253283089025, 0.9909533555542412, -0.029419384963325263, 0.0009663417696245289], [0.02000999226420696, 0.03231059249704658, 0.9992775519454421, 0.01234379453706047], [0.0, 0.0, 0.0, 1.0]], "antennas": [-0.0690978450109779, 0.33415374619107624], "body_yaw": -0.01828803373201769, "check_collision": false}, {"head": [[0.991199978571046, 0.13011031293844777, -0.024370247184156587, -0.004981639522909524], [-0.13080833213770077, 0.990964242294883, -0.029648789794549206, 0.0009710951751374557], [0.020292430216971687, 0.032575711196957645, 0.9992632487567537, 0.012302629715361668], [0.0, 0.0, 0.0, 1.0]], "antennas": [-0.0690978450109779, 0.33415374619107624], "body_yaw": -0.01828803373201769, "check_collision": false}, {"head": [[0.9912651452329705, 0.12961691903443007, -0.024348842811919638, -0.004913161436620239], [-0.13031761276097048, 0.9910240827409642, -0.029809180326066175, 0.0011157699905743066], [0.020266515500680135, 0.032721884533935285, 0.9992589987695923, 0.012279123324556607], [0.0, 0.0, 0.0, 1.0]], "antennas": [-0.0690978450109779, 0.33415374619107624], "body_yaw": -0.01828803373201769, "check_collision": false}, {"head": [[0.9912926316359396, 0.1294029642258725, -0.024367833589604575, -0.004900916455788412], [-0.13011468768142842, 0.9910352501669042, -0.030319976520204107, 0.001005481398952312], [0.020225887220525995, 0.03322658237283745, 0.9992431674572329, 0.012231992068446051], [0.0, 0.0, 0.0, 1.0]], "antennas": [-0.0690978450109779, 0.33415374619107624], "body_yaw": -0.01828803373201769, "check_collision": false}, {"head": [[0.9913546907346388, 0.12894402544245923, -0.024275820503601348, -0.004834175380866938], [-0.1296596685281304, 0.9910844102051524, -0.030660433876259583, 0.001137453643416885], [0.020105907480240635, 0.033542959782934506, 0.9992350185684028, 0.012201434257118171], [0.0, 0.0, 0.0, 1.0]], "antennas": [-0.0690978450109779, 0.33415374619107624], "body_yaw": -0.01828803373201769, "check_collision": false}, {"head": [[0.9914056554588041, 0.1285885442892062, -0.024079298201622676, -0.004723360986672968], [-0.12930451414090902, 0.9911201548112233, -0.031002924858162216, 0.001258610808488987], [0.01987885678511915, 0.03385003699496123, 0.9992292059624545, 0.012022038028111748], [0.0, 0.0, 0.0, 1.0]], "antennas": [-0.0690978450109779, 0.33415374619107624], "body_yaw": -0.01828803373201769, "check_collision": false}, {"head": [[0.9914325884910367, 0.1283509450050325, -0.024237520382212868, -0.004631700740793512], [-0.12907206508966781, 0.9911508856448961, -0.03098909322369617, 0.0013850458503193207], [0.02004556039255605, 0.03385198371814426, 0.9992258096681126, 0.011963874401079488], [0.0, 0.0, 0.0, 1.0]], "antennas": [-0.0690978450109779, 0.33415374619107624], "body_yaw": -0.01828803373201769, "check_collision": false}, {"head": [[0.9914295558450891, 0.12825464508164017, -0.024863262291816502, -0.004683558116404467], [-0.1290024660730261, 0.991151657751828, -0.031253081174194564, 0.0011797015075910222], [0.02063491080394843, 0.034192650537587035, 0.999202213320871, 0.011798943373325765], [0.0, 0.0, 0.0, 1.0]], "antennas": [-0.0690978450109779, 0.33415374619107624], "body_yaw": -0.01828803373201769, "check_collision": false}, {"head": [[0.99145653489782, 0.12798184262911647, -0.02519101755912191, -0.004609829253408304], [-0.12874150139404147, 0.9911847713468417, -0.03127898446109662, 0.0012747250626255887], [0.020965810912433873, 0.03425488297112663, 0.999193193414276, 0.011721339329758718], [0.0, 0.0, 0.0, 1.0]], "antennas": [-0.0690978450109779, 0.33415374619107624], "body_yaw": -0.01828803373201769, "check_collision": false}, {"head": [[0.9914739637593627, 0.1278262265026164, -0.0252949600790306, -0.004550207980426345], [-0.12859155047499746, 0.9912011488809845, -0.03137667291878751, 0.001313007399340209], [0.021061631791818324, 0.03436187240413702, 0.9991875046212035, 0.011647186574178514], [0.0, 0.0, 0.0, 1.0]], "antennas": [-0.0690978450109779, 0.33415374619107624], "body_yaw": -0.01828803373201769, "check_collision": false}, {"head": [[0.9915026800099662, 0.12759187152029092, -0.025352511808574094, -0.0044785476127341545], [-0.12836322216278737, 0.9912247587134297, -0.03156518508562272, 0.0014098129116289432], [0.021102576360274263, 0.03455129571307423, 0.9991801085067228, 0.011562073258211125], [0.0, 0.0, 0.0, 1.0]], "antennas": [-0.0690978450109779, 0.33415374619107624], "body_yaw": -0.01828803373201769, "check_collision": false}, {"head": [[0.9915095205250684, 0.12749701371170655, -0.025561341959014355, -0.004612867517883416], [-0.1282826841595752, 0.9912245617680228, -0.031897038931626695, 0.001231939254767423], [0.021270252771498133, 0.03490529533448976, 0.9991642491125512, 0.011686021252543255], [0.0, 0.0, 0.0, 1.0]], "antennas": [-0.0690978450109779, 0.33415374619107624], "body_yaw": -0.01828803373201769, "check_collision": false}, {"head": [[0.9915497194475469, 0.12722334457350679, -0.02536482720268257, -0.004553643651774943], [-0.1280106934875859, 0.9912467282011493, -0.03229839289104247, 0.0013288981863594411], [0.021033692408099013, 0.035272431530127976, 0.999156363817813, 0.01161195216917199], [0.0, 0.0, 0.0, 1.0]], "antennas": [-0.0690978450109779, 0.33415374619107624], "body_yaw": -0.01828803373201769, "check_collision": false}, {"head": [[0.9915641361992599, 0.12713942023537064, -0.025221649938680892, -0.004490269806584693], [-0.12792420453484607, 0.9912540506778381, -0.032416121126761455, 0.0015369492303997324], [0.020879695820159878, 0.0353691226494499, 0.9991561757130192, 0.011655886814309846], [0.0, 0.0, 0.0, 1.0]], "antennas": [-0.0690978450109779, 0.33415374619107624], "body_yaw": -0.01828803373201769, "check_collision": false}, {"head": [[0.9916149385239104, 0.12681892680122292, -0.024834925029246332, -0.0044271042953882705], [-0.12759767028678293, 0.9912840540495531, -0.032783512997677594, 0.0016539969922751878], [0.0204608952298686, 0.03567749980126862, 0.9991538759241859, 0.011593928591618452], [0.0, 0.0, 0.0, 1.0]], "antennas": [-0.0690978450109779, 0.33415374619107624], "body_yaw": -0.01828803373201769, "check_collision": false}, {"head": [[0.9916203874533827, 0.126845012131233, -0.024481627483294997, -0.004327645273100214], [-0.12761636657588443, 0.9912730237817923, -0.033043233868253565, 0.0020034774329950903], [0.020076607501591463, 0.03589060071843276, 0.9991540394810489, 0.011486990492019955], [0.0, 0.0, 0.0, 1.0]], "antennas": [-0.0690978450109779, 0.33415374619107624], "body_yaw": -0.01828803373201769, "check_collision": false}, {"head": [[0.9916615553564756, 0.12660332161451138, -0.024061558223605346, -0.004267136823768267], [-0.12736483868912662, 0.991296613063926, -0.03330499652726986, 0.0021428635163051038], [0.019635617985388307, 0.03609188113913298, 0.9991555527655193, 0.011430834605703044], [0.0, 0.0, 0.0, 1.0]], "antennas": [-0.0690978450109779, 0.33415374619107624], "body_yaw": -0.01828803373201769, "check_collision": false}, {"head": [[0.9916636424265637, 0.12658946845332117, -0.024048425436733967, -0.004332570159082262], [-0.12735388997203892, 0.9912922305251853, -0.03347686379266524, 0.0020930682125483826], [0.019601198898800895, 0.03626044921272296, 0.9991501252687813, 0.011529257460538678], [0.0, 0.0, 0.0, 1.0]], "antennas": [-0.0690978450109779, 0.33415374619107624], "body_yaw": -0.01828803373201769, "check_collision": false}, {"head": [[0.991691446122126, 0.12640256429387703, -0.023884459971673214, -0.004284602850649265], [-0.12716277979111573, 0.9913138620332216, -0.03356269322588514, 0.0022375752970774194], [0.01943458576873665, 0.036321050104738926, 0.99915117884897, 0.011491597877413606], [0.0, 0.0, 0.0, 1.0]], "antennas": [-0.0690978450109779, 0.33415374619107624], "body_yaw": -0.01828803373201769, "check_collision": false}, {"head": [[0.9920482430908739, 0.12391137800079471, -0.022051162832241233, -0.005059714168064902], [-0.12463060259588937, 0.9915876444519502, -0.034945046384540476, 0.0001319579206284548], [0.01753557175843838, 0.03741542158223479, 0.9991459302579017, 0.01284282265368697], [0.0, 0.0, 0.0, 1.0]], "antennas": [-0.0690978450109779, 0.33415374619107624], "body_yaw": -0.01828803373201769, "check_collision": false}, {"head": [[0.9920837169623786, 0.12365293214900573, -0.021905499516437558, -0.004999806968531861], [-0.1243708819468727, 0.9916120133677282, -0.03517809927437349, 0.00020020066565652837], [0.01737188135661535, 0.03762402577813813, 0.9991409562330922, 0.012837862177983217], [0.0, 0.0, 0.0, 1.0]], "antennas": [-0.0690978450109779, 0.33415374619107624], "body_yaw": -0.01828803373201769, "check_collision": false}, {"head": [[0.9920950204014051, 0.12355684922248883, -0.02193571300293717, -0.00507720975514081], [-0.12427860171098859, 0.9916182337538063, -0.035328566964192946, 0.00021560244111625774], [0.017386766562461565, 0.037775435102631975, 0.9991349842995738, 0.01289359287244407], [0.0, 0.0, 0.0, 1.0]], "antennas": [-0.0690978450109779, 0.33415374619107624], "body_yaw": -0.01828803373201769, "check_collision": false}, {"head": [[0.9921323625593271, 0.12329400048547237, -0.021724746413614073, -0.005024411653643555], [-0.12401130758335141, 0.9916446370854116, -0.035526178111490433, 0.00028331175225281783], [0.01716306365177585, 0.037940785232125476, 0.999132586828222, 0.012892083555720135], [0.0, 0.0, 0.0, 1.0]], "antennas": [-0.0690978450109779, 0.33415374619107624], "body_yaw": -0.01828803373201769, "check_collision": false}, {"head": [[0.9923776152983367, 0.12153341851331595, -0.02040335362762205, -0.0056846232720655435], [-0.12221781866521911, 0.9918301120974857, -0.036549056587065414, -0.0013578403449273574], [0.015794728725186336, 0.03876411899109899, 0.9991235507300095, 0.01376741092092415], [0.0, 0.0, 0.0, 1.0]], "antennas": [-0.0690978450109779, 0.33415374619107624], "body_yaw": -0.01828803373201769, "check_collision": false}, {"head": [[0.9924166044411072, 0.12126399925052206, -0.02010785208200933, -0.005638554419414049], [-0.12193926979477776, 0.9918592246198727, -0.03668914033308685, -0.0013641612587651395], [0.015495086688979125, 0.03886284886924695, 0.9991244073018468, 0.013776983612277305], [0.0, 0.0, 0.0, 1.0]], "antennas": [-0.0690978450109779, 0.33415374619107624], "body_yaw": -0.01828803373201769, "check_collision": false}, {"head": [[0.9924505773099402, 0.12104952622170741, -0.019719629780162895, -0.0055056775161915275], [-0.1217099384780322, 0.9918871402549908, -0.03669593809197346, -0.001183429932412887], [0.015117621269238435, 0.038818979871662086, 0.9991318953616102, 0.013625459532366158], [0.0, 0.0, 0.0, 1.0]], "antennas": [-0.0690978450109779, 0.33415374619107624], "body_yaw": -0.01828803373201769, "check_collision": false}, {"head": [[0.9925032760698603, 0.12068279932571149, -0.019310850253286462, -0.005457331977089155], [-0.12133140022626579, 0.9919238299760108, -0.036956824063439336, -0.0011745008411183288], [0.014694839561169449, 0.039022781456891975, 0.9991302638883678, 0.013630506835434097], [0.0, 0.0, 0.0, 1.0]], "antennas": [-0.0690978450109779, 0.33415374619107624], "body_yaw": -0.01828803373201769, "check_collision": false}, {"head": [[0.9925362263945283, 0.1204196229898161, -0.019260158189905285, -0.0055334307261548366], [-0.12107049898575012, 0.9919452431060558, -0.037236661432104315, -0.0011654618386918074], [0.014620997566893265, 0.0392905723839478, 0.9991208522255406, 0.013518190406540898], [0.0, 0.0, 0.0, 1.0]], "antennas": [-0.0690978450109779, 0.33415374619107624], "body_yaw": -0.01828803373201769, "check_collision": false}, {"head": [[0.9925509481858461, 0.12031339194491882, -0.01916514998861862, -0.0054392079871158905], [-0.12096345155058603, 0.9919509118085302, -0.03743303288800644, -0.0007529517082180354], [0.014507192848615727, 0.03947247497857073, 0.9991153412267871, 0.013347033278616194], [0.0, 0.0, 0.0, 1.0]], "antennas": [-0.0690978450109779, 0.33415374619107624], "body_yaw": -0.01828803373201769, "check_collision": false}, {"head": [[0.9926074028408626, 0.1198660611458438, -0.01904392845235519, -0.005407538130820545], [-0.12051714572026029, 0.9919906389871443, -0.037817849612566075, -0.0007099345700569545], [0.014358322080213114, 0.039833397385334236, 0.9991031673655043, 0.013350493654330053], [0.0, 0.0, 0.0, 1.0]], "antennas": [-0.0690978450109779, 0.33415374619107624], "body_yaw": -0.01828803373201769, "check_collision": false}, {"head": [[0.9926573056394048, 0.11947457099454128, -0.018902392610132737, -0.0053708180892437715], [-0.12012488971031665, 0.9920257603810436, -0.03814317255416173, -0.0006654173068337812], [0.014194521224808711, 0.040133746723706384, 0.9990934880886352, 0.013353013987590479], [0.0, 0.0, 0.0, 1.0]], "antennas": [-0.0690978450109779, 0.33415374619107624], "body_yaw": -0.01828803373201769, "check_collision": false}, {"head": [[0.9926920401701677, 0.11920930159515923, -0.01875248772788697, -0.005317051548811985], [-0.11985298993665765, 0.9920607852458234, -0.03808752001225111, -0.0005096210190626742], [0.014063221040488108, 0.040056719668921374, 0.9990984361029356, 0.013433127108821719], [0.0, 0.0, 0.0, 1.0]], "antennas": [-0.0690978450109779, 0.33415374619107624], "body_yaw": -0.01828803373201769, "check_collision": false}, {"head": [[0.9927375880426357, 0.11887997231148296, -0.018429147308313125, -0.0052690939158028735], [-0.11951583826976332, 0.992087666159019, -0.03844511747708692, -0.00045532239147357597], [0.013712975241217328, 0.04036848818536904, 0.999090756373845, 0.013438029931759687], [0.0, 0.0, 0.0, 1.0]], "antennas": [-0.0690978450109779, 0.33415374619107624], "body_yaw": -0.01828803373201769, "check_collision": false}, {"head": [[0.9927579451326884, 0.11877218355808301, -0.018023062691087662, -0.005141687080552362], [-0.1193939146952286, 0.9920959856886072, -0.038608914958842194, -0.00016580097046705027], [0.013294943011172154, 0.040481151087829376, 0.9990918480785107, 0.013488497565786961], [0.0, 0.0, 0.0, 1.0]], "antennas": [-0.0690978450109779, 0.33415374619107624], "body_yaw": -0.01828803373201769, "check_collision": false}, {"head": [[0.9928103289913209, 0.11839210029815513, -0.017634092977428194, -0.005089354109036409], [-0.11900273803965254, 0.9921296930048675, -0.03894894860112368, -9.435802079322837e-05], [0.012884059422823202, 0.040767423821707414, 0.9990855910119665, 0.013504517984657793], [0.0, 0.0, 0.0, 1.0]], "antennas": [-0.0690978450109779, 0.33415374619107624], "body_yaw": -0.01828803373201769, "check_collision": false}, {"head": [[0.9928489065293868, 0.11809013180888367, -0.017486268119908593, -0.005096583122373037], [-0.11869745568863732, 0.9921585303978081, -0.039145428493065224, -0.00013622733499052322], [0.012726461269529251, 0.04094107141028659, 0.9990805101969176, 0.013461349646501364], [0.0, 0.0, 0.0, 1.0]], "antennas": [-0.0690978450109779, 0.33415374619107624], "body_yaw": -0.01828803373201769, "check_collision": false}, {"head": [[0.9929088336833118, 0.1176414851950007, -0.01710347785566597, -0.005058057802258799], [-0.11823644804519562, 0.9922039981513351, -0.03938741431168738, -6.815561524408254e-05], [0.012336545193066872, 0.04113036607689252, 0.9990776259325796, 0.013475000130481085], [0.0, 0.0, 0.0, 1.0]], "antennas": [-0.0690978450109779, 0.33415374619107624], "body_yaw": -0.01828803373201769, "check_collision": false}, {"head": [[0.9929380720014821, 0.11742745731144194, -0.016875350051179152, -0.005006824938264175], [-0.11801575194065841, 0.992221860225067, -0.03959876747310912, 4.957589516366243e-05], [0.012094108642695917, 0.04131068095393569, 0.9990731505626911, 0.013315881192539125], [0.0, 0.0, 0.0, 1.0]], "antennas": [-0.0690978450109779, 0.33415374619107624], "body_yaw": -0.01828803373201769, "check_collision": false}, {"head": [[0.9929965041295431, 0.11698530152310724, -0.016503999941021807, -0.004969582970261906], [-0.11756275751544201, 0.9922613678658511, -0.03995467289760742, 0.000121058571383636], [0.011702172100552504, 0.0416151062540648, 0.999065184109421, 0.01331672729250355], [0.0, 0.0, 0.0, 1.0]], "antennas": [-0.0690978450109779, 0.33415374619107624], "body_yaw": -0.01828803373201769, "check_collision": false}, {"head": [[0.9930294598826634, 0.1167473371977001, -0.016203427489024914, -0.004927139755946837], [-0.11731659007649616, 0.99227587019951, -0.040316437251179796, 0.00014972855810305424], [0.011371433417513453, 0.04193634076849653, 0.9990555709393645, 0.013166665437253644], [0.0, 0.0, 0.0, 1.0]], "antennas": [-0.0690978450109779, 0.33415374619107624], "body_yaw": -0.01828803373201769, "check_collision": false}, {"head": [[0.9930787408884525, 0.11637628444871313, -0.015848495616867325, -0.004885814963836353], [-0.1169361452637986, 0.9923014707205953, -0.04078883593076889, 0.00020939345877141104], [0.010979632336715306, 0.04235978781410031, 0.9990420892285243, 0.013153012989887913], [0.0, 0.0, 0.0, 1.0]], "antennas": [-0.0690978450109779, 0.33415374619107624], "body_yaw": -0.01828803373201769, "check_collision": false}, {"head": [[0.9931033597958325, 0.11618817697704244, -0.01568516155419026, -0.004791528636197452], [-0.11674626765005587, 0.9923047033028548, -0.0412514823105191, 0.00022277953722919363], [0.01077152505502818, 0.042798169748074724, 0.9990256707984055, 0.012975454468145853], [0.0, 0.0, 0.0, 1.0]], "antennas": [-0.0690978450109779, 0.33415374619107624], "body_yaw": -0.01828803373201769, "check_collision": false}, {"head": [[0.9931497770576247, 0.11583233985726947, -0.015374959303357152, -0.004738746076242771], [-0.11638192664873466, 0.9923296055126914, -0.04167974535135955, 0.0002710331621639901], [0.010429164871570966, 0.043183597189391916, 0.9990127173634306, 0.012951306264799234], [0.0, 0.0, 0.0, 1.0]], "antennas": [-0.0690978450109779, 0.33415374619107624], "body_yaw": -0.01828803373201769, "check_collision": false}, {"head": [[0.9931807825128126, 0.11559305676330249, -0.015171633905172732, -0.004761602479642926], [-0.11613710420152125, 0.992345755428452, -0.0419770736333439, 0.0002657922792870726], [0.010203248253456105, 0.04345281246651484, 0.9990033767779904, 0.012924165704494062], [0.0, 0.0, 0.0, 1.0]], "antennas": [-0.0690978450109779, 0.33415374619107624], "body_yaw": -0.01828803373201769, "check_collision": false}, {"head": [[0.9932135208847738, 0.11533275351155173, -0.015008594175165814, -0.0048402854341031976], [-0.11587251193607001, 0.9923658090455653, -0.042233422960566896, 0.00018027612489305862], [0.010023118741014811, 0.04368589022538602, 0.9989950350657, 0.012995273986287748], [0.0, 0.0, 0.0, 1.0]], "antennas": [-0.0690978450109779, 0.33415374619107624], "body_yaw": -0.01828803373201769, "check_collision": false}, {"head": [[0.9932715396593667, 0.11489776284271334, -0.014496640867818723, -0.0048104009721311874], [-0.11541963892927755, 0.9924001715593119, -0.04266387744313866, 0.00022594219118718829], [0.009484484811844702, 0.04405001229043592, 0.9989843046640253, 0.012968736296757877], [0.0, 0.0, 0.0, 1.0]], "antennas": [-0.0690978450109779, 0.33415374619107624], "body_yaw": -0.01828803373201769, "check_collision": false}, {"head": [[0.9933308931946384, 0.1144575078435865, -0.013900198681201268, -0.004776018458334169], [-0.11495816988766826, 0.9924310949500661, -0.043187277667047066, 0.00027313136022407477], [0.008851881224888853, 0.04449719850111861, 0.9989702916124844, 0.012938888345632504], [0.0, 0.0, 0.0, 1.0]], "antennas": [-0.0690978450109779, 0.33415374619107624], "body_yaw": -0.01828803373201769, "check_collision": false}, {"head": [[0.9933337348668753, 0.11447992553779696, -0.013506954663642615, -0.004763166513997059], [-0.11496655213636392, 0.9924121261606488, -0.043598896077516644, 0.0004504882129120419], [0.008413267219216803, 0.04486110228429352, 0.9989578061342416, 0.012918690029746993], [0.0, 0.0, 0.0, 1.0]], "antennas": [-0.0690978450109779, 0.33415374619107624], "body_yaw": -0.01828803373201769, "check_collision": false}, {"head": [[0.9933824313913656, 0.11412351737611234, -0.012929338137863696, -0.004741003574686979], [-0.11458907314791106, 0.992430413155814, -0.044172608690037606, 0.0005185288140270748], [0.007790334914605573, 0.04536185429504266, 0.9989402448879683, 0.012890453327867979], [0.0, 0.0, 0.0, 1.0]], "antennas": [-0.0690978450109779, 0.33415374619107624], "body_yaw": -0.01828803373201769, "check_collision": false}, {"head": [[0.9934027198895942, 0.1140082595986658, -0.012375494302842406, -0.004724759723485739], [-0.11445254869628772, 0.9924230476417863, -0.04468902109369302, 0.000589397272659148], [0.007186808254040418, 0.0458106019680148, 0.9989242906919662, 0.012954413258303599], [0.0, 0.0, 0.0, 1.0]], "antennas": [-0.0690978450109779, 0.33415374619107624], "body_yaw": -0.01828803373201769, "check_collision": false}, {"head": [[0.9937414450880969, 0.11120141067410658, -0.010591816572708076, -0.005767590737544875], [-0.11157557319551803, 0.9926784131782201, -0.04626509997895601, -0.0019565554755439146], [0.005369523285432138, 0.04715733531551471, 0.9988730419555969, 0.01454071018357006], [0.0, 0.0, 0.0, 1.0]], "antennas": [-0.0690978450109779, 0.33415374619107624], "body_yaw": -0.01828803373201769, "check_collision": false}, {"head": [[0.9937808417810782, 0.11087536465218256, -0.01030980223559465, -0.005766706145431684], [-0.11123869674401718, 0.9926967521956274, -0.046680943938031697, -0.0019601336294754424], [0.005058740513616671, 0.04753747672624857, 0.9988566450952394, 0.014552299758486709], [0.0, 0.0, 0.0, 1.0]], "antennas": [-0.0690978450109779, 0.33415374619107624], "body_yaw": -0.01828803373201769, "check_collision": false}, {"head": [[0.9938330594638155, 0.11041776023314646, -0.010186664905022128, -0.00576379174312288], [-0.11077597890261147, 0.9927462155996797, -0.046729368823923194, -0.0017513012122915622], [0.004953020791396568, 0.04756962936169933, 0.9988556441986151, 0.014374338721815039], [0.0, 0.0, 0.0, 1.0]], "antennas": [-0.0690978450109779, 0.33415374619107624], "body_yaw": -0.01828803373201769, "check_collision": false}, {"head": [[0.9938590546799762, 0.11021537123466783, -0.009836227642171149, -0.005767259833894242], [-0.1105583298996305, 0.9927583600661084, -0.04698610654923098, -0.0017362807312338987], [0.004586406047083604, 0.04778504433874235, 0.9988471126339185, 0.01435872436733876], [0.0, 0.0, 0.0, 1.0]], "antennas": [-0.0690978450109779, 0.33415374619107624], "body_yaw": -0.01828803373201769, "check_collision": false}, {"head": [[0.9938436024322964, 0.11038086445355787, -0.009537225324016903, -0.0059439910601323045], [-0.11070925116857218, 0.9927426989890146, -0.04696163657392085, -0.0017691073197225087], [0.004284344767847716, 0.04772838114258963, 0.998851163098596, 0.014380672662902994], [0.0, 0.0, 0.0, 1.0]], "antennas": [-0.0690978450109779, 0.33415374619107624], "body_yaw": -0.01828803373201769, "check_collision": false}, {"head": [[0.9938520271018143, 0.11033767490841509, -0.009151268842065836, -0.005958109941534062], [-0.11064836792367999, 0.992741317849273, -0.047134005884446654, -0.0017528780666977708], [0.003884186071856028, 0.047856800255491556, 0.998846654781336, 0.014354209008945573], [0.0, 0.0, 0.0, 1.0]], "antennas": [-0.0690978450109779, 0.33415374619107624], "body_yaw": -0.01828803373201769, "check_collision": false}, {"head": [[0.9938468321930699, 0.11041243989590134, -0.008807227488472614, -0.005934470831298715], [-0.1107063343093302, 0.9927382823436683, -0.047061771249428515, -0.0016723798119841924], [0.00354706689964406, 0.04774720814431661, 0.9988531535870688, 0.014224276976051664], [0.0, 0.0, 0.0, 1.0]], "antennas": [-0.0690978450109779, 0.33415374619107624], "body_yaw": -0.01828803373201769, "check_collision": false}, {"head": [[0.9938546146069965, 0.11037830166920284, -0.008344791489381848, -0.0059437788735570846], [-0.11065060526086454, 0.9927377265147018, -0.04720434206538484, -0.0016495034817047118], [0.00307385422281888, 0.04783760942024568, 0.9988503964784583, 0.014187039721587413], [0.0, 0.0, 0.0, 1.0]], "antennas": [-0.0690978450109779, 0.33415374619107624], "body_yaw": -0.01828803373201769, "check_collision": false}, {"head": [[0.9938351783861373, 0.11059001796604336, -0.00784130910399941, -0.005944668214643657], [-0.11083824631300059, 0.9927124293506281, -0.047296043883527476, -0.0014837255367354902], [0.0025536946671183714, 0.04787358915982958, 0.9988501379608968, 0.014025686227039924], [0.0, 0.0, 0.0, 1.0]], "antennas": [-0.0690978450109779, 0.33415374