{"description": "You nod to show you\u2019ve understood and agree. Can also be used to say yes.", "time": [0.0, 0.010163545608520508, 0.020151615142822266, 0.030223608016967773, 0.04027986526489258, 0.05033540725708008, 0.06039571762084961, 0.07047057151794434, 0.08054661750793457, 0.09059572219848633, 0.10068416595458984, 0.1107172966003418, 0.12073516845703125, 0.13092374801635742, 0.14092063903808594, 0.15097951889038086, 0.16098928451538086, 0.17110395431518555, 0.18111538887023926, 0.19115495681762695, 0.20125412940979004, 0.211533784866333, 0.2213575839996338, 0.2314472198486328, 0.2414696216583252, 0.2514815330505371, 0.26161885261535645, 0.2716388702392578, 0.28182435035705566, 0.29178595542907715, 0.3018801212310791, 0.3119513988494873, 0.32191038131713867, 0.33233642578125, 0.3421366214752197, 0.35207676887512207, 0.3621819019317627, 0.3722822666168213, 0.382335901260376, 0.3923807144165039, 0.40250325202941895, 0.41257452964782715, 0.42253899574279785, 0.43265843391418457, 0.4430105686187744, 0.4528069496154785, 0.46303319931030273, 0.47313499450683594, 0.4830195903778076, 0.4929978847503662, 0.5033004283905029, 0.5132060050964355, 0.5232040882110596, 0.5333311557769775, 0.5433661937713623, 0.5533819198608398, 0.5634331703186035, 0.573514461517334, 0.5835132598876953, 0.5936241149902344, 0.6037147045135498, 0.6138155460357666, 0.6238045692443848, 0.633897066116333, 0.6440298557281494, 0.6539859771728516, 0.6642172336578369, 0.6741495132446289, 0.6841707229614258, 0.6942315101623535, 0.7044949531555176, 0.7145977020263672, 0.7244975566864014, 0.7350399494171143, 0.7450973987579346, 0.7555866241455078, 0.7651379108428955, 0.7753663063049316, 0.7852802276611328, 0.795501708984375, 0.8054642677307129, 0.8154661655426025, 0.825505256652832, 0.8356485366821289, 0.8456885814666748, 0.8556628227233887, 0.8658130168914795, 0.8758959770202637, 0.8858797550201416, 0.8959336280822754, 0.9060571193695068, 0.9160943031311035, 0.9261338710784912, 0.9363532066345215, 0.9462568759918213, 0.9562692642211914, 0.9663488864898682, 0.9764723777770996, 0.9864315986633301, 0.996558666229248, 1.006652593612671, 1.0166802406311035, 1.0267717838287354, 1.036855697631836, 1.046905517578125, 1.0568668842315674, 1.0672588348388672, 1.0771446228027344, 1.0871477127075195, 1.0971860885620117, 1.1073329448699951, 1.1173064708709717, 1.1273658275604248, 1.1374454498291016, 1.1475117206573486, 1.1575570106506348, 1.1676125526428223, 1.1776797771453857, 1.1877086162567139, 1.1978404521942139, 1.2078945636749268, 1.2179861068725586, 1.2279582023620605, 1.238154649734497, 1.248114824295044, 1.258131980895996, 1.2684903144836426, 1.278306245803833, 1.288299322128296, 1.2984192371368408, 1.3084571361541748, 1.3184895515441895, 1.3287324905395508, 1.3386831283569336, 1.3487493991851807, 1.358781099319458, 1.3688337802886963, 1.378922462463379, 1.3889927864074707, 1.3990139961242676, 1.4091217517852783, 1.419102430343628, 1.4292089939117432, 1.4392755031585693, 1.4492895603179932, 1.4592921733856201, 1.4694106578826904, 1.4795098304748535, 1.48948335647583, 1.4995601177215576, 1.509775161743164, 1.5196359157562256, 1.5297963619232178, 1.5398156642913818, 1.5498294830322266, 1.5599393844604492, 1.570077896118164, 1.5800929069519043, 1.5901079177856445, 1.6001923084259033, 1.6103746891021729, 1.6203179359436035, 1.6304490566253662, 1.6404826641082764, 1.6505463123321533, 1.660550594329834, 1.6706387996673584, 1.6806910037994385, 1.6907365322113037, 1.7009754180908203, 1.7110450267791748, 1.7211368083953857, 1.7310259342193604, 1.7411069869995117, 1.751110315322876, 1.7612853050231934, 1.7713098526000977, 1.7813599109649658, 1.7913818359375, 1.8016602993011475, 1.811612606048584, 1.8215539455413818, 1.8316454887390137, 1.8423011302947998, 1.8517460823059082, 1.861844539642334, 1.872061014175415, 1.8819284439086914, 1.891974925994873, 1.9020490646362305, 1.9121522903442383, 1.922860860824585, 1.9324619770050049, 1.9424166679382324, 1.952420711517334, 1.962510347366333, 1.9724879264831543, 1.9825868606567383, 1.9926471710205078, 2.002763032913208, 2.012744665145874, 2.0227935314178467, 2.0328447818756104, 2.042952299118042, 2.05297589302063, 2.0630197525024414, 2.0731356143951416, 2.083108901977539, 2.093205451965332, 2.103361129760742, 2.113421678543091, 2.123440980911255, 2.1334035396575928, 2.143505096435547, 2.1535837650299072, 2.164273738861084, 2.17387318611145, 2.1837174892425537, 2.193793296813965, 2.2039871215820312, 2.2139639854431152, 2.223925828933716, 2.2339861392974854, 2.2441165447235107, 2.254115581512451, 2.2642738819122314, 2.2743399143218994, 2.2843308448791504, 2.294400215148926, 2.3045082092285156, 2.31449556350708, 2.3246188163757324, 2.334712505340576, 2.344730854034424, 2.3546950817108154, 2.364805221557617, 2.374849796295166, 2.384906053543091, 2.394951820373535, 2.4050917625427246, 2.415109157562256, 2.425135612487793, 2.4352238178253174, 2.445317268371582, 2.455331563949585, 2.465481758117676, 2.475522041320801, 2.4855380058288574, 2.495605230331421, 2.5058720111846924, 2.515808343887329, 2.5257952213287354, 2.5359513759613037, 2.5459508895874023, 2.5559487342834473, 2.5660488605499268, 2.5761287212371826, 2.5862011909484863, 2.596334934234619, 2.606361150741577, 2.616367816925049, 2.6264939308166504], "set_target_data": [{"head": [[0.9991919154107838, -0.02910847193381258, 0.027716656353311424, -0.012166621368855518], [0.030766223287206157, 0.9976393953665561, -0.06139280346501588, -0.010646725097220594], [-0.02586417758930074, 0.06219592972478777, 0.9977287760926304, 0.01602795353677361], [0.0, 0.0, 0.0, 1.0]], "antennas": [-0.14090891854052853, 0.2192218335553986], "body_yaw": -0.0, "check_collision": false}, {"head": [[0.9991959252139289, -0.028949900958341445, 0.027738173522836116, -0.012147345866676628], [0.03060876944471833, 0.9976453490287428, -0.061374756980358346, -0.01063608811588346], [-0.02589606666968602, 0.06217443844394727, 0.9977292884020289, 0.016022626633127757], [0.0, 0.0, 0.0, 1.0]], "antennas": [-0.14090891854052853, 0.2192218335553986], "body_yaw": -0.0, "check_collision": false}, {"head": [[0.9992095067880962, -0.028847127118130908, 0.027353332545046564, -0.012262792656707974], [0.030478597501958873, 0.9976580226648332, -0.06123336432704511, -0.01051065816662933], [-0.025522865015571695, 0.06201865098118026, 0.9977486007466366, 0.016104685555209497], [0.0, 0.0, 0.0, 1.0]], "antennas": [-0.14090891854052853, 0.2192218335553986], "body_yaw": -0.0, "check_collision": false}, {"head": [[0.9992070023167612, -0.028987324760704775, 0.027296547847118824, -0.012290823653562002], [0.03061623967947601, 0.9976509526756857, -0.061279870211890075, -0.010496896420006065], [-0.025456087465309626, 0.06206699306809253, 0.9977473006640731, 0.016123274622404427], [0.0, 0.0, 0.0, 1.0]], "antennas": [-0.14090891854052853, 0.2192218335553986], "body_yaw": -0.0, "check_collision": false}, {"head": [[0.9992216312956468, -0.028757747343681493, 0.027002287284296416, -0.012370586853536028], [0.030364561002767507, 0.9976688176491089, -0.06111402233316448, -0.010162779141243573], [-0.02518183841533232, 0.06188636569024147, 0.997765479837661, 0.01604086056454246], [0.0, 0.0, 0.0, 1.0]], "antennas": [-0.14090891854052853, 0.2192218335553986], "body_yaw": -0.0, "check_collision": false}, {"head": [[0.9991054270387159, -0.031228493232695973, 0.02851537957314999, -0.012259480148706783], [0.03293477454719115, 0.9975653898602542, -0.061470265807825615, -0.01213180184536517], [-0.026526331961110792, 0.06235442376748026, 0.9977014982194397, 0.016815960024135435], [0.0, 0.0, 0.0, 1.0]], "antennas": [-0.14090891854052853, 0.2192218335553986], "body_yaw": -0.0, "check_collision": false}, {"head": [[0.9990976446459559, -0.03141235450520822, 0.028586018389107258, -0.012256685156316331], [0.033125935186663936, 0.9975517118604805, -0.061589403165103675, -0.012190916726159743], [-0.02658136341334269, 0.06248076622980762, 0.9976921293517474, 0.016851392969077006], [0.0, 0.0, 0.0, 1.0]], "antennas": [-0.14090891854052853, 0.2192218335553986], "body_yaw": -0.0, "check_collision": false}, {"head": [[0.9990951991074423, -0.03139155054417694, 0.028694140079342827, -0.012337625303346263], [0.03310709512127364, 0.9975634646500692, -0.061408910167673886, -0.011951562268847327], [-0.02669650488531228, 0.062303326955973126, 0.997700151386741, 0.01684915633224987], [0.0, 0.0, 0.0, 1.0]], "antennas": [-0.14090891854052853, 0.2192218335553986], "body_yaw": -0.0, "check_collision": false}, {"head": [[0.9990862328186466, -0.03146825500279717, 0.02892141627451284, -0.012327733074133223], [0.03320023182764937, 0.9975549406028159, -0.06149703314390351, -0.01199286281706567], [-0.026915497372983155, 0.06240103689836379, 0.9976881609978008, 0.01688556356657822], [0.0, 0.0, 0.0, 1.0]], "antennas": [-0.14090891854052853, 0.2192218335553986], "body_yaw": -0.0, "check_collision": false}, {"head": [[0.9991030131845704, -0.030863874464684336, 0.028992935321213744, -0.01238744591684524], [0.03260214070537023, 0.997572621938836, -0.061530190796900884, -0.012008495086147755], [-0.027023498421542665, 0.062420230783809115, 0.997684040827534, 0.0169560818718405], [0.0, 0.0, 0.0, 1.0]], "antennas": [-0.14090891854052853, 0.2192218335553986], "body_yaw": -0.0, "check_collision": false}, {"head": [[0.9991060842650905, -0.030839064708022952, 0.028913396071936957, -0.012393507674124886], [0.03257108168890833, 0.9975766467293629, -0.06148136740358819, -0.012036317131658057], [-0.026947300831303804, 0.06236814882722518, 0.9976893589638874, 0.016992386470074228], [0.0, 0.0, 0.0, 1.0]], "antennas": [-0.14090891854052853, 0.2192218335553986], "body_yaw": -0.0, "check_collision": false}, {"head": [[0.9991135389227273, -0.030872594560888124, 0.02861851230206037, -0.012370233276203816], [0.03257862760075527, 0.9975937264346137, -0.06119959151785715, -0.011666886000212399], [-0.026660258156204465, 0.062077692316808035, 0.9977151851864662, 0.01685034574983163], [0.0, 0.0, 0.0, 1.0]], "antennas": [-0.14090891854052853, 0.2192218335553986], "body_yaw": -0.0, "check_collision": false}, {"head": [[0.9991078751533371, -0.031056236882970868, 0.028617546317827973, -0.012377838475551715], [0.03276582117434019, 0.9975786477809333, -0.06134527246932987, -0.011666863906172657], [-0.026643099845089148, 0.06222822223263301, 0.9977062661868027, 0.016897725248754214], [0.0, 0.0, 0.0, 1.0]], "antennas": [-0.14090891854052853, 0.2192218335553986], "body_yaw": -0.0, "check_collision": false}, {"head": [[0.9991083829414537, -0.03096500171904312, 0.02869856798958295, -0.012397890687576126], [0.032681947967169424, 0.997576399314829, -0.06142652364517731, -0.011449144775773282], [-0.02672694171027222, 0.06230967981461591, 0.997698939754982, 0.016793805308950915], [0.0, 0.0, 0.0, 1.0]], "antennas": [-0.14090891854052853, 0.2192218335553986], "body_yaw": -0.0, "check_collision": false}, {"head": [[0.9991040526403999, -0.031095095354818116, 0.028708657969399677, -0.0123884077047174], [0.03281716187676185, 0.9975611629644239, -0.06160162361026459, -0.011436084384906063], [-0.026723133870929422, 0.06248856847409027, 0.9976878534522586, 0.016827482970869168], [0.0, 0.0, 0.0, 1.0]], "antennas": [-0.14090891854052853, 0.2192218335553986], "body_yaw": -0.0, "check_collision": false}, {"head": [[0.9991208224301761, -0.03072974591680334, 0.028517799745726605, -0.012395709794809053], [0.032436993126700266, 0.9975815925841817, -0.061472006751905964, -0.011032538740673507], [-0.026559812938856623, 0.06234299361673837, 0.9977013217810009, 0.01661211322336209], [0.0, 0.0, 0.0, 1.0]], "antennas": [-0.14090891854052853, 0.2192218335553986], "body_yaw": -0.0, "check_collision": false}, {"head": [[0.9991212879122228, -0.03062441259023417, 0.028614636012424127, -0.012379813332093934], [0.032338815187003295, 0.9975825852603523, -0.06150761430564487, -0.011010242783021613], [-0.02666182801162099, 0.06237893024711334, 0.9976963546030945, 0.016630215119992853], [0.0, 0.0, 0.0, 1.0]], "antennas": [-0.14090891854052853, 0.2192218335553986], "body_yaw": -0.0, "check_collision": false}, {"head": [[0.9991359198690697, -0.03020550385294066, 0.02854892580077409, -0.012433688371175368], [0.03191881531479817, 0.9975906428391527, -0.061596254339578715, -0.01091810023488372], [-0.026619595344180638, 0.06245427813013493, 0.9976927684848458, 0.016598458687430373], [0.0, 0.0, 0.0, 1.0]], "antennas": [-0.14090891854052853, 0.2192218335553986], "body_yaw": -0.0, "check_collision": false}, {"head": [[0.9991386172629012, -0.030113493956055906, 0.028551724566763807, -0.012432842874238502], [0.03182842907985206, 0.9975905070707783, -0.06164520504123689, -0.010911773143832591], [-0.02662657687887399, 0.06250086146627017, 0.9976896650360209, 0.016613789232887477], [0.0, 0.0, 0.0, 1.0]], "antennas": [-0.14090891854052853, 0.2192218335553986], "body_yaw": -0.0, "check_collision": false}, {"head": [[0.9991501540896562, -0.029879140904050264, 0.028393776104151038, -0.012402949433817983], [0.03158008243898062, 0.9976088101624947, -0.06147650184679851, -0.010561725072449532], [-0.026489016134313786, 0.062320934083244794, 0.9977045821280107, 0.016429820720534838], [0.0, 0.0, 0.0, 1.0]], "antennas": [-0.14090891854052853, 0.2192218335553986], "body_yaw": -0.0, "check_collision": false}, {"head": [[0.9991482669615565, -0.029970738537671925, 0.028363629161741483, -0.01241064354340189], [0.03167084302369317, 0.9976031787907278, -0.0615211782137159, -0.010553117691245638], [-0.026451811467021892, 0.06236707864043106, 0.9977026857596262, 0.01643703947054942], [0.0, 0.0, 0.0, 1.0]], "antennas": [-0.14090891854052853, 0.2192218335553986], "body_yaw": -0.0, "check_collision": false}, {"head": [[0.9991552850153482, -0.029878916150881153, 0.028212883502871173, -0.012417702537508766], [0.03156563338541898, 0.9976161392357413, -0.06136488837561061, -0.010187888267949839], [-0.026312111562459026, 0.06220361007226543, 0.997716584847171, 0.016271091184503705], [0.0, 0.0, 0.0, 1.0]], "antennas": [-0.14090891854052853, 0.2192218335553986], "body_yaw": -0.0, "check_collision": false}, {"head": [[0.9991551919227765, -0.029947279654937445, 0.028143611975510845, -0.012425524654731823], [0.031632509535594, 0.9976071607840402, -0.0614763132668682, -0.010165586161464166], [-0.026235220491539653, 0.06231463065504385, 0.997711681805964, 0.016269282823721753], [0.0, 0.0, 0.0, 1.0]], "antennas": [-0.14090891854052853, 0.2192218335553986], "body_yaw": -0.0, "check_collision": false}, {"head": [[0.9991770244589172, -0.029542523235355337, 0.02779412013921105, -0.0125273855320011], [0.031208788652329966, 0.9976152886014674, -0.06156092477753356, -0.010029474686704308], [-0.025909174133472643, 0.06237768246335732, 0.9977162619834469, 0.016175861089367527], [0.0, 0.0, 0.0, 1.0]], "antennas": [-0.14090891854052853, 0.2192218335553986], "body_yaw": -0.0, "check_collision": false}, {"head": [[0.9991784064341224, -0.029526526772156315, 0.027761418057094568, -0.01254833349423398], [0.031189806393512556, 0.9976181880506176, -0.06152354709976933, -0.010011414974309586], [-0.025878718919275026, 0.06233887300373234, 0.9977194780196093, 0.016167698618825554], [0.0, 0.0, 0.0, 1.0]], "antennas": [-0.14090891854052853, 0.2192218335553986], "body_yaw": -0.0, "check_collision": false}, {"head": [[0.9991741636164907, -0.029590259713424473, 0.027846136022404655, -0.012564962180675722], [0.03125917361238646, 0.9976149536874277, -0.061540785210314634, -0.010032829155885369], [-0.02595871388102375, 0.062360409791176706, 0.9977160540275573, 0.016235840500352594], [0.0, 0.0, 0.0, 1.0]], "antennas": [-0.14090891854052853, 0.2192218335553986], "body_yaw": -0.0, "check_collision": false}, {"head": [[0.9991654578174998, -0.029729267323500445, 0.028009972666073826, -0.012586937223873362], [0.03140934435475905, 0.997607514405455, -0.06158490309299984, -0.010018853814817527], [-0.02611208516282298, 0.06241328277039963, 0.9977087456478829, 0.016235002443914792], [0.0, 0.0, 0.0, 1.0]], "antennas": [-0.14090891854052853, 0.2192218335553986], "body_yaw": -0.0, "check_collision": false}, {"head": [[0.9991773622959736, -0.02949419270589585, 0.027833276341235277, -0.01260997930437416], [0.031160070209977582, 0.9976237029405747, -0.06144914446633671, -0.00955846557122049], [-0.025954743300008864, 0.062265880928185156, 0.997722061183608, 0.016099734674694777], [0.0, 0.0, 0.0, 1.0]], "antennas": [-0.14090891854052853, 0.2192218335553986], "body_yaw": -0.0, "check_collision": false}, {"head": [[0.9991725178607298, -0.029563175965379294, 0.027933817832317347, -0.012626613145672462], [0.03123816897468188, 0.9976142765189376, -0.061562424291977225, -0.009524155366043932], [-0.02604719468500001, 0.062384083806979365, 0.9977122680094722, 0.016091586052484952], [0.0, 0.0, 0.0, 1.0]], "antennas": [-0.14090891854052853, 0.2192218335553986], "body_yaw": -0.0, "check_collision": false}, {"head": [[0.9991827286398821, -0.029450994417116284, 0.027685984100312967, -0.01263514223316447], [0.031107723659058364, 0.9976254271538448, -0.06144767387672476, -0.009483259810125872], [-0.025810546613961077, 0.062258702395341065, 0.9977262498599186, 0.016030793020864242], [0.0, 0.0, 0.0, 1.0]], "antennas": [-0.14090891854052853, 0.2192218335553986], "body_yaw": -0.0, "check_collision": false}, {"head": [[0.9991772838105729, -0.029592482648900607, 0.027731579248220468, -0.012653306250997365], [0.03125230139802172, 0.997619792943593, -0.06146578222482607, -0.009440761136175918], [-0.025846647253619275, 0.06228188900360242, 0.9977238681759046, 0.01600945029221368], [0.0, 0.0, 0.0, 1.0]], "antennas": [-0.14090891854052853, 0.2192218335553986], "body_yaw": -0.0, "check_collision": false}, {"head": [[0.9991828720281583, -0.029585838749426295, 0.027536637250280552, -0.012655810986524334], [0.031234478922635894, 0.9976180487553635, -0.061503139139168786, -0.009330777187709511], [-0.025651424365754173, 0.062312975719616276, 0.997726965399339, 0.015910463083269766], [0.0, 0.0, 0.0, 1.0]], "antennas": [-0.14090891854052853, 0.2192218335553986], "body_yaw": -0.0, "check_collision": false}, {"head": [[0.9991726002045652, -0.029863907377317877, 0.027609093368071134, -0.012688113914737885], [0.031519568481576166, 0.9976020457010898, -0.06161716656692189, -0.00928017266827917], [-0.025702758668732836, 0.0624364112450383, 0.9977179274462583, 0.01589928600928614], [0.0, 0.0, 0.0, 1.0]], "antennas": [-0.14090891854052853, 0.2192218335553986], "body_yaw": -0.0, "check_collision": false}, {"head": [[0.9991660325233446, -0.029968111656825096, 0.027733584969908267, -0.012678604591205804], [0.031628808651075244, 0.9976047386518264, -0.06151750874942083, -0.008852886310387761], [-0.025823592214731194, 0.062343385400100496, 0.9977206244144611, 0.015662541887750348], [0.0, 0.0, 0.0, 1.0]], "antennas": [-0.14090891854052853, 0.2192218335553986], "body_yaw": -0.0, "check_collision": false}, {"head": [[0.9991569801166414, -0.030307544466576818, 0.02769082578401186, -0.01270314280406571], [0.03196860492278723, 0.997585389787464, -0.061655481361227865, -0.00878668475982527], [-0.025755336990316614, 0.06248874163399709, 0.9977132953837567, 0.01564217830278014], [0.0, 0.0, 0.0, 1.0]], "antennas": [-0.14090891854052853, 0.2192218335553986], "body_yaw": -0.0, "check_collision": false}, {"head": [[0.9990012157521174, -0.03348018183139018, 0.029591356006922642, -0.012589840297616223], [0.03527894076079981, 0.9974203359407227, -0.06251455663037206, -0.011406752337416299], [-0.02742202152627271, 0.06349606977154623, 0.9976052735721578, 0.016563856351703765], [0.0, 0.0, 0.0, 1.0]], "antennas": [-0.14090891854052853, 0.2192218335553986], "body_yaw": -0.0, "check_collision": false}, {"head": [[0.9990078418082055, -0.0334709954401987, 0.029377278123635334, -0.012569455052316538], [0.03525367292274066, 0.9974269531787856, -0.06242316571546882, -0.011420782468493075], [-0.02721232351651816, 0.0633968890145775, 0.9976173233821201, 0.016534458069310087], [0.0, 0.0, 0.0, 1.0]], "antennas": [-0.14090891854052853, 0.2192218335553986], "body_yaw": -0.0, "check_collision": false}, {"head": [[0.9990344101489023, -0.03317137530826649, 0.02880810994482443, -0.012631043880754563], [0.034905891063579504, 0.9974684154837838, -0.06195432899585763, -0.011036141110509028], [-0.02668006948065325, 0.06290007927202931, 0.9976631465179416, 0.016329267706890027], [0.0, 0.0, 0.0, 1.0]], "antennas": [-0.14090891854052853, 0.2192218335553986], "body_yaw": -0.0, "check_collision": false}, {"head": [[0.9990388433966619, -0.03320076807487361, 0.028619894896702972, -0.012614007311784055], [0.034915098046973084, 0.997487437963505, -0.06164208816525257, -0.011057964526263859], [-0.026501420962471583, 0.06258210690158145, 0.9976879043983288, 0.016304722994585075], [0.0, 0.0, 0.0, 1.0]], "antennas": [-0.14090891854052853, 0.2192218335553986], "body_yaw": -0.0, "check_collision": false}, {"head": [[0.9990412368290373, -0.03331791459479113, 0.02839936059424371, -0.01266921845277955], [0.03500861388902159, 0.9975067018837478, -0.06127623234646316, -0.011002590630757708], [-0.026286956245961272, 0.06221170520137297, 0.9977167432028295, 0.016403716903824972], [0.0, 0.0, 0.0, 1.0]], "antennas": [-0.14090891854052853, 0.2192218335553986], "body_yaw": -0.0, "check_collision": false}, {"head": [[0.9990142888092058, -0.0337914921282726, 0.02878516657554417, -0.012660077054921975], [0.03551078453454764, 0.997476752470374, -0.061474486275994174, -0.011007428611634024], [-0.02663521985600769, 0.06243607403497881, 0.9976934908689747, 0.016408816684390592], [0.0, 0.0, 0.0, 1.0]], "antennas": [-0.14090891854052853, 0.2192218335553986], "body_yaw": -0.0, "check_collision": false}, {"head": [[0.9990097950754792, -0.03398536488678899, 0.028712790124965817, -0.01272444781180256], [0.03570175035343729, 0.9974655000062884, -0.06154641597124405, -0.010704818410647104], [-0.026548340154317833, 0.06251056927205491, 0.9976911417690014, 0.01636598261880534], [0.0, 0.0, 0.0, 1.0]], "antennas": [-0.14090891854052853, 0.2192218335553986], "body_yaw": -0.0, "check_collision": false}, {"head": [[0.998982530911363, -0.034644094793432924, 0.028873684037046855, -0.012745396870266304], [0.0363811721883403, 0.9974139716301151, -0.06198209021356349, -0.010673306876292454], [-0.026651702462130153, 0.06296948382338562, 0.997659526523396, 0.016378731720124273], [0.0, 0.0, 0.0, 1.0]], "antennas": [-0.14090891854052853, 0.2192218335553986], "body_yaw": -0.0, "check_collision": false}, {"head": [[0.9988521240816955, -0.03708383827074013, 0.030318693187453886, -0.012759635252563352], [0.038936833675095706, 0.9972535395787737, -0.06300238710529538, -0.012611437368481991], [-0.027899053762507897, 0.06411058209622766, 0.9975527434990291, 0.017223729560935874], [0.0, 0.0, 0.0, 1.0]], "antennas": [-0.14090891854052853, 0.2192218335553986], "body_yaw": -0.0, "check_collision": false}, {"head": [[0.9988331682264522, -0.03764725905752519, 0.030248734455568718, -0.01279080926725808], [0.039504172579319145, 0.9972100545667806, -0.06333661989514258, -0.012631756983654449], [-0.0277798919999933, 0.06445766794085858, 0.9975337020091575, 0.017260987153946805], [0.0, 0.0, 0.0, 1.0]], "antennas": [-0.14090891854052853, 0.2192218335553986], "body_yaw": -0.0, "check_collision": false}, {"head": [[0.998820943238831, -0.03838530002153199, 0.029720230311172692, -0.012853409111119379], [0.040202827043180935, 0.9971916388794699, -0.0631867711361565, -0.012395689650116675], [-0.02721132200442035, 0.06430710762531555, 0.9975590909132341, 0.017277497227629113], [0.0, 0.0, 0.0, 1.0]], "antennas": [-0.14090891854052853, 0.2192218335553986], "body_yaw": -0.0, "check_collision": false}, {"head": [[0.9988009434132401, -0.038940150326498904, 0.029670526273924455, -0.012872809056405221], [0.04075968775914118, 0.9971547542681768, -0.06341170155538903, -0.012403238994747802], [-0.027116845144656683, 0.06454502872353593, 0.9975462976606545, 0.01730409960645546], [0.0, 0.0, 0.0, 1.0]], "antennas": [-0.14090891854052853, 0.2192218335553986], "body_yaw": -0.0, "check_collision": false}, {"head": [[0.9988051811518495, -0.038859401364055496, 0.02963371441194505, -0.012875443974251184], [0.04067562894709818, 0.99716068042588, -0.06337247527400339, -0.011915870491752007], [-0.027086958374455152, 0.06450212661783661, 0.9975498846412632, 0.017118717258033433], [0.0, 0.0, 0.0, 1.0]], "antennas": [-0.14090891854052853, 0.2192218335553986], "body_yaw": -0.0, "check_collision": false}, {"head": [[0.99880429724601, -0.03892043623974702, 0.02958336434234234, -0.012846597900809322], [0.040734772785654905, 0.9971548410112764, -0.06342634573958392, -0.01190492755179114], [-0.02703061392208941, 0.06455557830802813, 0.9975479553486695, 0.017110645486369813], [0.0, 0.0, 0.0, 1.0]], "antennas": [-0.14090891854052853, 0.2192218335553986], "body_yaw": -0.0, "check_collision": false}, {"head": [[0.9988406058387516, -0.03832912446590936, 0.029125973723685035, -0.012805349448128807], [0.040115401021710545, 0.9971787514124387, -0.06344519156246055, -0.011747966690644032], [-0.026612003467294726, 0.06454003369387716, 0.9975602163890911, 0.016981987243966934], [0.0, 0.0, 0.0, 1.0]], "antennas": [-0.14090891854052853, 0.2192218335553986], "body_yaw": -0.0, "check_collision": false}, {"head": [[0.9988548062837016, -0.03820183624648346, 0.028804438396640347, -0.012779749484086823], [0.03995555703238114, 0.9972140218185817, -0.06299006390409072, -0.011751117944760482], [-0.026317853753319694, 0.06406882545986119, 0.9975983942338784, 0.01695269405353017], [0.0, 0.0, 0.0, 1.0]], "antennas": [-0.14090891854052853, 0.2192218335553986], "body_yaw": -0.0, "check_collision": false}, {"head": [[0.998860923279451, -0.03810842903452639, 0.028715911649176324, -0.012807755720988787], [0.039852477275322616, 0.9972281012278629, -0.0628322701841275, -0.01158142254604027], [-0.026241874939545166, 0.06390509962430048, 0.9976108972147736, 0.016826775394219562], [0.0, 0.0, 0.0, 1.0]], "antennas": [-0.14090891854052853, 0.2192218335553986], "body_yaw": -0.0, "check_collision": false}, {"head": [[0.9988250627849111, -0.03873960403242908, 0.029115924030140006, -0.012831825597734974], [0.040515387646655736, 0.9971843934555341, -0.06310141688234579, -0.011595876890372062], [-0.026589421139985265, 0.06420691962809759, 0.9975823144760093, 0.01685109670929097], [0.0, 0.0, 0.0, 1.0]], "antennas": [-0.14090891854052853, 0.2192218335553986], "body_yaw": -0.0, "check_collision": false}, {"head": [[0.9988151322837185, -0.03891536393805674, 0.02922201174843925, -0.012915972333576916], [0.04071326694527408, 0.9971392640876244, -0.06368451860093774, -0.011369154439584056], [-0.0266601090714232, 0.06479878443581272, 0.9975421575652532, 0.016796805409811655], [0.0, 0.0, 0.0, 1.0]], "antennas": [-0.14090891854052853, 0.2192218335553986], "body_yaw": -0.0, "check_collision": false}, {"head": [[0.9988020271215898, -0.03933289982597737, 0.029110712960739284, -0.0129553717301543], [0.041144180407749, 0.9970700628290554, -0.06448601576030365, -0.011375139581405604], [-0.026488998402686495, 0.06560649968824094, 0.9974939198623114, 0.01683619709385409], [0.0, 0.0, 0.0, 1.0]], "antennas": [-0.14090891854052853, 0.2192218335553986], "body_yaw": -0.0, "check_collision": false}, {"head": [[0.9988137140162183, -0.03933116192254617, 0.02870930850701442, -0.012953211965461798], [0.04112309507925993, 0.9970535804852919, -0.06475375427388091, -0.011073552548998488], [-0.026077878445736793, 0.06585755342618232, 0.9974882089090013, 0.016760598012038552], [0.0, 0.0, 0.0, 1.0]], "antennas": [-0.14090891854052853, 0.2192218335553986], "body_yaw": -0.0, "check_collision": false}, {"head": [[0.9988100250512671, -0.039620302672547424, 0.028438802246625327, -0.012966539170220264], [0.04139938588041998, 0.9970283348290958, -0.06496607111904143, -0.011067951776950097], [-0.025780316247304137, 0.06606611207007718, 0.9974821522865123, 0.016772605340175273], [0.0, 0.0, 0.0, 1.0]], "antennas": [-0.14090891854052853, 0.2192218335553986], "body_yaw": -0.0, "check_collision": false}, {"head": [[0.9988208798067021, -0.03952745126922045, 0.02818564631731545, -0.012931164514223917], [0.04128382361246966, 0.9970487268229096, -0.06472620990564404, -0.010637409813174495], [-0.02554400066747352, 0.06581350117547616, 0.9975049308614597, 0.016629120114738105], [0.0, 0.0, 0.0, 1.0]], "antennas": [-0.14090891854052853, 0.2192218335553986], "body_yaw": -0.0, "check_collision": false}, {"head": [[0.9988228153655603, -0.03974741028055578, 0.027805159255159802, -0.012923200689499915], [0.041480727838419114, 0.9970343860654767, -0.06482115565949642, -0.010626632696903553], [-0.02514622681856329, 0.06589822743463464, 0.9975094440143222, 0.016620291850195257], [0.0, 0.0, 0.0, 1.0]], "antennas": [-0.14090891854052853, 0.2192218335553986], "body_yaw": -0.0, "check_collision": false}, {"head": [[0.998835130934621, -0.039806601380529764, 0.027272984753232626, -0.012947899885069261], [0.04151615875994872, 0.9970026621808527, -0.06528476212801251, -0.010781542657066307], [-0.024592473902338232, 0.06634098349304182, 0.9974939018041857, 0.016592954155072726], [0.0, 0.0, 0.0, 1.0]], "antennas": [-0.14090891854052853, 0.2192218335553986], "body_yaw": -0.0, "check_collision": false}, {"head": [[0.9988328839209101, -0.04003366930575617, 0.027021756422469734, -0.01294168923735234], [0.04172791904510819, 0.9969890208880423, -0.0653580370028644, -0.010782119561012138], [-0.024323872438467217, 0.06640931825143405, 0.9974959406829569, 0.016571468621225605], [0.0, 0.0, 0.0, 1.0]], "antennas": [-0.14090891854052853, 0.2192218335553986], "body_yaw": -0.0, "check_collision": false}, {"head": [[0.9988515426521392, -0.03989423308753652, 0.02653386341639013, -0.012972538578345153], [0.041551815581055945, 0.9970087221705232, -0.06516942947286711, -0.010557892975711386], [-0.023854608849449975, 0.06619711536206385, 0.9975213779936658, 0.016482101008019667], [0.0, 0.0, 0.0, 1.0]], "antennas": [-0.14090891854052853, 0.2192218335553986], "body_yaw": -0.0, "check_collision": false}, {"head": [[0.9988476117796563, -0.040049579171015356, 0.026447677597499438, -0.012962205253486852], [0.04170193700685418, 0.9970003377798021, -0.06520180148459487, -0.01053753080263285], [-0.023757038787548142, 0.06622958308176735, 0.9975215513626069, 0.016446588050795685], [0.0, 0.0, 0.0, 1.0]], "antennas": [-0.14090891854052853, 0.2192218335553986], "body_yaw": -0.0, "check_collision": false}, {"head": [[0.9987216751003714, -0.042228546436073, 0.027780668649345207, -0.012936224182225481], [0.04397460597100136, 0.9968783163242069, -0.06557329084550897, -0.012404473385464241], [-0.02492488143208423, 0.06671111083253647, 0.9974609656408042, 0.017197627817768457], [0.0, 0.0, 0.0, 1.0]], "antennas": [-0.14090891854052853, 0.2192218335553986], "body_yaw": -0.0, "check_collision": false}, {"head": [[0.9987196631300538, -0.04255547644283276, 0.027350793445804118, -0.012928720238726541], [0.04427296420309961, 0.9968631576123417, -0.06560296971801215, -0.012433538327972931], [-0.024473232685172496, 0.06672987651625668, 0.9974708940425592, 0.017175365814302956], [0.0, 0.0, 0.0, 1.0]], "antennas": [-0.14090891854052853, 0.2192218335553986], "body_yaw": -0.0, "check_collision": false}, {"head": [[0.998739284451795, -0.042545274397884, 0.026640970686623737, -0.012936276248260825], [0.04421219879759013, 0.9968746727649187, -0.06546883439713104, -0.012172672270594905], [-0.023772319411432256, 0.06656415271184148, 0.9974989174949292, 0.01701638912653164], [0.0, 0.0, 0.0, 1.0]], "antennas": [-0.14090891854052853, 0.2192218335553986], "body_yaw": -0.0, "check_collision": false}, {"head": [[0.9987399688677047, -0.04282067275050074, 0.02616991729698177, -0.01292546632505178], [0.04445611394004633, 0.9968626882539063, -0.06548614128611323, -0.012178227769777027], [-0.02328365348234594, 0.06656703953451505, 0.9975102509388686, 0.01699676820789281], [0.0, 0.0, 0.0, 1.0]], "antennas": [-0.14090891854052853, 0.2192218335553986], "body_yaw": -0.0, "check_collision": false}, {"head": [[0.9987577088592611, -0.04275526526981827, 0.025593481316675278, -0.012898086686655064], [0.04435034548726336, 0.9968734463822922, -0.06539402689123364, -0.011964807475850008], [-0.02271752295827857, 0.06644786820958579, 0.9975312501175297, 0.016902855008285422], [0.0, 0.0, 0.0, 1.0]], "antennas": [-0.14090891854052853, 0.2192218335553986], "body_yaw": -0.0, "check_collision": false}, {"head": [[0.998777413776864, -0.04259409367390022, 0.025088262460712295, -0.012914151699659619], [0.04415377430287671, 0.9968884128248436, -0.06529882533686385, -0.011735328587135942], [-0.022228853861798563, 0.06632673337096168, 0.9975503207840333, 0.0168000608226882], [0.0, 0.0, 0.0, 1.0]], "antennas": [-0.14090891854052853, 0.2192218335553986], "body_yaw": -0.0, "check_collision": false}, {"head": [[0.9987801445238519, -0.04259015701636341, 0.024986024698526003, -0.012898071218818865], [0.044142874378065834, 0.9968894449902714, -0.0652904365786542, -0.011702003260695934], [-0.022127574348674996, 0.0663137466315279, 0.997553435892601, 0.01678135969939354], [0.0, 0.0, 0.0, 1.0]], "antennas": [-0.14090891854052853, 0.2192218335553986], "body_yaw": -0.0, "check_collision": false}, {"head": [[0.9987839705156004, -0.042547909569434855, 0.024904931888354763, -0.012879119815013242], [0.04409448384440956, 0.9968940828295476, -0.06525231117692647, -0.011661849522462592], [-0.02205122979762128, 0.0662711325594073, 0.9975579583431261, 0.016757407518637246], [0.0, 0.0, 0.0, 1.0]], "antennas": [-0.14090891854052853, 0.2192218335553986], "body_yaw": -0.0, "check_collision": false}, {"head": [[0.9988093845727073, -0.042267316742508165, 0.024357488065851883, -0.012850888797773206], [0.04377642372398147, 0.9969132808185612, -0.06517311756783387, -0.011466685934636496], [-0.021527610536891, 0.0661618051670354, 0.9975766524541415, 0.016626815776107473], [0.0, 0.0, 0.0, 1.0]], "antennas": [-0.14090891854052853, 0.2192218335553986], "body_yaw": -0.0, "check_collision": false}, {"head": [[0.9988289754347237, -0.04199963998435993, 0.024014746994389102, -0.012828122253568044], [0.04348231138661497, 0.9969392322801087, -0.0649727307200888, -0.011148871314768086], [-0.021212412132942823, 0.0659408627630233, 0.9975980333729465, 0.01639222747753849], [0.0, 0.0, 0.0, 1.0]], "antennas": [-0.14090891854052853, 0.2192218335553986], "body_yaw": -0.0, "check_collision": false}, {"head": [[0.9988335833283233, -0.04196449606097725, 0.023884176474182284, -0.012800295277218966], [0.04343808782556562, 0.9969428011249037, -0.06494754661485912, -0.011088385433601187], [-0.02108566673264342, 0.06590927366902986, 0.9976028078864158, 0.016341621787196503], [0.0, 0.0, 0.0, 1.0]], "antennas": [-0.14090891854052853, 0.2192218335553986], "body_yaw": -0.0, "check_collision": false}, {"head": [[0.9988364547864067, -0.04178905300790295, 0.024070970865853948, -0.012771780173506653], [0.0432740653169162, 0.9969536863105554, -0.06488992697438986, -0.011028285449298613], [-0.021285954539775352, 0.06585607337593896, 0.9976020678300708, 0.01629538439501249], [0.0, 0.0, 0.0, 1.0]], "antennas": [-0.14090891854052853, 0.2192218335553986], "body_yaw": -0.0, "check_collision": false}, {"head": [[0.9988467670077739, -0.041272539615448196, 0.024529849404524632, -0.01275642421080341], [0.04279213246230678, 0.9969644217201931, -0.0650444096248776, -0.011122430213250944], [-0.021770839153459124, 0.0660190828307372, 0.9975808294392701, 0.016269578174994248], [0.0, 0.0, 0.0, 1.0]], "antennas": [-0.14090891854052853, 0.2192218335553986], "body_yaw": -0.0, "check_collision": false}, {"head": [[0.9988513931292815, -0.040801981559681566, 0.02512155935639574, -0.012745533015661416], [0.04236731276083559, 0.9969657727246888, -0.06530129267395698, -0.011287944491300519], [-0.022380912696292055, 0.0662906201228172, 0.9975493213022669, 0.01630691707093629], [0.0, 0.0, 0.0, 1.0]], "antennas": [-0.14090891854052853, 0.2192218335553986], "body_yaw": -0.0, "check_collision": false}, {"head": [[0.9988257095236232, -0.04074879069083516, 0.02620568739538869, -0.01271265670699512], [0.04238545682652023, 0.996966947498098, -0.06527157609504687, -0.011270088218190026], [-0.023466466377312065, 0.06630566833656691, 0.997523374814948, 0.016269521797404485], [0.0, 0.0, 0.0, 1.0]], "antennas": [-0.14090891854052853, 0.2192218335553986], "body_yaw": -0.0, "check_collision": false}, {"head": [[0.9987902870787879, -0.04086469679701944, 0.02735030151132154, -0.012677280115992758], [0.042580592713693466, 0.9969494064294937, -0.0654123393866247, -0.011254939685510187], [-0.024593811441561537, 0.06649780128371229, 0.9974834268614235, 0.016226991031893734], [0.0, 0.0, 0.0, 1.0]], "antennas": [-0.14090891854052853, 0.2192218335553986], "body_yaw": -0.0, "check_collision": false}, {"head": [[0.998617846994808, -0.04316660562140134, 0.029983992772485486, -0.012451302647424216], [0.04506453297634535, 0.9968142310803129, -0.06580711651020968, -0.012635465747510951], [-0.027047800854744952, 0.06706737563742024, 0.9973817642177097, 0.01678093325338459], [0.0, 0.0, 0.0, 1.0]], "antennas": [-0.14090891854052853, 0.2192218335553986], "body_yaw": -0.0, "check_collision": false}, {"head": [[0.9985637681306808, -0.043462646193438474, 0.031327294210000925, -0.012412472386806359], [0.045455094002439016, 0.9967852592369756, -0.06597712783309756, -0.012664065216137938], [-0.028359044516439592, 0.06730635448261518, 0.9973292431491093, 0.016751687542684857], [0.0, 0.0, 0.0, 1.0]], "antennas": [-0.14090891854052853, 0.2192218335553986], "body_yaw": -0.0, "check_collision": false}, {"head": [[0.9985256270863965, -0.04349290451444816, 0.032479829257802066, -0.012558967258694965], [0.04557007029689442, 0.996764102844086, -0.06621700668680806, -0.012663428479437668], [-0.029494757921620245, 0.06759948622823829, 0.9972764755657397, 0.016930084849801907], [0.0, 0.0, 0.0, 1.0]], "antennas": [-0.14090891854052853, 0.2192218335553986], "body_yaw": -0.0, "check_collision": false}, {"head": [[0.9984530527097047, -0.04378202508709173, 0.03427296039073218, -0.012574078663285713], [0.04598930549711313, 0.9967253102946598, -0.06651044728392154, -0.01268769874522192], [-0.03124876500863077, 0.06798374877341919, 0.9971969337037434, 0.01691865554791394], [0.0, 0.0, 0.0, 1.0]], "antennas": [-0.14090891854052853, 0.2192218335553986], "body_yaw": -0.0, "check_collision": false}, {"head": [[0.9983766405497773, -0.04383081813528936, 0.03637228321307524, -0.012622487119385477], [0.04617375087863192, 0.9967312303244623, -0.06629358359360124, -0.012045144287677301], [-0.03334768859065053, 0.06786541002215302, 0.9971370105397683, 0.016669855613587248], [0.0, 0.0, 0.0, 1.0]], "antennas": [-0.14090891854052853, 0.2192218335553986], "body_yaw": -0.0, "check_collision": false}, {"head": [[0.9982727660237032, -0.044107615294506304, 0.03880725303879224, -0.01261970717809284], [0.04662572868314314, 0.9966915810683714, -0.06657276959986155, -0.01205485954524158], [-0.035742496277553694, 0.06826719930143729, 0.9970266112092431, 0.016653954526813286], [0.0, 0.0, 0.0, 1.0]], "antennas": [-0.14090891854052853, 0.2192218335553986], "body_yaw": -0.0, "check_collision": false}, {"head": [[0.998179238916694, -0.0439345181023723, 0.04132753458412217, -0.01272228567284179], [0.04665626259582832, 0.996636002468929, -0.0673785703569174, -0.01224470999008183], [-0.03822826384075798, 0.0691840783841577, 0.9968711868350174, 0.016480154093387267], [0.0, 0.0, 0.0, 1.0]], "antennas": [-0.14090891854052853, 0.2192218335553986], "body_yaw": -0.0, "check_collision": false}, {"head": [[0.9980534785053679, -0.0441547807894627, 0.044040996546060404, -0.012696399571773665], [0.04709898319063369, 0.9965578846027378, -0.06822073305473411, -0.01225885858809807], [-0.040877130840410184, 0.07016222608748515, 0.9966977085379022, 0.016420252662423362], [0.0, 0.0, 0.0, 1.0]], "antennas": [-0.14090891854052853, 0.2192218335553986], "body_yaw": -0.0, "check_collision": false}, {"head": [[0.9979517596267697, -0.04390208497987918, 0.04652840414470746