{"description": "You nod to show you\u2019ve understood what your interlocutor said.", "time": [0.0, 0.010040044784545898, 0.020082950592041016, 0.03021407127380371, 0.04019498825073242, 0.05035519599914551, 0.060535430908203125, 0.07053375244140625, 0.08050894737243652, 0.09066557884216309, 0.10065937042236328, 0.11077260971069336, 0.12080597877502441, 0.13085484504699707, 0.1408858299255371, 0.15093231201171875, 0.16103243827819824, 0.1710224151611328, 0.18105721473693848, 0.1912529468536377, 0.20175385475158691, 0.21134233474731445, 0.22147274017333984, 0.2316439151763916, 0.24158239364624023, 0.2516801357269287, 0.26174449920654297, 0.27174973487854004, 0.2818775177001953, 0.2920360565185547, 0.3020298480987549, 0.31209373474121094, 0.3220236301422119, 0.33205103874206543, 0.3421165943145752, 0.35210466384887695, 0.3623523712158203, 0.37229275703430176, 0.3825840950012207, 0.39255309104919434, 0.40250658988952637, 0.41251635551452637, 0.4225778579711914, 0.4326751232147217, 0.44268059730529785, 0.45287656784057617, 0.46291017532348633, 0.4729006290435791, 0.4829699993133545, 0.49308156967163086, 0.503321647644043, 0.513218879699707, 0.5232789516448975, 0.5332648754119873, 0.5433154106140137, 0.5533566474914551, 0.5634381771087646, 0.5734226703643799, 0.583505392074585, 0.5936543941497803, 0.6036503314971924, 0.6136901378631592, 0.6238729953765869, 0.6338872909545898, 0.6438722610473633, 0.6540050506591797, 0.6640801429748535, 0.6740548610687256, 0.6842148303985596, 0.6941854953765869, 0.7042379379272461, 0.7142724990844727, 0.7245149612426758, 0.734440803527832, 0.7445468902587891, 0.7546303272247314, 0.7648117542266846, 0.7748298645019531, 0.7849454879760742, 0.7952141761779785, 0.8048949241638184, 0.8149473667144775, 0.8250820636749268, 0.8350541591644287, 0.845142126083374, 0.8551003932952881, 0.8653547763824463, 0.8753125667572021, 0.8855798244476318, 0.8954770565032959, 0.9055418968200684, 0.915647029876709, 0.925666332244873, 0.935741662979126, 0.9457347393035889, 0.9557864665985107, 0.965888500213623, 0.9758672714233398, 0.9860031604766846, 0.9960143566131592, 1.0061399936676025, 1.0161092281341553, 1.0261754989624023, 1.0362179279327393, 1.046271562576294, 1.0564019680023193, 1.0665390491485596, 1.0764999389648438, 1.0865933895111084, 1.0967020988464355, 1.1067616939544678, 1.1181566715240479, 1.1271004676818848, 1.137019395828247, 1.1470897197723389, 1.1570179462432861, 1.1670944690704346, 1.1770451068878174, 1.18717360496521, 1.1972534656524658, 1.2072386741638184, 1.217348575592041, 1.2274868488311768, 1.237471580505371, 1.247539758682251, 1.257589340209961, 1.267655372619629, 1.2777588367462158, 1.2877984046936035, 1.2978763580322266, 1.307939052581787, 1.3180055618286133, 1.3280456066131592, 1.3381028175354004, 1.348121166229248, 1.3583197593688965, 1.3683009147644043, 1.3784501552581787, 1.38838529586792, 1.3985247611999512, 1.408505916595459, 1.4185419082641602, 1.4287221431732178, 1.4387130737304688, 1.4487500190734863, 1.458885669708252, 1.468944787979126, 1.4789624214172363, 1.4889976978302002, 1.4990811347961426, 1.5091867446899414, 1.5192227363586426, 1.5293006896972656, 1.5393455028533936, 1.5494518280029297, 1.559553623199463, 1.5696086883544922, 1.5795860290527344, 1.589888095855713, 1.5996856689453125, 1.609710693359375, 1.6199908256530762, 1.6300270557403564, 1.6400749683380127, 1.6499953269958496, 1.6600468158721924, 1.6700854301452637, 1.6801867485046387, 1.6902132034301758, 1.700207233428955, 1.7102532386779785, 1.7204327583312988, 1.7304306030273438, 1.7405049800872803, 1.7505581378936768, 1.7606337070465088, 1.7707812786102295, 1.780710220336914, 1.7908296585083008, 1.80082368850708, 1.8108994960784912, 1.820955514907837, 1.8310215473175049, 1.8409430980682373, 1.851013422012329, 1.8611509799957275, 1.8711926937103271, 1.881232500076294, 1.891340970993042, 1.901376485824585, 1.9114139080047607, 1.921480417251587, 1.9315669536590576, 1.941579818725586, 1.9516642093658447, 1.9618604183197021, 1.9717602729797363, 1.9818005561828613, 1.9919261932373047, 2.002002000808716, 2.012075185775757, 2.0220675468444824, 2.032137393951416, 2.042135000228882, 2.05224609375, 2.0626375675201416, 2.072406768798828, 2.0824670791625977, 2.0925073623657227, 2.1026265621185303, 2.112769842147827, 2.122774839401245, 2.132869243621826, 2.142760753631592, 2.1529181003570557, 2.1629812717437744, 2.1729671955108643, 2.1830153465270996, 2.1933794021606445, 2.2033252716064453, 2.213418960571289, 2.2235612869262695, 2.2335329055786133, 2.243548631668091, 2.25366473197937, 2.263883113861084, 2.2737619876861572, 2.2837870121002197, 2.2940175533294678, 2.304020404815674, 2.31398344039917, 2.3240931034088135, 2.3341026306152344, 2.3442132472991943, 2.35422420501709, 2.3643271923065186, 2.374418258666992, 2.384397029876709, 2.394545555114746, 2.4045467376708984, 2.4145865440368652, 2.424710988998413, 2.4347755908966064, 2.444788694381714, 2.4548487663269043, 2.464928388595581, 2.474987506866455, 2.4850516319274902, 2.4951679706573486, 2.5055322647094727, 2.515255928039551, 2.525568962097168, 2.535376787185669, 2.5453975200653076, 2.5554420948028564, 2.5655641555786133, 2.575551748275757, 2.5856168270111084, 2.5957536697387695, 2.605778455734253, 2.6159555912017822, 2.626108169555664, 2.636014699935913, 2.6460001468658447, 2.6561102867126465, 2.666152238845825, 2.676194190979004, 2.686401844024658, 2.6963114738464355, 2.7063496112823486, 2.7163889408111572, 2.7264702320098877, 2.7365341186523438, 2.746619701385498, 2.7566654682159424, 2.7667319774627686, 2.7767715454101562, 2.7868478298187256, 2.7969603538513184, 2.8069825172424316, 2.8171310424804688, 2.827094793319702, 2.83711838722229, 2.847198963165283, 2.857625961303711, 2.8673946857452393, 2.8774240016937256, 2.8874566555023193, 2.8974971771240234, 2.9075727462768555, 2.917574167251587, 2.9277830123901367, 2.9377150535583496, 2.9477763175964355, 2.957911252975464, 2.9679322242736816, 2.978050708770752, 2.9880735874176025, 2.9981577396392822, 3.0080881118774414, 3.0182223320007324, 3.028337240219116, 3.03831148147583, 3.048341751098633, 3.0586183071136475, 3.068804979324341, 3.078810930252075, 3.0888988971710205, 3.098994016647339, 3.1088507175445557, 3.11909556388855, 3.1297011375427246, 3.1392979621887207, 3.1493160724639893, 3.159376621246338, 3.1693766117095947, 3.179441213607788, 3.1895029544830322, 3.1995973587036133, 3.2096099853515625, 3.2196688652038574, 3.229779005050659, 3.2398297786712646, 3.2499732971191406, 3.2599563598632812, 3.2700037956237793, 3.2800302505493164, 3.2901768684387207, 3.3001692295074463, 3.3101630210876465, 3.3202474117279053, 3.3303205966949463, 3.340313196182251, 3.350426197052002, 3.360494613647461, 3.37056565284729, 3.3806517124176025, 3.390681028366089, 3.400803327560425, 3.4108238220214844, 3.420875072479248, 3.4309871196746826, 3.440993070602417, 3.4510889053344727, 3.4612364768981934, 3.471122980117798, 3.481201648712158, 3.4912850856781006, 3.5013585090637207, 3.5114481449127197, 3.5214667320251465, 3.5315327644348145, 3.5415360927581787, 3.5516464710235596, 3.5617244243621826, 3.5717575550079346, 3.581876277923584, 3.592006206512451, 3.6020565032958984, 3.611981153488159, 3.6220171451568604, 3.632167339324951, 3.6423919200897217, 3.652233839035034, 3.6623494625091553, 3.6723315715789795, 3.6825408935546875, 3.692525625228882, 3.7025842666625977, 3.7125768661499023, 3.7226829528808594, 3.7327661514282227, 3.7428138256073, 3.7529067993164062, 3.76304292678833, 3.7730045318603516, 3.7830722332000732, 3.7931392192840576, 3.803201675415039, 3.813246250152588, 3.8232622146606445, 3.833388566970825, 3.8434157371520996, 3.8537068367004395, 3.863891839981079, 3.8736374378204346, 3.883694887161255, 3.8938100337982178, 3.9038219451904297, 3.913886785507202, 3.923933267593384, 3.9339828491210938, 3.9440629482269287, 3.9541707038879395], "set_target_data": [{"head": [[0.9982901445108082, -0.0086842314157058, -0.05780459754473023, -0.0012129366999312774], [0.0029439529498039687, 0.9951170081277985, -0.09865836647648583, -0.017815915861786415], [0.05837911025032075, 0.09831950091155726, 0.993441067817756, 0.02], [0.0, 0.0, 0.0, 1.0]], "antennas": [-0.12038872970924998, 0.12513767856507926], "body_yaw": -0.01828803373201769, "check_collision": false}, {"head": [[0.9983097814743899, -0.008707982631794774, -0.05746086712746605, -0.0012742830830839297], [0.0030524806925196503, 0.9952027518479698, -0.09778632356239877, -0.01675618538635667], [0.058036734696033196, 0.09744564511928028, 0.9935472226689125, 0.02], [0.0, 0.0, 0.0, 1.0]], "antennas": [-0.12038872970924998, 0.12513767856507926], "body_yaw": -0.01828803373201769, "check_collision": false}, {"head": [[0.9983311115783979, -0.009543243814132523, -0.056955404942323935, -0.0013370387577094495], [0.003965640269489474, 0.9952520874411565, -0.09724996730731363, -0.01685944143083014], [0.05761306580883437, 0.09686180331546894, 0.9936289678278216, 0.02], [0.0, 0.0, 0.0, 1.0]], "antennas": [-0.12038872970924998, 0.12513767856507926], "body_yaw": -0.01828803373201769, "check_collision": false}, {"head": [[0.9983164059213314, -0.009689828438804093, -0.0571879435995275, -0.0013056535497428454], [0.004141468017676288, 0.9953387178403328, -0.09635188119918434, -0.01606436170174184], [0.05785500765685507, 0.09595282170311464, 0.9937031015832829, 0.02], [0.0, 0.0, 0.0, 1.0]], "antennas": [-0.12038872970924998, 0.12513767856507926], "body_yaw": -0.01828803373201769, "check_collision": false}, {"head": [[0.9983321428732943, -0.01044804693765257, -0.05677826011076162, -0.0013718801495884968], [0.0049550953340807904, 0.9953654645496349, -0.09603665452378121, -0.01613723267513475], [0.057518514725667824, 0.09559513741335668, 0.9937571082345399, 0.02], [0.0, 0.0, 0.0, 1.0]], "antennas": [-0.12038872970924998, 0.12513767856507926], "body_yaw": -0.01828803373201769, "check_collision": false}, {"head": [[0.9983237761596545, -0.010389608814777435, -0.05693587606250011, -0.0012219106309424334], [0.004931728963292513, 0.9954483653887861, -0.09517473348650275, -0.015410742389925913], [0.0576655530083697, 0.09473440702020626, 0.9938310098415974, 0.02], [0.0, 0.0, 0.0, 1.0]], "antennas": [-0.12038872970924998, 0.12513767856507926], "body_yaw": -0.01828803373201769, "check_collision": false}, {"head": [[0.9983182526617337, -0.010866015670492437, -0.056943797782298, -0.001218350151996752], [0.0054512912983793755, 0.995519895724723, -0.09439502444205797, -0.01585538734686121], [0.05771438144520694, 0.09392585863160965, 0.9939049166065695, 0.02], [0.0, 0.0, 0.0, 1.0]], "antennas": [-0.12038872970924998, 0.12513767856507926], "body_yaw": -0.01828803373201769, "check_collision": false}, {"head": [[0.9983237060690855, -0.010804819765374485, -0.05685977286556671, -0.0012107891796544132], [0.005414292789060247, 0.9955464018103093, -0.09411719968284453, -0.015949963075111376], [0.057623461663461294, 0.09365157613400786, 0.9939360738767536, 0.02], [0.0, 0.0, 0.0, 1.0]], "antennas": [-0.12038872970924998, 0.12513767856507926], "body_yaw": -0.01828803373201769, "check_collision": false}, {"head": [[0.998342928117498, -0.01052796153134893, -0.05657349117541254, -0.001186598151790376], [0.00518177616838328, 0.9955749249076272, -0.09382813059479102, -0.016058670423345727], [0.05731096817818399, 0.09337949946945968, 0.9939797392328036, 0.02], [0.0, 0.0, 0.0, 1.0]], "antennas": [-0.12038872970924998, 0.12513767856507926], "body_yaw": -0.01828803373201769, "check_collision": false}, {"head": [[0.9983463347583457, -0.010220865672206019, -0.05656968958274568, -0.0010285745018139385], [0.004904693294147989, 0.9956233140882439, -0.09332824024716513, -0.015647584897434872], [0.057275997226306094, 0.0928964496030551, 0.9940270166312782, 0.02], [0.0, 0.0, 0.0, 1.0]], "antennas": [-0.12038872970924998, 0.12513767856507926], "body_yaw": -0.01828803373201769, "check_collision": false}, {"head": [[0.9982932405412617, -0.00886943721716671, -0.05772295014184408, -0.0009691246916608554], [0.0034749454473968003, 0.9956700966210845, -0.09289232179625156, -0.014850289414037621], [0.05829691796111263, 0.09253319284457592, 0.9940015480763721, 0.02], [0.0, 0.0, 0.0, 1.0]], "antennas": [-0.12038872970924998, 0.12513767856507926], "body_yaw": -0.01828803373201769, "check_collision": false}, {"head": [[0.9982611750224728, -0.008355791351635146, -0.05835072573362024, -0.0009473532490928277], [0.002883079602358494, 0.9956384305647652, -0.09325129186524943, -0.014919229959291434], [0.05887541332983316, 0.09292091440262203, 0.9939312800047205, 0.02], [0.0, 0.0, 0.0, 1.0]], "antennas": [-0.12038872970924998, 0.12513767856507926], "body_yaw": -0.01828803373201769, "check_collision": false}, {"head": [[0.9982124031051125, -0.0075050952109304405, -0.059293101057300374, -0.0008327689338912987], [0.001954601689114336, 0.9956529911651434, -0.09311981913717335, -0.014407782167326692], [0.05973422653180735, 0.09283746404215182, 0.9938878344415274, 0.02], [0.0, 0.0, 0.0, 1.0]], "antennas": [-0.12038872970924998, 0.12513767856507926], "body_yaw": -0.01828803373201769, "check_collision": false}, {"head": [[0.9982050356816253, -0.007623009106584839, -0.05940199047175078, -0.0008476183387618116], [0.002050241056983774, 0.9956344105814353, -0.09331622033583536, -0.014445631644321763], [0.05985401616811778, 0.0930269326502752, 0.9938629113465437, 0.02], [0.0, 0.0, 0.0, 1.0]], "antennas": [-0.12038872970924998, 0.12513767856507926], "body_yaw": -0.01828803373201769, "check_collision": false}, {"head": [[0.9982210671699204, -0.007900418707484189, -0.05909555349086489, -0.0008680405061627164], [0.0023495641740791475, 0.9956244002838174, -0.09341591463814382, -0.014483718097854412], [0.05957499984336654, 0.0931108852054126, 0.9938718138924795, 0.02], [0.0, 0.0, 0.0, 1.0]], "antennas": [-0.12038872970924998, 0.12513767856507926], "body_yaw": -0.01828803373201769, "check_collision": false}, {"head": [[0.9982011817842983, -0.0073118305685501445, -0.05950577970388413, -0.0006548054765018324], [0.0017471965265363014, 0.9956614100439938, -0.0930338855122354, -0.013603123558488004], [0.0599278565337359, 0.09276256617269102, 0.9938831713679074, 0.02], [0.0, 0.0, 0.0, 1.0]], "antennas": [-0.12038872970924998, 0.12513767856507926], "body_yaw": -0.01828803373201769, "check_collision": false}, {"head": [[0.9982258207785732, -0.007425002796513832, -0.05907689958363958, -0.000646648865009463], [0.0018998994416759081, 0.9956609670260769, -0.09303563361857098, -0.013605461477201123], [0.05951135280814235, 0.09275833156201774, 0.9939085927854611, 0.02], [0.0, 0.0, 0.0, 1.0]], "antennas": [-0.12038872970924998, 0.12513767856507926], "body_yaw": -0.01828803373201769, "check_collision": false}, {"head": [[0.9982121209700916, -0.007060176434840169, -0.059352467995025575, -0.0006001532027481368], [0.0015325055698638041, 0.995695963801184, -0.09266714140789101, -0.013192897180926587], [0.059751259192337904, 0.09241050578121873, 0.9939265996270498, 0.02], [0.0, 0.0, 0.0, 1.0]], "antennas": [-0.12038872970924998, 0.12513767856507926], "body_yaw": -0.01828803373201769, "check_collision": false}, {"head": [[0.9982016837395851, -0.006857948454784396, -0.05955138220435211, -0.0004623540333426081], [0.001329710032509735, 0.9957230278989518, -0.09237902133586712, -0.012759257088839874], [0.059930213170710046, 0.09213370856931066, 0.9939415220698743, 0.02], [0.0, 0.0, 0.0, 1.0]], "antennas": [-0.12038872970924998, 0.12513767856507926], "body_yaw": -0.01828803373201769, "check_collision": false}, {"head": [[0.9982267405254118, -0.007297452239985867, -0.05907725188951584, -0.00045245073005006214], [0.0017996638263448293, 0.9957032260370001, -0.09258426901813692, -0.012714489580961112], [0.05949903957312524, 0.09231377389271726, 0.9939507188183727, 0.02], [0.0, 0.0, 0.0, 1.0]], "antennas": [-0.12038872970924998, 0.12513767856507926], "body_yaw": -0.01828803373201769, "check_collision": false}, {"head": [[0.998222172107219, -0.008062370733644604, -0.05905500225805736, -0.0004909217840342664], [0.0025593174233796445, 0.9956931889002077, -0.09267428700595322, -0.013088238767483478], [0.059547837978152274, 0.09235838757735366, 0.9939436519422211, 0.02], [0.0, 0.0, 0.0, 1.0]], "antennas": [-0.12038872970924998, 0.12513767856507926], "body_yaw": -0.01828803373201769, "check_collision": false}, {"head": [[0.9982216927333234, -0.009165851898648367, -0.05890194661970499, -0.0005136875051107923], [0.003657778291307626, 0.9956642155311757, -0.09294832203251523, -0.013049607635794706], [0.05949851102834566, 0.0925675810943581, 0.993927145275623, 0.02], [0.0, 0.0, 0.0, 1.0]], "antennas": [-0.12038872970924998, 0.12513767856507926], "body_yaw": -0.01828803373201769, "check_collision": false}, {"head": [[0.9982105254540599, -0.01054699524310288, -0.05886006935157105, -0.0005568400509659566], [0.005030026838955561, 0.995643815197355, -0.09310258905774096, -0.013005981468414626], [0.05958561657589166, 0.09263991661587981, 0.9939151876023797, 0.02], [0.0, 0.0, 0.0, 1.0]], "antennas": [-0.12038872970924998, 0.12513767856507926], "body_yaw": -0.01828803373201769, "check_collision": false}, {"head": [[0.9981708576717527, -0.01104393466047296, -0.05943879542901846, -0.000618164348004796], [0.005487902125650569, 0.9956660590281307, -0.0928384717110871, -0.012510616066491159], [0.06020649321374549, 0.09234246264100955, 0.9939054521272619, 0.02], [0.0, 0.0, 0.0, 1.0]], "antennas": [-0.12038872970924998, 0.12513767856507926], "body_yaw": -0.01828803373201769, "check_collision": false}, {"head": [[0.9981261784979901, -0.011928910793390108, -0.060015272092040314, -0.000666448493813615], [0.006325733112186652, 0.9956739741187616, -0.0927001745583308, -0.012443044511073354], [0.060861456584538606, 0.09214683038409383, 0.9938837179230643, 0.02], [0.0, 0.0, 0.0, 1.0]], "antennas": [-0.12038872970924998, 0.12513767856507926], "body_yaw": -0.01828803373201769, "check_collision": false}, {"head": [[0.998053238705912, -0.011974353007961314, -0.06120741440937311, -0.0006817226800551329], [0.006287784323826847, 0.9957143477107665, -0.09226809595531893, -0.012187713005734006], [0.06204995146603295, 0.09170361297660867, 0.9938512217078065, 0.02], [0.0, 0.0, 0.0, 1.0]], "antennas": [-0.12038872970924998, 0.12513767856507926], "body_yaw": -0.01828803373201769, "check_collision": false}, {"head": [[0.9980210576638601, -0.012401724622505765, -0.061645483905126155, -0.0007101527089078893], [0.006681672941246639, 0.9957233122612289, -0.0921435872225146, -0.012128053183770651], [0.06252458481442197, 0.09154934541499725, 0.9938356975113488, 0.02], [0.0, 0.0, 0.0, 1.0]], "antennas": [-0.12038872970924998, 0.12513767856507926], "body_yaw": -0.01828803373201769, "check_collision": false}, {"head": [[0.9981403651372975, -0.015056800195847271, -0.059068640169250224, -0.001033220592393816], [0.009460496162232563, 0.9955364523006438, -0.09390245552173893, -0.015382755163041134], [0.06021885498700893, 0.09316901259812785, 0.9938275628073229, 0.02], [0.0, 0.0, 0.0, 1.0]], "antennas": [-0.12038872970924998, 0.12513767856507926], "body_yaw": -0.01828803373201769, "check_collision": false}, {"head": [[0.9981264873608398, -0.01553064019186722, -0.05918035521980177, -0.001006982691313059], [0.00992540270420301, 0.9955361861887337, -0.09385727659563768, -0.015517344240951202], [0.0603738487250114, 0.0930940449439243, 0.9938251844193262, 0.02], [0.0, 0.0, 0.0, 1.0]], "antennas": [-0.12038872970924998, 0.12513767856507926], "body_yaw": -0.01828803373201769, "check_collision": false}, {"head": [[0.998079652536558, -0.01565462877325302, -0.059932793948519664, -0.0011622460532393734], [0.010005688416310866, 0.9955765340884861, -0.09341975685942157, -0.014547103541671099], [0.0611301348912284, 0.09264068960413334, 0.9938213165543649, 0.02], [0.0, 0.0, 0.0, 1.0]], "antennas": [-0.12038872970924998, 0.12513767856507926], "body_yaw": -0.01828803373201769, "check_collision": false}, {"head": [[0.9980660034590271, -0.016212063059395206, -0.06001184675282066, -0.001196529191016281], [0.010556792311628736, 0.9955745178029106, -0.0933805849070974, -0.014596966108811733], [0.06126015732443865, 0.0925664545764862, 0.9938202275118598, 0.02], [0.0, 0.0, 0.0, 1.0]], "antennas": [-0.12038872970924998, 0.12513767856507926], "body_yaw": -0.01828803373201769, "check_collision": false}, {"head": [[0.9980207491224784, -0.01637449233516384, -0.06071622782891829, -0.001223242037169111], [0.010690125413546124, 0.9956281893207167, -0.09279132420972329, -0.013904752079347424], [0.06197019880273184, 0.09195860280972622, 0.9938326367299644, 0.02], [0.0, 0.0, 0.0, 1.0]], "antennas": [-0.12038872970924998, 0.12513767856507926], "body_yaw": -0.01828803373201769, "check_collision": false}, {"head": [[0.9981022171101824, -0.01903891983409223, -0.05856179412627787, -0.00150382290530306], [0.013466607119162855, 0.9954701168097738, -0.0941164015006556, -0.01649103769668125], [0.06008839066272, 0.09314916033054461, 0.9938373203081469, 0.02], [0.0, 0.0, 0.0, 1.0]], "antennas": [-0.12038872970924998, 0.12513767856507926], "body_yaw": -0.01828803373201769, "check_collision": false}, {"head": [[0.9980392759553327, -0.020490047476093842, -0.059141876914612986, -0.0014982434490990876], [0.014845059770774773, 0.9954278014915712, -0.09435632579779508, -0.016626803277322633], [0.0608048341084649, 0.09329335438328364, 0.9937802182459448, 0.02], [0.0, 0.0, 0.0, 1.0]], "antennas": [-0.12038872970924998, 0.12513767856507926], "body_yaw": -0.01828803373201769, "check_collision": false}, {"head": [[0.9979214953763829, -0.022336395974789532, -0.06044645962024105, -0.0014638507644952614], [0.016545139753641417, 0.9953715332253097, -0.09466662133629182, -0.01676900954481504], [0.062281196330003966, 0.09346976120411239, 0.9936722076842796, 0.02], [0.0, 0.0, 0.0, 1.0]], "antennas": [-0.12038872970924998, 0.12513767856507926], "body_yaw": -0.01828803373201769, "check_collision": false}, {"head": [[0.9977762649625559, -0.023446519140810314, -0.06239219356258573, -0.0016439564260001711], [0.01746686575328965, 0.9953511536684876, -0.09471530758841278, -0.01583787657749797], [0.06432288611472674, 0.09341488977133518, 0.9935472936357289, 0.02], [0.0, 0.0, 0.0, 1.0]], "antennas": [-0.12038872970924998, 0.12513767856507926], "body_yaw": -0.01828803373201769, "check_collision": false}, {"head": [[0.9977305386405513, -0.02666875279956893, -0.06182677323094506, -0.001876002589992376], [0.020625992221232625, 0.9951295956462707, -0.09639323790484086, -0.017827757966534456], [0.06409633927865828, 0.09489923863237831, 0.9934212569691017, 0.02], [0.0, 0.0, 0.0, 1.0]], "antennas": [-0.12038872970924998, 0.12513767856507926], "body_yaw": -0.01828803373201769, "check_collision": false}, {"head": [[0.9975904047548041, -0.02813634430421691, -0.06341711496387041, -0.0018271824777586626], [0.021906805097464746, 0.995055923156345, -0.0968700246820237, -0.018019272937479118], [0.06582914424149754, 0.09524734075379086, 0.9932746185460309, 0.02], [0.0, 0.0, 0.0, 1.0]], "antennas": [-0.12038872970924998, 0.12513767856507926], "body_yaw": -0.01828803373201769, "check_collision": false}, {"head": [[0.9974587702631306, -0.029455343867499005, -0.06487206134238968, -0.0017652334633245087], [0.023064823815818793, 0.9950030229338028, -0.09714421369767492, -0.01822222696308555], [0.06740931335882763, 0.09540108526763039, 0.9931538739803867, 0.02], [0.0, 0.0, 0.0, 1.0]], "antennas": [-0.12038872970924998, 0.12513767856507926], "body_yaw": -0.01828803373201769, "check_collision": false}, {"head": [[0.9973402513112362, -0.03054763805240871, -0.06617601471726811, -0.001787719371210042], [0.024047909212687332, 0.9950055262076981, -0.09687982699530757, -0.018151924933586965], [0.06880495023571634, 0.09503075620851077, 0.9930936683906004, 0.02], [0.0, 0.0, 0.0, 1.0]], "antennas": [-0.12038872970924998, 0.12513767856507926], "body_yaw": -0.01828803373201769, "check_collision": false}, {"head": [[0.9971972780331758, -0.03068919265364138, -0.06823314544627326, -0.001549444493524843], [0.024017482393748284, 0.9950398943189797, -0.09653377260388885, -0.016324477308822333], [0.0708572453789349, 0.09462442690944561, 0.9929881512935428, 0.02], [0.0, 0.0, 0.0, 1.0]], "antennas": [-0.12038872970924998, 0.12513767856507926], "body_yaw": -0.01828803373201769, "check_collision": false}, {"head": [[0.9971131705258435, -0.031597031408937, -0.0690431225397768, -0.0015036004971833265], [0.024846383588467393, 0.9950195222640474, -0.09653397089108733, -0.01641322035516591], [0.0717494417154219, 0.09453982187189273, 0.9929321425424579, 0.02], [0.0, 0.0, 0.0, 1.0]], "antennas": [-0.12038872970924998, 0.12513767856507926], "body_yaw": -0.01828803373201769, "check_collision": false}, {"head": [[0.9970266532737839, -0.032512679051579646, -0.06986256767802326, -0.0014410346856374226], [0.025688418932452765, 0.9950062337009453, -0.09645050559229966, -0.016501318055403533], [0.07264955467467235, 0.09436906589104503, 0.9928829344934995, 0.02], [0.0, 0.0, 0.0, 1.0]], "antennas": [-0.12038872970924998, 0.12513767856507926], "body_yaw": -0.01828803373201769, "check_collision": false}, {"head": [[0.9970256800667596, -0.03563904468520886, -0.06833485041573639, -0.0016651007651211636], [0.028849623572596475, 0.9947791873018335, -0.0978880367094119, -0.019825131962129598], [0.0714667230753927, 0.09562545165921765, 0.9928485687595242, 0.02], [0.0, 0.0, 0.0, 1.0]], "antennas": [-0.12038872970924998, 0.12513767856507926], "body_yaw": -0.01828803373201769, "check_collision": false}, {"head": [[0.9969571193586249, -0.03638378959698142, -0.06893998850242815, -0.0015317473333796433], [0.029549571553274437, 0.9947789296598464, -0.09768164579811321, -0.020095846722449358], [0.07213407642141302, 0.09534726508596207, 0.992827061506412, 0.02], [0.0, 0.0, 0.0, 1.0]], "antennas": [-0.12038872970924998, 0.12513767856507926], "body_yaw": -0.01828803373201769, "check_collision": false}, {"head": [[0.9969278019595543, -0.0379632527368994, -0.06851094162048788, -0.0014569473362042208], [0.031129940094617205, 0.9946807845316981, -0.09818891848427336, -0.019804977237055373], [0.07187408788845354, 0.09575452117284089, 0.9928067219580873, 0.02], [0.0, 0.0, 0.0, 1.0]], "antennas": [-0.12038872970924998, 0.12513767856507926], "body_yaw": -0.01828803373201769, "check_collision": false}, {"head": [[0.996850073923576, -0.03861865133028979, -0.06927142187071453, -0.0013034799605217105], [0.03172421969418084, 0.9946801878812627, -0.09800458010364287, -0.020052365052085557], [0.07268771562895857, 0.09549829111521059, 0.9927721653988483, 0.02], [0.0, 0.0, 0.0, 1.0]], "antennas": [-0.12038872970924998, 0.12513767856507926], "body_yaw": -0.01828803373201769, "check_collision": false}, {"head": [[0.99676369340628, -0.040311421702234174, -0.0695494700728609, -0.0015879913786929455], [0.03336939113003874, 0.994603225728287, -0.09823903046394787, -0.020869444783824482], [0.07313428226681125, 0.09560027537214853, 0.9927295523485173, 0.02], [0.0, 0.0, 0.0, 1.0]], "antennas": [-0.12038872970924998, 0.12513767856507926], "body_yaw": -0.01828803373201769, "check_collision": false}, {"head": [[0.9966423446052591, -0.041180715207549116, -0.07076853562655627, -0.0014727568097806336], [0.03415329360236689, 0.9946207024938529, -0.0977916699251309, -0.02115074775944645], [0.07441498152820408, 0.09504634062198271, 0.992687565983642, 0.02], [0.0, 0.0, 0.0, 1.0]], "antennas": [-0.12038872970924998, 0.12513767856507926], "body_yaw": -0.01828803373201769, "check_collision": false}, {"head": [[0.9965248821592539, -0.041099664883955195, -0.07244982252504903, -0.0012319474482404107], [0.03398791214222935, 0.994723555119236, -0.09679809253885005, -0.019211009200198068], [0.0760459141946273, 0.09399928955781667, 0.992663665345382, 0.02], [0.0, 0.0, 0.0, 1.0]], "antennas": [-0.12038872970924998, 0.12513767856507926], "body_yaw": -0.01828803373201769, "check_collision": false}, {"head": [[0.9964109861532523, -0.04167142733231312, -0.07367929707313228, -0.0011681181189286995], [0.034487712052327535, 0.9947626707280515, -0.09621760048655223, -0.019359715493551432], [0.07730293908059949, 0.09333124380442909, 0.9926296059152271, 0.02], [0.0, 0.0, 0.0, 1.0]], "antennas": [-0.12038872970924998, 0.12513767856507926], "body_yaw": -0.01828803373201769, "check_collision": false}, {"head": [[0.9963283369475988, -0.04126178112758866, -0.07501540117476338, -0.0009628095355609587], [0.034025641889068106, 0.9948665425475766, -0.09530382056070828, -0.01816776859170338], [0.0785627181891552, 0.09240144986746558, 0.9926176864095871, 0.02], [0.0, 0.0, 0.0, 1.0]], "antennas": [-0.12038872970924998, 0.12513767856507926], "body_yaw": -0.01828803373201769, "check_collision": false}, {"head": [[0.996254231781957, -0.04162087727924577, -0.07579715186633788, -0.0009294194188399392], [0.03435277685380209, 0.9949045294813005, -0.09478852219559647, -0.01825090798021155], [0.07935611116338555, 0.09182962371750289, 0.9926076404244158, 0.02], [0.0, 0.0, 0.0, 1.0]], "antennas": [-0.12038872970924998, 0.12513767856507926], "body_yaw": -0.01828803373201769, "check_collision": false}, {"head": [[0.9961485898869392, -0.04121465990832912, -0.07739081776866708, -0.00035193589034822337], [0.03387659642480276, 0.99501012814818, -0.0938467958814427, -0.016756096544145414], [0.08087251128123393, 0.09086361588217197, 0.9925741484785323, 0.02], [0.0, 0.0, 0.0, 1.0]], "antennas": [-0.12038872970924998, 0.12513767856507926], "body_yaw": -0.01828803373201769, "check_collision": false}, {"head": [[0.9960572263954534, -0.04151473148015291, -0.07839980111918411, -0.0002866122228889281], [0.034116958632214166, 0.9950393942239952, -0.09344857985027194, -0.01677784098758276], [0.08189038331260033, 0.09040537048469888, 0.9925325355415004, 0.02], [0.0, 0.0, 0.0, 1.0]], "antennas": [-0.12038872970924998, 0.12513767856507926], "body_yaw": -0.01828803373201769, "check_collision": false}, {"head": [[0.9960324198465413, -0.04291666265808937, -0.07795882683144446, -8.218860841182826e-05], [0.03550303222255918, 0.9949284033779731, -0.09411167225568474, -0.01759690613027574], [0.08160240999901482, 0.09097050191160459, 0.9925046168478531, 0.02], [0.0, 0.0, 0.0, 1.0]], "antennas": [-0.12038872970924998, 0.12513767856507926], "body_yaw": -0.01828803373201769, "check_collision": false}, {"head": [[0.9959540011115529, -0.042322831751199504, -0.07927424286897217, 6.320204731301987e-05], [0.03483921190237697, 0.9950081521855354, -0.09351473893642578, -0.016156179470868743], [0.08283632647522704, 0.09037452626092296, 0.9924568444114855, 0.02], [0.0, 0.0, 0.0, 1.0]], "antennas": [-0.12038872970924998, 0.12513767856507926], "body_yaw": -0.01828803373201769, "check_collision": false}, {"head": [[0.9959359264843474, -0.042454674128152826, -0.07943066777030795, 0.00010661367811968386], [0.03495971712014007, 0.9950073149178889, -0.09347866836221512, -0.01615965646157361], [0.08300270186352053, 0.09032189050593196, 0.9924477354393983, 0.02], [0.0, 0.0, 0.0, 1.0]], "antennas": [-0.12038872970924998, 0.12513767856507926], "body_yaw": -0.01828803373201769, "check_collision": false}, {"head": [[0.9958946621693022, -0.04165900399976985, -0.08036385536072088, 0.00023017590552898773], [0.03411299784639603, 0.9950734380034814, -0.09308682161221235, -0.015281638492452348], [0.08384584211887602, 0.08996321673705995, 0.9924094388878502, 0.02], [0.0, 0.0, 0.0, 1.0]], "antennas": [-0.12038872970924998, 0.12513767856507926], "body_yaw": -0.01828803373201769, "check_collision": false}, {"head": [[0.9958953713763672, -0.04167891417452626, -0.08034474086310926, 0.00026817453705368227], [0.03413215668927216, 0.9950700493453335, -0.09311601782515466, -0.01525851269408375], [0.08382961977050045, 0.08999147186877221, 0.9924082475675146, 0.02], [0.0, 0.0, 0.0, 1.0]], "antennas": [-0.12038872970924998, 0.12513767856507926], "body_yaw": -0.01828803373201769, "check_collision": false}, {"head": [[0.9958997823417803, -0.041703987978387036, -0.0802770260927331, 0.00030862909095456803], [0.03415795579702406, 0.9950631873415184, -0.09317986506486794, -0.015245934019865846], [0.08376668542662621, 0.09005570822794631, 0.9924077346676616, 0.02], [0.0, 0.0, 0.0, 1.0]], "antennas": [-0.12038872970924998, 0.12513767856507926], "body_yaw": -0.01828803373201769, "check_collision": false}, {"head": [[0.9958728290900205, -0.04098273002351811, -0.08097977599412086, 0.0006194468473926552], [0.03340290570256832, 0.9951210811778951, -0.09283469009999522, -0.013943812356637747], [0.08438930128199838, 0.08974658564623085, 0.9923829886661599, 0.02], [0.0, 0.0, 0.0, 1.0]], "antennas": [-0.12038872970924998, 0.12513767856507926], "body_yaw": -0.01828803373201769, "check_collision": false}, {"head": [[0.9959502676207287, -0.04229138069598695, -0.07933790736480506, 0.0006129678669100497], [0.034743510842825356, 0.9949454522902361, -0.09421483652425626, -0.015074430847291497], [0.08292136564549432, 0.09107681420540002, 0.9923855405202564, 0.02], [0.0, 0.0, 0.0, 1.0]], "antennas": [-0.12038872970924998, 0.12513767856507926], "body_yaw": -0.01828803373201769, "check_collision": false}, {"head": [[0.9959822924175773, -0.04233186592116701, -0.07891315681342122, 0.0006799165025484881], [0.03479188597964023, 0.9949083698752472, -0.0945878439449689, -0.015106924730192362], [0.08251544013460137, 0.09146228009300018, 0.9923839244262185, 0.02], [0.0, 0.0, 0.0, 1.0]], "antennas": [-0.12038872970924998, 0.12513767856507926], "body_yaw": -0.01828803373201769, "check_collision": false}, {"head": [[0.9959690325548515, -0.0415878427558473, -0.07947413117906814, 0.000523557590908625], [0.03400324483405377, 0.9949427423334635, -0.09451306163024313, -0.01433959947827771], [0.08300280436532374, 0.09142970421521475, 0.9923462821286779, 0.02], [0.0, 0.0, 0.0, 1.0]], "antennas": [-0.12038872970924998, 0.12513767856507926], "body_yaw": -0.01828803373201769, "check_collision": false}, {"head": [[0.9959807321412352, -0.041724222515113485, -0.079255728240417, 0.000520547062420211], [0.034138044735409614, 0.9949135709485837, -0.09477119944361291, -0.014332404981374612], [0.08280685421541327, 0.09168465301154376, 0.992339130185392, 0.02], [0.0, 0.0, 0.0, 1.0]], "antennas": [-0.12038872970924998, 0.12513767856507926], "body_yaw": -0.01828803373201769, "check_collision": false}, {"head": [[0.9959717149491378, -0.041059334754661975, -0.07971495500078839, 0.0005726183182147328], [0.033429614800472573, 0.9949355254286882, -0.09479325447642202, -0.013685891934947566], [0.08320338860626493, 0.09174655998697871, 0.9923002392698443, 0.02], [0.0, 0.0, 0.0, 1.0]], "antennas": [-0.12038872970924998, 0.12513767856507926], "body_yaw": -0.01828803373201769, "check_collision": false}, {"head": [[0.9959948832689668, -0.041169612428793176, -0.07936784937554996, 0.0005604036657684344], [0.03354585830807073, 0.9949019287991591, -0.09510429781081171, -0.01364601720977923], [0.08287863350955944, 0.09206093136708797, 0.992298300423523, 0.02], [0.0, 0.0, 0.0, 1.0]], "antennas": [-0.12038872970924998, 0.12513767856507926], "body_yaw": -0.01828803373201769, "check_collision": false}, {"head": [[0.9960056204064577, -0.04124611195798142, -0.07919319646974907, 0.0004947236860146122], [0.0335996906144293, 0.9948555470435229, -0.09556935338981264, -0.014033136151418775], [0.0827276550457055, 0.09252674621471309, 0.9922675729487265, 0.02], [0.0, 0.0, 0.0, 1.0]], "antennas": [-0.12038872970924998, 0.12513767856507926], "body_yaw": -0.01828803373201769, "check_collision": false}, {"head": [[0.9961327338780677, -0.04268517514441954, -0.07679552278288772, 0.00047768891406059846], [0.03511999594431399, 0.9946355014648978, -0.09729750824426388, -0.015678059399133904], [0.08053671449393852, 0.09422417443820592, 0.9922880844643658, 0.02], [0.0, 0.0, 0.0, 1.0]], "antennas": [-0.12038872970924998, 0.12513767856507926], "body_yaw": -0.01828803373201769, "check_collision": false}, {"head": [[0.9961006729120305, -0.042049195879675795, -0.07755845892017425, 0.000565289070016288], [0.03442281179011735, 0.9946720627728519, -0.09717282319487103, -0.014465706735151624], [0.08123127139631546, 0.0941241343390321, 0.9922409626105273, 0.02], [0.0, 0.0, 0.0, 1.0]], "antennas": [-0.12038872970924998, 0.12513767856507926], "body_yaw": -0.01828803373201769, "check_collision": false}, {"head": [[0.9961266481246723, -0.042058586322632444, -0.07721901457831663, 0.0005716593127845122], [0.034442366846492475, 0.9946450159763293, -0.09744237045278949, -0.014475327759369036], [0.08090379633809676, 0.0944053362368288, 0.9922410030975813, 0.02], [0.0, 0.0, 0.0, 1.0]], "antennas": [-0.12038872970924998, 0.12513767856507926], "body_yaw": -0.01828803373201769, "check_collision": false}, {"head": [[0.9961611514617349, -0.04193595113875339, -0.07683967933638317, 0.0005801219234317853], [0.03433993141190552, 0.9946291906402368, -0.09763985987788414, -0.014485825588854908], [0.0805216084604358, 0.09462636592639133, 0.9922510375114297, 0.02], [0.0, 0.0, 0.0, 1.0]], "antennas": [-0.12038872970924998, 0.12513767856507926], "body_yaw": -0.01828803373201769, "check_collision": false}, {"head": [[0.9961501181180515, -0.04111512473164581, -0.07742408340879993, 0.0006733642400777104], [0.033493251064008585, 0.9946923377745635, -0.09729005758933769, -0.013369380456493902], [0.08101323537888662, 0.09432231809531912, 0.9922399689604174, 0.02], [0.0, 0.0, 0.0, 1.0]], "antennas": [-0.12038872970924998, 0.12513767856507926], "body_yaw": -0.01828803373201769, "check_collision": false}, {"head": [[0.9961729640715984, -0.0410728287392714, -0.07715211203953419, 0.0006814677926591135], [0.0334647100232571, 0.9946787135877159, -0.09743905745924772, -0.013326220711175733], [0.08074366127359887, 0.09448428162843672, 0.9922465327171938, 0.02], [0.0, 0.0, 0.0, 1.0]], "antennas": [-0.12038872970924998, 0.12513767856507926], "body_yaw": -0.01828803373201769, "check_collision": false}, {"head": [[0.9961725299399311, -0.0403597811070352, -0.07753308108200896, 0.0009163298827553831], [0.03273326194989337, 0.9947231434318033, -0.09723374662776212, -0.012407676072976676], [0.08104828286396223, 0.09432367672087631, 0.9922369776694774, 0.02], [0.0, 0.0, 0.0, 1.0]], "antennas": [-0.12038872970924998, 0.12513767856507926], "body_yaw": -0.01828803373201769, "check_collision": false}, {"head": [[0.9962124369788193, -0.04029626481229867, -0.07705187506413028, 0.0009504109055744961], [0.032700946104317744, 0.9947066441658956, -0.09741324435673145, -0.0123222642839114], [0.08056940196255491, 0.09452461634092395, 0.9922568560473628, 0.02], [0.0, 0.0, 0.0, 1.0]], "antennas": [-0.12038872970924998, 0.12513767856507926], "body_yaw": -0.01828803373201769, "check_collision": false}, {"head": [[0.9962296114951313, -0.039475303387085846, -0.07725452480442165, 0.0009691040990788061], [0.03186525489735382, 0.9947377577425399, -0.09737247481537281, -0.011962445246285404], [0.08069180076430406, 0.09454360763077149, 0.9922451005399686, 0.02], [0.0, 0.0, 0.0, 1.0]], "antennas": [-0.12038872970924998, 0.12513767856507926], "body_yaw": -0.01828803373201769, "check_collision": false}, {"head": [[0.9962318258467247, -0.03948898128607537, -0.07721897129002067, 0.0010235653186694872], [0.031873098624197634, 0.994726426095181, -0.0974856031011766, -0.012136416732746718], [0.0806613584945928, 0.09465705248366837, 0.9922367598818895, 0.02], [0.0, 0.0, 0.0, 1.0]], "antennas": [-0.12038872970924998, 0.12513767856507926], "body_yaw": -0.01828803373201769, "check_collision": false}, {"head": [[0.9962821695622069, -0.03952669117190019, -0.07654723572686141, 0.0010559976060842413], [0.03194284337114253, 0.994685340333642, -0.09788119575645811, -0.012050679276029243], [0.08000933301677447, 0.09507215370627008, 0.9922498638044063, 0.02], [0.0, 0.0, 0.0, 1.0]], "antennas": [-0.12038872970924998, 0.12513767856507926], "body_yaw": -0.01828803373201769, "check_collision": false}, {"head": [[0.9963161480524818, -0.03881835174860259, -0.07646743553557314, 0.0011591890052078703], [0.031234378536365077, 0.994696950789536, -0.09799178377520468, -0.01127182910990075], [0.0798658044929