{"description": "A friendly welcoming gesture, can mean 'welcome' or 'the pleasure is mine.'", "time": [0.0, 0.01002645492553711, 0.020079374313354492, 0.030034780502319336, 0.04013347625732422, 0.05032944679260254, 0.06024026870727539, 0.07030344009399414, 0.08043980598449707, 0.09043192863464355, 0.10048246383666992, 0.11054086685180664, 0.12069416046142578, 0.13063621520996094, 0.14072084426879883, 0.15086126327514648, 0.16092562675476074, 0.17093801498413086, 0.18109774589538574, 0.19137859344482422, 0.201127290725708, 0.21134710311889648, 0.22132587432861328, 0.23136425018310547, 0.24134540557861328, 0.2515139579772949, 0.26149916648864746, 0.27153897285461426, 0.28162074089050293, 0.29166626930236816, 0.30178308486938477, 0.3118155002593994, 0.3219461441040039, 0.3319058418273926, 0.3420259952545166, 0.35211706161499023, 0.3622128963470459, 0.3722259998321533, 0.38233518600463867, 0.39231204986572266, 0.4024195671081543, 0.41243624687194824, 0.42248082160949707, 0.43249034881591797, 0.44259214401245117, 0.4527716636657715, 0.46271467208862305, 0.4728114604949951, 0.4830350875854492, 0.49291443824768066, 0.5029466152191162, 0.5130550861358643, 0.5230700969696045, 0.5332119464874268, 0.5432212352752686, 0.5533466339111328, 0.5632781982421875, 0.5734968185424805, 0.5834865570068359, 0.5935699939727783, 0.6036124229431152, 0.6137261390686035, 0.6237683296203613, 0.6337752342224121, 0.6438882350921631, 0.6539173126220703, 0.663933277130127, 0.6740071773529053, 0.6840395927429199, 0.6941282749176025, 0.7041683197021484, 0.7142813205718994, 0.7245321273803711, 0.7343308925628662, 0.7444422245025635, 0.7545254230499268, 0.7644922733306885, 0.7748241424560547, 0.7847328186035156, 0.7948503494262695, 0.8048646450042725, 0.8150792121887207, 0.8250060081481934, 0.8350014686584473, 0.8451724052429199, 0.8551464080810547, 0.8650970458984375, 0.8751568794250488, 0.8852980136871338, 0.895301103591919, 0.9053611755371094, 0.9156618118286133, 0.9255812168121338, 0.9355273246765137, 0.9456963539123535, 0.9557404518127441, 0.9657785892486572, 0.9758632183074951, 0.9859721660614014, 0.9959137439727783, 1.0059528350830078, 1.0160949230194092, 1.0260593891143799, 1.0363717079162598, 1.046539306640625, 1.0566647052764893, 1.066701889038086, 1.076782464981079, 1.086838960647583, 1.0967702865600586, 1.106823205947876, 1.1169512271881104, 1.1270241737365723, 1.1370258331298828, 1.1471314430236816, 1.157278299331665, 1.1672356128692627, 1.1773552894592285, 1.1874380111694336, 1.1974682807922363, 1.207512617111206, 1.217618465423584, 1.2276513576507568, 1.2376811504364014, 1.247817039489746, 1.2578258514404297, 1.2678422927856445, 1.2779207229614258, 1.287980318069458, 1.2980074882507324, 1.3080880641937256, 1.3182404041290283, 1.3282313346862793, 1.3382868766784668, 1.3483476638793945, 1.3584237098693848, 1.3684353828430176, 1.3784730434417725, 1.3886325359344482, 1.3986523151397705, 1.4086999893188477, 1.4187819957733154, 1.4288084506988525, 1.4388482570648193, 1.4489693641662598, 1.4590246677398682, 1.4692094326019287, 1.4792134761810303, 1.4892101287841797, 1.4991576671600342, 1.5092201232910156, 1.5193350315093994, 1.5293607711791992, 1.539515495300293, 1.5495123863220215, 1.5595920085906982, 1.569610834121704, 1.5797865390777588, 1.5897657871246338, 1.5998587608337402, 1.6098356246948242, 1.6200895309448242, 1.6299645900726318, 1.640000581741333, 1.6501002311706543, 1.6601276397705078, 1.6702206134796143, 1.680309772491455, 1.6903152465820312, 1.7002670764923096, 1.7103490829467773, 1.7205002307891846, 1.7305216789245605, 1.7406697273254395, 1.750791311264038, 1.760746955871582, 1.7708230018615723, 1.7811753749847412, 1.7911686897277832, 1.8010351657867432, 1.81123685836792, 1.8211309909820557, 1.831388235092163, 1.8413434028625488, 1.8514115810394287, 1.861295461654663, 1.871422290802002, 1.8814280033111572, 1.8914918899536133, 1.9015090465545654, 1.9119727611541748, 1.9218404293060303, 1.9317705631256104, 1.9419186115264893, 1.9519519805908203, 1.9620795249938965, 1.972055435180664, 1.9821181297302246, 1.992584466934204, 2.0023586750030518, 2.0125160217285156, 2.022414445877075, 2.0323190689086914, 2.042404890060425, 2.0525059700012207, 2.0625617504119873, 2.072652578353882, 2.082735776901245, 2.0927436351776123, 2.1027815341949463, 2.1129519939422607, 2.1229538917541504, 2.132966995239258, 2.142981767654419, 2.153095006942749, 2.1630609035491943, 2.1731483936309814, 2.183274745941162, 2.193488836288452, 2.2033743858337402, 2.2134721279144287, 2.223503351211548, 2.233584403991699, 2.243713855743408, 2.2536661624908447, 2.2637064456939697, 2.2738091945648193, 2.283818244934082, 2.29390549659729, 2.3039019107818604, 2.31398344039917, 2.3240339756011963, 2.3340790271759033, 2.344200849533081, 2.354273796081543, 2.3643412590026855, 2.3744609355926514, 2.384458541870117, 2.3944883346557617, 2.404531478881836, 2.4147844314575195, 2.424696445465088, 2.4347381591796875, 2.44482159614563, 2.454897165298462, 2.464931011199951, 2.4749701023101807, 2.4851346015930176, 2.495093822479248, 2.505448818206787, 2.515265464782715, 2.525282621383667, 2.535405158996582, 2.545435667037964, 2.555769920349121, 2.5656237602233887, 2.5756375789642334, 2.585793972015381, 2.5958194732666016, 2.6057918071746826, 2.616063117980957, 2.625936985015869, 2.6359753608703613, 2.646064281463623, 2.6560511589050293, 2.6660823822021484, 2.6762566566467285, 2.686272382736206, 2.696244716644287, 2.7063682079315186, 2.716465950012207, 2.726500988006592, 2.736583948135376, 2.746724843978882, 2.756707191467285, 2.766768217086792, 2.776914358139038, 2.786907434463501, 2.796926498413086, 2.8070738315582275, 2.8170697689056396, 2.8270764350891113, 2.83715558052063, 2.8472187519073486, 2.857445478439331, 2.8675403594970703, 2.877410650253296, 2.8875060081481934, 2.8974804878234863, 2.907602310180664, 2.917750120162964, 2.9279232025146484, 2.9378135204315186, 2.9479188919067383, 2.958151340484619, 2.9679884910583496, 2.978041648864746, 2.988178253173828, 2.998185396194458, 3.008589744567871, 3.018371820449829, 3.0283114910125732, 3.038402557373047, 3.048496723175049, 3.0590832233428955, 3.0686535835266113, 3.07869291305542, 3.0886549949645996, 3.0986876487731934, 3.108767032623291, 3.1188488006591797, 3.128880739212036, 3.1389613151550293, 3.149024724960327, 3.1590476036071777, 3.1691360473632812, 3.1792142391204834, 3.1892812252044678, 3.1993701457977295, 3.2094202041625977, 3.219524621963501, 3.2294793128967285, 3.239593505859375, 3.249701738357544, 3.2597081661224365, 3.2697627544403076, 3.279832601547241, 3.2899279594421387, 3.2999207973480225, 3.3100357055664062, 3.320096492767334, 3.330096960067749, 3.3401827812194824, 3.3502280712127686, 3.360316753387451, 3.370396852493286, 3.380483627319336, 3.390504837036133, 3.40071964263916, 3.410717725753784, 3.4208037853240967, 3.430701732635498, 3.4407918453216553, 3.4508635997772217, 3.4609100818634033, 3.4709763526916504, 3.481095790863037, 3.49107027053833, 3.5011115074157715, 3.5111517906188965, 3.521242141723633, 3.5313220024108887, 3.5414018630981445, 3.5514321327209473, 3.5618042945861816, 3.5715644359588623, 3.581845283508301, 3.5917012691497803, 3.6018741130828857, 3.61183500289917, 3.621913194656372, 3.631878614425659, 3.6419739723205566, 3.6520307064056396, 3.662051200866699, 3.6721339225769043, 3.68223237991333, 3.6922271251678467, 3.7023394107818604, 3.7123780250549316, 3.722433090209961, 3.732623815536499, 3.742764472961426, 3.7526798248291016, 3.7626841068267822, 3.772740364074707, 3.782898426055908, 3.792860984802246, 3.802968978881836, 3.8136441707611084, 3.8230273723602295, 3.8330373764038086, 3.8431458473205566, 3.853271484375, 3.863205671310425, 3.87328839302063, 3.883392572402954, 3.8933932781219482, 3.9034597873687744, 3.9137582778930664, 3.9237184524536133, 3.9336767196655273, 3.943843364715576, 3.9541001319885254, 3.9640471935272217, 3.974360942840576, 3.9844913482666016, 3.994481325149536, 4.004529714584351, 4.014479398727417, 4.024540662765503, 4.0345540046691895, 4.044672727584839, 4.054746627807617, 4.064746618270874, 4.074889898300171, 4.0849103927612305, 4.0949866771698, 4.1052210330963135, 4.11536979675293, 4.125314235687256, 4.135284423828125, 4.1453938484191895, 4.1553404331207275, 4.165374279022217, 4.175405502319336, 4.185521602630615, 4.195481538772583, 4.205571889877319, 4.215659141540527, 4.2257163524627686, 4.235793590545654, 4.245859622955322, 4.255940198898315, 4.266010761260986, 4.276045083999634, 4.2860493659973145, 4.296171426773071, 4.306137323379517, 4.316318988800049, 4.326314449310303], "set_target_data": [{"head": [[0.9907461426177961, -0.004315847809113949, -0.1356593319519367, -0.004534857354593563], [-0.0012655929922494665, 0.9991571167763811, -0.04102991919912493, -0.006446460487009569], [0.13572206586379076, 0.0408219236783045, 0.9899055972085758, 0.00034886877757867203], [0.0, 0.0, 0.0, 1.0]], "antennas": [-0.2325222404571085, 0.2864801245566957], "body_yaw": -0.0, "check_collision": false}, {"head": [[0.990744187044353, -0.004492620367392548, -0.13566787460581284, -0.004520045067861814], [-0.0010540251521508387, 0.9991674093757786, -0.04078452000788829, -0.006389362159467922], [0.1357381481706698, 0.04055002347138281, 0.9899145673883517, 0.00032416528496304227], [0.0, 0.0, 0.0, 1.0]], "antennas": [-0.2325222404571085, 0.2864801245566957], "body_yaw": -0.0, "check_collision": false}, {"head": [[0.9907410116503812, -0.004665830185839753, -0.13568521607992579, -0.004499364495875189], [-0.0008465503503713476, 0.999177549817046, -0.040540193562793626, -0.006334904633110337], [0.13576277540800175, 0.040279696750117104, 0.9899222266639107, 0.00029808575319823123], [0.0, 0.0, 0.0, 1.0]], "antennas": [-0.2325222404571085, 0.2864801245566957], "body_yaw": -0.0, "check_collision": false}, {"head": [[0.9907461110115678, -0.004585801930712388, -0.13565070562332449, -0.0044803185262220335], [-0.000859470768449024, 0.999197063048575, -0.040056091984861826, -0.0062382088767857224], [0.13572547596325363, 0.039802005172526224, 0.989946662986847, 0.00022248247999479172], [0.0, 0.0, 0.0, 1.0]], "antennas": [-0.2325222404571085, 0.2864801245566957], "body_yaw": -0.0, "check_collision": false}, {"head": [[0.9907525126277777, -0.004452109568806333, -0.13560839738796415, -0.004446042431990187], [-0.0009213188144844317, 0.9992177184288258, -0.039536089203833856, -0.006194518021347174], [0.1356783324388487, 0.03929541828608998, 0.9899733633832448, 0.00017958134696916157], [0.0, 0.0, 0.0, 1.0]], "antennas": [-0.2325222404571085, 0.2864801245566957], "body_yaw": -0.0, "check_collision": false}, {"head": [[0.9907643139005404, -0.004306599309872523, -0.13552685159619005, -0.004407951629317711], [-0.0010035051681640654, 0.9992352481881206, -0.039088511813609506, -0.006153629336426977], [0.13559154574887394, 0.03886350448440577, 0.9900023034016748, 0.00013704845825612995], [0.0, 0.0, 0.0, 1.0]], "antennas": [-0.2325222404571085, 0.2864801245566957], "body_yaw": -0.0, "check_collision": false}, {"head": [[0.9907845152135253, -0.004263951527278441, -0.1353804385074618, -0.004371044284436862], [-0.0010223781579410394, 0.9992404646736849, -0.03895444135936683, -0.006112598786306227], [0.1354437121316519, 0.038733867300996476, 0.9900276200025466, 9.517291102556676e-05], [0.0, 0.0, 0.0, 1.0]], "antennas": [-0.2325222404571085, 0.2864801245566957], "body_yaw": -0.0, "check_collision": false}, {"head": [[0.9907962555570095, -0.004230512451830506, -0.1352955385022135, -0.004336770616872647], [-0.0010370066487517147, 0.9992449326589851, -0.038839273584230734, -0.006072384973049858], [0.1353576912902236, 0.03862210920878332, 0.9900437505932983, 5.854282251050065e-05], [0.0, 0.0, 0.0, 1.0]], "antennas": [-0.2325222404571085, 0.2864801245566957], "body_yaw": -0.0, "check_collision": false}, {"head": [[0.9908012394186436, -0.004229193992444932, -0.1352590769030086, -0.004379627556738092], [-0.0009683620448092164, 0.9992643666139381, -0.03833781280401122, -0.006098397894997831], [0.135321713857865, 0.038116132199103064, 0.9900682775570333, 0.00014361281416797218], [0.0, 0.0, 0.0, 1.0]], "antennas": [-0.2325222404571085, 0.2864801245566957], "body_yaw": -0.0, "check_collision": false}, {"head": [[0.9908166197878424, -0.0043172110385971685, -0.13514358157545991, -0.0043638246487079126], [-0.000790365278035297, 0.9992881386513242, -0.03771725432079943, -0.006049758473153522], [0.13521021142991402, 0.03747769522823944, 0.9901078835588867, 0.00011347209834011891], [0.0, 0.0, 0.0, 1.0]], "antennas": [-0.2325222404571085, 0.2864801245566957], "body_yaw": -0.0, "check_collision": false}, {"head": [[0.9908208245947216, -0.004607659844823777, -0.13510315695863695, -0.004433262138582833], [-0.0003612608862822641, 0.999325118130887, -0.03673115521271492, -0.006097107408533583], [0.13518122295647328, 0.03644280098240131, 0.9901504730173839, 0.00018655359564001724], [0.0, 0.0, 0.0, 1.0]], "antennas": [-0.2325222404571085, 0.2864801245566957], "body_yaw": -0.0, "check_collision": false}, {"head": [[0.990809749024155, -0.004891805274194102, -0.13517437434606808, -0.004446796399652789], [7.436658511368816e-05, 0.9993653756060807, -0.035620787601186164, -0.006042298528472597], [0.13526283934733366, 0.03528337116655899, 0.9901813207745442, 0.00016674588852894252], [0.0, 0.0, 0.0, 1.0]], "antennas": [-0.2325222404571085, 0.2864801245566957], "body_yaw": -0.0, "check_collision": false}, {"head": [[0.9908175475720672, -0.005401052896125812, -0.13509780179887293, -0.004505838678132711], [0.0006705305378257929, 0.999385806324204, -0.03503655957023224, -0.006144472791291104], [0.13520405989493123, 0.03462425082704087, 0.990212615271384, 0.0002408559492234081], [0.0, 0.0, 0.0, 1.0]], "antennas": [-0.2325222404571085, 0.2864801245566957], "body_yaw": -0.0, "check_collision": false}, {"head": [[0.9908004724925257, -0.005823969627169404, -0.13520541811025943, -0.004526598134898693], [0.001143248584509881, 0.9993981195723227, -0.034671192335708007, -0.006088907227191548], [0.13532596458648383, 0.0341976603452261, 0.9902107873254313, 0.00024069610199639775], [0.0, 0.0, 0.0, 1.0]], "antennas": [-0.2325222404571085, 0.2864801245566957], "body_yaw": -0.0, "check_collision": false}, {"head": [[0.9907970143221112, -0.006365382208349934, -0.13520635458339741, -0.004542480720855509], [0.001693811462981486, 0.9993984756840184, -0.034638386267087165, -0.006040331653884328], [0.13534551124111077, 0.0340905956211047, 0.9902118075831455, 0.00024070304775692004], [0.0, 0.0, 0.0, 1.0]], "antennas": [-0.2325222404571085, 0.2864801245566957], "body_yaw": -0.0, "check_collision": false}, {"head": [[0.990809180889099, -0.006910851067474123, -0.13509036680457923, -0.004548933405262533], [0.0022521114953442094, 0.9993984074065057, -0.034608543268281264, -0.006115199184698933], [0.1352482719286465, 0.03398622383941985, 0.9902286814314416, 0.0003248259608458221], [0.0, 0.0, 0.0, 1.0]], "antennas": [-0.2325222404571085, 0.2864801245566957], "body_yaw": -0.0, "check_collision": false}, {"head": [[0.9908025548621608, -0.007273918372110442, -0.13511990005225147, -0.004585422612945502], [0.002594370027850127, 0.9993917501587896, -0.034776413827621165, -0.006182303304253281], [0.1352906741899572, 0.03410600865048916, 0.9902187706013048, 0.0003452361691929102], [0.0, 0.0, 0.0, 1.0]], "antennas": [-0.2325222404571085, 0.2864801245566957], "body_yaw": -0.0, "check_collision": false}, {"head": [[0.9907976665301271, -0.007559563024497316, -0.13514006439740125, -0.004577055317685432], [0.00283354147363658, 0.9993787523140708, -0.03512948143494848, -0.0061505081254002135], [0.13532167247404345, 0.03442328325494042, 0.9902035561079238, 0.00033769449638931977], [0.0, 0.0, 0.0, 1.0]], "antennas": [-0.2325222404571085, 0.2864801245566957], "body_yaw": -0.0, "check_collision": false}, {"head": [[0.9907845857940105, -0.007754320198038458, -0.1352249055139498, -0.00456868392500394], [0.0029827269835917504, 0.9993668825541172, -0.035453312874905156, -0.006116958020086046], [0.13541420860726436, 0.03472325693725827, 0.990180431807727, 0.0003252388739014584], [0.0, 0.0, 0.0, 1.0]], "antennas": [-0.2325222404571085, 0.2864801245566957], "body_yaw": -0.0, "check_collision": false}, {"head": [[0.9907676641025962, -0.008085771880252883, -0.13532943531170705, -0.004592005477591525], [0.0032746697324639554, 0.9993559015040817, -0.03573595762124136, -0.006134943861226431], [0.13553122262721706, 0.03496287205113999, 0.9901559903727832, 0.0003398720382483695], [0.0, 0.0, 0.0, 1.0]], "antennas": [-0.2325222404571085, 0.2864801245566957], "body_yaw": -0.0, "check_collision": false}, {"head": [[0.9907541839717385, -0.008291752849207149, -0.13541563342975818, -0.0045945244058564535], [0.0034319492528473174, 0.9993429343949325, -0.03608214515867939, -0.006109442105986207], [0.13562584070456798, 0.03528379670066411, 0.9901316503493693, 0.00032676850430235667], [0.0, 0.0, 0.0, 1.0]], "antennas": [-0.2325222404571085, 0.2864801245566957], "body_yaw": -0.0, "check_collision": false}, {"head": [[0.9907431813962602, -0.008603601333118046, -0.1354766642670186, -0.004600111516116194], [0.0036746355587868795, 0.9993235866755326, -0.03659052018569951, -0.006084317488370945], [0.13569983629440313, 0.03575398100982258, 0.9901046446066304, 0.0003136517870845363], [0.0, 0.0, 0.0, 1.0]], "antennas": [-0.2325222404571085, 0.2864801245566957], "body_yaw": -0.0, "check_collision": false}, {"head": [[0.9907107151714925, -0.009101440931479663, -0.13568140114754643, -0.004610647573043287], [0.004106941192275675, 0.9993051567241641, -0.037045064158907424, -0.006071700999078004], [0.13592428730154818, 0.03614370647104644, 0.9900597055754272, 0.0002893275948110414], [0.0, 0.0, 0.0, 1.0]], "antennas": [-0.2325222404571085, 0.2864801245566957], "body_yaw": -0.0, "check_collision": false}, {"head": [[0.9907046424004646, -0.009563900900021629, -0.13569393253105405, -0.004623725292290914], [0.004538141721173363, 0.9992938617255334, -0.03729856816808637, -0.006048013927558979], [0.13595483366135325, 0.0363360663424841, 0.9900484702714654, 0.0002686755345528997], [0.0, 0.0, 0.0, 1.0]], "antennas": [-0.2325222404571085, 0.2864801245566957], "body_yaw": -0.0, "check_collision": false}, {"head": [[0.9907035323813997, -0.010106783402214964, -0.135662684096539, -0.004634802376658991], [0.005067027321317693, 0.99928591121299, -0.037443195447891, -0.006022840117560246], [0.13594423916128864, 0.03640769946707231, 0.9900472934453047, 0.00023837892737122064], [0.0, 0.0, 0.0, 1.0]], "antennas": [-0.2325222404571085, 0.2864801245566957], "body_yaw": -0.0, "check_collision": false}, {"head": [[0.990705581402777, -0.01049700569615096, -0.13561808083290447, -0.004594703507377227], [0.005435051744444169, 0.99927652511435, -0.037641553739514035, -0.005928631296966306], [0.1359150881613975, 0.03655460609560008, 0.9900458825646793, 0.00013231744105735195], [0.0, 0.0, 0.0, 1.0]], "antennas": [-0.2325222404571085, 0.2864801245566957], "body_yaw": -0.0, "check_collision": false}, {"head": [[0.9907098485410795, -0.010623125013638409, -0.1355770822029167, -0.004631488965525503], [0.005584409492064417, 0.9992813501238214, -0.03749130119558562, -0.005909639297733155], [0.13587792452910358, 0.036385883384326245, 0.9900571989112578, 0.00020086204652314428], [0.0, 0.0, 0.0, 1.0]], "antennas": [-0.2325222404571085, 0.2864801245566957], "body_yaw": -0.0, "check_collision": false}, {"head": [[0.9907050741670452, -0.010913058641066339, -0.1355889419191904, -0.004627785949076953], [0.005863385661488674, 0.9992761870167661, -0.0375862045146524, -0.005891354952529515], [0.13590098133660988, 0.03644183327344104, 0.9900519764433666, 0.00016234298460382664], [0.0, 0.0, 0.0, 1.0]], "antennas": [-0.2325222404571085, 0.2864801245566957], "body_yaw": -0.0, "check_collision": false}, {"head": [[0.9907111372066927, -0.011394619996991361, -0.13550500082929337, -0.004633160667554769], [0.006317548580069493, 0.9992638804236574, -0.037838946346244254, -0.005874791916319483], [0.13583641336019256, 0.03663140613980924, 0.9900538414094762, 0.00013910552513163484], [0.0, 0.0, 0.0, 1.0]], "antennas": [-0.2325222404571085, 0.2864801245566957], "body_yaw": -0.0, "check_collision": false}, {"head": [[0.9907026106639313, -0.012293004155267412, -0.13548881604217108, -0.004652503557248843], [0.007144581041051616, 0.9992361435928669, -0.038419842521839054, -0.005879684147313434], [0.13585761732570809, 0.037094627461313645, 0.9900336844916376, 0.00019648406939476622], [0.0, 0.0, 0.0, 1.0]], "antennas": [-0.2325222404571085, 0.2864801245566957], "body_yaw": -0.0, "check_collision": false}, {"head": [[0.9907113173676501, -0.013249359897463325, -0.13533491826562422, -0.004661975638607558], [0.007996867168118562, 0.9991961941637731, -0.03928123832222349, -0.00591659948256206], [0.13574658653222615, 0.03783411200146427, 0.9900209311998963, 0.00025311560746566104], [0.0, 0.0, 0.0, 1.0]], "antennas": [-0.2325222404571085, 0.2864801245566957], "body_yaw": -0.0, "check_collision": false}, {"head": [[0.9906986146473664, -0.014181203456436045, -0.1353334711160405, -0.004661078759932151], [0.008763099632788405, 0.9991391921843739, -0.040547289995542295, -0.005889500738076415], [0.1357919843754219, 0.03898420333524782, 0.9899700848357496, 0.0002674258566841576], [0.0, 0.0, 0.0, 1.0]], "antennas": [-0.2325222404571085, 0.2864801245566957], "body_yaw": -0.0, "check_collision": false}, {"head": [[0.9907125421805181, -0.014927387849826002, -0.13515114449458557, -0.0047184518586610765], [0.009413039068207448, 0.9991004292370592, -0.041348845132900575, -0.006079353741397378], [0.13564679672486143, 0.039692636474603984, 0.9899618382281103, 0.000428502854145198], [0.0, 0.0, 0.0, 1.0]], "antennas": [-0.2325222404571085, 0.2864801245566957], "body_yaw": -0.0, "check_collision": false}, {"head": [[0.9907289165835802, -0.01581819444902025, -0.13492960597844314, -0.004715069801571896], [0.010258561021817186, 0.9990733236905752, -0.04180018918172829, -0.006064814618652676], [0.13546577342962532, 0.04002847254442275, 0.9899731034805306, 0.00043756869453026766], [0.0, 0.0, 0.0, 1.0]], "antennas": [-0.2325222404571085, 0.2864801245566957], "body_yaw": -0.0, "check_collision": false}, {"head": [[0.990735578952786, -0.016711690213553912, -0.1347728904761415, -0.00479127165476341], [0.011097302586813275, 0.9990432233301934, -0.04230233791782569, -0.006268521906710319], [0.13535088648540333, 0.04041481570196024, 0.9899731209479335, 0.0005390392341803069], [0.0, 0.0, 0.0, 1.0]], "antennas": [-0.2325222404571085, 0.2864801245566957], "body_yaw": -0.0, "check_collision": false}, {"head": [[0.9907105860685685, -0.01723384808906665, -0.13489080447427126, -0.004776496985263445], [0.01159510576340287, 0.9990301639475417, -0.042476876595189034, -0.0062696494327133916], [0.13549202254748655, 0.04051821816159232, 0.9899495875159505, 0.0005478472303855914], [0.0, 0.0, 0.0, 1.0]], "antennas": [-0.2325222404571085, 0.2864801245566957], "body_yaw": -0.0, "check_collision": false}, {"head": [[0.9906749754054661, -0.017638875076949615, -0.1350998267630249, -0.004771940602463387], [0.011917952839531013, 0.9990023381530543, -0.043038247697203956, -0.006322274769441652], [0.13572418909499623, 0.04102680161493134, 0.9898968360610894, 0.0005537959917343311], [0.0, 0.0, 0.0, 1.0]], "antennas": [-0.2325222404571085, 0.2864801245566957], "body_yaw": -0.0, "check_collision": false}, {"head": [[0.9906612423513307, -0.018126874691552632, -0.1351359290375226, -0.0047536650459580245], [0.012330216947621342, 0.9989725697768211, -0.043609294691824195, -0.006338723665296786], [0.13578758652005782, 0.04153578273501684, 0.9898669153475365, 0.0005573727226048115], [0.0, 0.0, 0.0, 1.0]], "antennas": [-0.2325222404571085, 0.2864801245566957], "body_yaw": -0.0, "check_collision": false}, {"head": [[0.9906509170842144, -0.018763895653365625, -0.13512467095284422, -0.004734134235148896], [0.012892804992965901, 0.9989397602464594, -0.044194241459259834, -0.006359391271821505], [0.13581066254023713, 0.042038929799123256, 0.9898425088476075, 0.0005583938052496924], [0.0, 0.0, 0.0, 1.0]], "antennas": [-0.2325222404571085, 0.2864801245566957], "body_yaw": -0.0, "check_collision": false}, {"head": [[0.99063223302143, -0.019578676849348477, -0.13514604808059927, -0.00474102349544075], [0.013614763500741187, 0.9988981015946783, -0.044913481777372984, -0.006470178756463342], [0.135876477411632, 0.04265276126320915, 0.9898072159985649, 0.0005637883081759405], [0.0, 0.0, 0.0, 1.0]], "antennas": [-0.2325222404571085, 0.2864801245566957], "body_yaw": -0.0, "check_collision": false}, {"head": [[0.9906386328507577, -0.020398244418120767, -0.13497781568924633, -0.00470887630961149], [0.014344663331586582, 0.9988535685847031, -0.04567033128308896, -0.006519263598189105], [0.135754667461141, 0.04330658322082525, 0.9897955395495843, 0.0005687650225124647], [0.0, 0.0, 0.0, 1.0]], "antennas": [-0.2325222404571085, 0.2864801245566957], "body_yaw": -0.0, "check_collision": false}, {"head": [[0.9906101305174849, -0.021491202411603842, -0.13501739715693933, -0.004701313813522264], [0.015347959548646296, 0.9988060950148312, -0.04637698458197499, -0.006553005236837443], [0.13585289637628023, 0.04386926919982942, 0.9897572822495666, 0.0005756007165559369], [0.0, 0.0, 0.0, 1.0]], "antennas": [-0.2325222404571085, 0.2864801245566957], "body_yaw": -0.0, "check_collision": false}, {"head": [[0.9905890768882044, -0.022830080141295554, -0.13495209591005813, -0.004703034458872936], [0.016612405900149285, 0.9987557445387717, -0.04702117311395888, -0.006586427390721385], [0.13585767817824723, 0.044336781474823214, 0.9897357935774931, 0.0005890699807536998], [0.0, 0.0, 0.0, 1.0]], "antennas": [-0.2325222404571085, 0.2864801245566957], "body_yaw": -0.0, "check_collision": false}, {"head": [[0.9905418563789439, -0.0241319779334982, -0.1350721229653741, -0.0048143513761175535], [0.0177896280170241, 0.9986904901927401, -0.0479670088039757, -0.0066099185291023585], [0.136052783493657, 0.04511044712261149, 0.9896740310142661, 0.0007170222336839744], [0.0, 0.0, 0.0, 1.0]], "antennas": [-0.2325222404571085, 0.2864801245566957], "body_yaw": -0.0, "check_collision": false}, {"head": [[0.9904967700373962, -0.0251338094272608, -0.13521996956500237, -0.004807608491162482], [0.01866994172562302, 0.9986311156573653, -0.048860291821564206, -0.006622973354699937], [0.1362629143290568, 0.04587141228042482, 0.9896101412748113, 0.000749420965427074], [0.0, 0.0, 0.0, 1.0]], "antennas": [-0.2325222404571085, 0.2864801245566957], "body_yaw": -0.0, "check_collision": false}, {"head": [[0.990440782287253, -0.025817827630147373, -0.1355009098075521, -0.004804389208885391], [0.019221047536137334, 0.9985757835705524, -0.049769024483816954, -0.0066317607717772935], [0.1365928552810429, 0.04668880211482429, 0.9895264259448835, 0.0007676498703926855], [0.0, 0.0, 0.0, 1.0]], "antennas": [-0.2325222404571085, 0.2864801245566957], "body_yaw": -0.0, "check_collision": false}, {"head": [[0.9904276800806558, -0.026571882593215686, -0.13545089732261834, -0.004799624901801551], [0.019896028024456735, 0.9985307141444678, -0.050403977809190606, -0.006641049500014614], [0.13659120981563994, 0.047226559959324885, 0.9895011336201229, 0.0007828748735075903], [0.0, 0.0, 0.0, 1.0]], "antennas": [-0.2325222404571085, 0.2864801245566957], "body_yaw": -0.0, "check_collision": false}, {"head": [[0.990417792653405, -0.027064699281810153, -0.13542561813904436, -0.0048310066812573185], [0.020311975764348737, 0.998492135003461, -0.05099882328817893, -0.006768572746768103], [0.1366016824058386, 0.04775938011548702, 0.9894741138477949, 0.0008862959175944835], [0.0, 0.0, 0.0, 1.0]], "antennas": [-0.2325222404571085, 0.2864801245566957], "body_yaw": -0.0, "check_collision": false}, {"head": [[0.9903946695131646, -0.028038085949951237, -0.1353966924860894, -0.004840865417294749], [0.021152070391666302, 0.9984213973337389, -0.052031752462225286, -0.007018260973317843], [0.13664182565399038, 0.04866804991375184, 0.9894242934148813, 0.0009585948711615683], [0.0, 0.0, 0.0, 1.0]], "antennas": [-0.2325222404571085, 0.2864801245566957], "body_yaw": -0.0, "check_collision": false}, {"head": [[0.9903924601314614, -0.02889562973666608, -0.13523245726109076, -0.0048197506087913206], [0.021952558870079242, 0.9983767367455552, -0.05255451155088086, -0.007034536264904356], [0.13653153508917618, 0.049080893506714636, 0.9894191254563331, 0.0009473131157766729], [0.0, 0.0, 0.0, 1.0]], "antennas": [-0.2325222404571085, 0.2864801245566957], "body_yaw": -0.0, "check_collision": false}, {"head": [[0.990398745543437, -0.029495276652755312, -0.13505685277379825, -0.004874910791117491], [0.02248825076129757, 0.9983350383338592, -0.05311713294812289, -0.007174309559113239], [0.13639869282248634, 0.04956994946647606, 0.9894130667755544, 0.0009819294362620763], [0.0, 0.0, 0.0, 1.0]], "antennas": [-0.2325222404571085, 0.2864801245566957], "body_yaw": -0.0, "check_collision": false}, {"head": [[0.9903927940768767, -0.029805986867047135, -0.13503227979812346, -0.004856828907539317], [0.022743758834061052, 0.9983064130887522, -0.05354462643410385, -0.0071916459595085455], [0.13639954132875723, 0.049959070575332734, 0.9893933779809494, 0.0009652717224045721], [0.0, 0.0, 0.0, 1.0]], "antennas": [-0.2325222404571085, 0.2864801245566957], "body_yaw": -0.0, "check_collision": false}, {"head": [[0.9903725568013771, -0.030023800568365237, -0.1351324170365276, -0.0049044211789809455], [0.022931960748983325, 0.9982918820827241, -0.05373493597222825, -0.007211360057104597], [0.13651492193496675, 0.050118754644977094, 0.9893693883084954, 0.0009269708999209997], [0.0, 0.0, 0.0, 1.0]], "antennas": [-0.2325222404571085, 0.2864801245566957], "body_yaw": -0.0, "check_collision": false}, {"head": [[0.9903439337270004, -0.03034991616199147, -0.13526927041679265, -0.004907385816188121], [0.02320810958113589, 0.998267680538146, -0.05406497611819097, -0.007226636918304547], [0.136675808319546, 0.05040357707495234, 0.9893327058367415, 0.0009037350630255476], [0.0, 0.0, 0.0, 1.0]], "antennas": [-0.2325222404571085, 0.2864801245566957], "body_yaw": -0.0, "check_collision": false}, {"head": [[0.9903281759127485, -0.030911084415873813, -0.13525756486630508, -0.005008364653491998], [0.023681404203150583, 0.9982198993268372, -0.05473777199416887, -0.007521343083619451], [0.13670879667488484, 0.05100526882738036, 0.9892973099445643, 0.0011332069463586576], [0.0, 0.0, 0.0, 1.0]], "antennas": [-0.2325222404571085, 0.2864801245566957], "body_yaw": -0.0, "check_collision": false}, {"head": [[0.9902660295012896, -0.03170163365304682, -0.13552932243421983, -0.00503740049914176], [0.024384136828787543, 0.9981711318979762, -0.05531550701772139, -0.007540902756344928], [0.13703504911833936, 0.0514723019617408, 0.9892279805201092, 0.00114258208259921], [0.0, 0.0, 0.0, 1.0]], "antennas": [-0.2325222404571085, 0.2864801245566957], "body_yaw": -0.0, "check_collision": false}, {"head": [[0.9902326146611471, -0.0325153413897243, -0.13558068238380158, -0.005070919950257198], [0.025121812458979795, 0.9981207551658045, -0.055891436249389796, -0.0075572561550344645], [0.13714322221722605, 0.05193949057849372, 0.9891885694438258, 0.00116098701163392], [0.0, 0.0, 0.0, 1.0]], "antennas": [-0.2325222404571085, 0.2864801245566957], "body_yaw": -0.0, "check_collision": false}, {"head": [[0.9901998124183052, -0.033194090490788565, -0.13565575492120807, -0.005119218155470506], [0.025703414864705555, 0.9980659093129614, -0.05660190042379012, -0.007699184433001081], [0.13727223299358965, 0.05256037503463192, 0.9891378776617408, 0.001324189400276789], [0.0, 0.0, 0.0, 1.0]], "antennas": [-0.2325222404571085, 0.2864801245566957], "body_yaw": -0.0, "check_collision": false}, {"head": [[0.9901678557430508, -0.03377856655840794, -0.1357447085321135, -0.0051382024053120545], [0.026242486747988115, 0.9980333360402619, -0.05692795483440099, -0.007725736515749473], [0.1374006890175261, 0.05280595225545256, 0.9891069618923447, 0.0013338949552246255], [0.0, 0.0, 0.0, 1.0]], "antennas": [-0.2325222404571085, 0.2864801245566957], "body_yaw": -0.0, "check_collision": false}, {"head": [[0.9901486209521115, -0.0339881473263809, -0.1358326701053612, -0.0051501795510071145], [0.026459092101885733, 0.9980317546618053, -0.05685537029887186, -0.007757428148822161], [0.1374977267876658, 0.0527012573663868, 0.9890990610652839, 0.0013440438726041188], [0.0, 0.0, 0.0, 1.0]], "antennas": [-0.2325222404571085, 0.2864801245566957], "body_yaw": -0.0, "check_collision": false}, {"head": [[0.9901246534404253, -0.03395632173531922, -0.1360152155594544, -0.005155110287956529], [0.02643783103461938, 0.9980407469482738, -0.056707217539888916, -0.007801306204196435], [0.1376742958567876, 0.052551266827155135, 0.9890824801881785, 0.0013539650895451078], [0.0, 0.0, 0.0, 1.0]], "antennas": [-0.2325222404571085, 0.2864801245566957], "body_yaw": -0.0, "check_collision": false}, {"head": [[0.9901106072312725, -0.03393576097224354, -0.13612255351467498, -0.005153708114578725], [0.02642112233567202, 0.9980451700143993, -0.05663711597046781, -0.007851601551511175], [0.137778480695079, 0.052480498646292596, 0.9890717302193973, 0.001368157281850359], [0.0, 0.0, 0.0, 1.0]], "antennas": [-0.2325222404571085, 0.2864801245566957], "body_yaw": -0.0, "check_collision": false}, {"head": [[0.9900976950123848, -0.03395924301806378, -0.1362105874915848, -0.005152143928089329], [0.026413391328340967, 0.9980344894968352, -0.05682860664601398, -0.007909436136860603], [0.13787272061469777, 0.05266808890050548, 0.989048626368729, 0.001391912651668938], [0.0, 0.0, 0.0, 1.0]], "antennas": [-0.2325222404571085, 0.2864801245566957], "body_yaw": -0.0, "check_collision": false}, {"head": [[0.9900679027795951, -0.033978126612453426, -0.13642226650192674, -0.005156127845481473], [0.026385682001828604, 0.998020760537454, -0.05708202275270761, -0.007974226186429165], [0.13809179436488256, 0.052915484011301785, 0.9890048573596275, 0.0014290349494109362], [0.0, 0.0, 0.0, 1.0]], "antennas": [-0.2325222404571085, 0.2864801245566957], "body_yaw": -0.0, "check_collision": false}, {"head": [[0.9900259320936223, -0.034302534021943255, -0.1366454900164191, -0.005314329069381231], [0.02663292041759678, 0.9979863751086567, -0.05756633258696509, -0.00826244806338269], [0.13834500833851512, 0.05335289361559079, 0.9889459678924118, 0.0016432152935862438], [0.0, 0.0, 0.0, 1.0]], "antennas": [-0.2325222404571085, 0.2864801245566957], "body_yaw": -0.0, "check_collision": false}, {"head": [[0.9899710866059676, -0.03459557928702095, -0.13696858609913184, -0.00534899065588256], [0.026838795985087014, 0.9979511271263413, -0.05807948775028797, -0.00834281762287343], [0.1386972484019446, 0.05382094165899014, 0.9888712653953844, 0.0017155465723055503], [0.0, 0.0, 0.0, 1.0]], "antennas": [-0.2325222404571085, 0.2864801245566957], "body_yaw": -0.0, "check_collision": false}, {"head": [[0.9899208167339049, -0.035039292582798136, -0.13721889291265768, -0.005357985552023849], [0.02717085742477051, 0.9978998456346997, -0.05880172267072517, -0.008311056461391238], [0.1389910828207376, 0.054480694356250164, 0.9887938778323717, 0.0017239934827307807], [0.0, 0.0, 0.0, 1.0]], "antennas": [-0.2325222404571085, 0.2864801245566957], "body_yaw": -0.0, "check_collision": false}, {"head": [[0.9898644288097336, -0.0353569005649544, -0.1375438190527647, -0.005390097153609942], [0.02739266100596587, 0.9978600290413303, -0.05937174887644369, -0.008390586607359581], [0.13934868029583913, 0.05500229108023758, 0.9887146672704581, 0.001804547008774417], [0.0, 0.0, 0.0, 1.0]], "antennas": [-0.2325222404571085, 0.2864801245566957], "body_yaw": -0.0, "check_collision": false}, {"head": [[0.9898237400167755, -0.03571175340783219, -0.13774481611930658, -0.005438240405907851], [0.02766245382640938, 0.9978201269000582, -0.05991479785040024, -0.00851129099186946], [0.13958421238630522, 0.05549472967490465, 0.9886539246019331, 0.0019163725359985246], [0.0, 0.0, 0.0, 1.0]], "antennas": [-0.2325222404571085, 0.2864801245566957], "body_yaw": -0.0, "check_collision": false}, {"head": [[0.9897650738676913, -0.035993225707509194, -0.13809267270514927, -0.005454515530110556], [0.027856102566587004, 0.9977847429397423, -0.060412286055668014, -0.008607756557156615], [0.13996119498447765, 0.05594724711583559, 0.9885751207868203, 0.002003599075046993], [0.0, 0.0, 0.0, 1.0]], "antennas": [-0.2325222404571085, 0.2864801245566957], "body_yaw": -0.0, "check_collision": false}, {"head": [[0.9896999766488147, -0.03633370065038614, -0.13846955773159758, -0.00546550745717631], [0.028100062522761475, 0.9977445812908028, -0.0609601262388623, -0.008709484093410828], [0.14037215787880802, 0.05644123228535378, 0.9884887680649478, 0.002101910598216185], [0.0, 0.0, 0.0, 1.0]], "antennas": [-0.2325222404571085, 0.2864801245566957], "body_yaw": -0.0, "check_collision": false}, {"head": [[0.989619680587494, -0.03664878295213258, -0.13895954268071453, -0.005477903796183944], [0.028308507232580427, 0.9977037989548698, -0.06152851346557249, -0.008809588287705247], [0.1408954087689474, 0.056956090623810116, 0.9883847871799136, 0.0022228072153309703], [0.0, 0.0, 0.0, 1.0]], "antennas": [-0.2325222404571085, 0.2864801245566957], "body_yaw": -0.0, "check_collision": false}, {"head": [[0.9895421492338123, -0.03693036931317155, -0.13943630342245963, -0.0054567719082196636], [0.02846925997389413, 0.9976578544369211, -0.062195713010286285, -0.008816339088122625], [0.1414066339542325, 0.057575631153395285, 0.9882758777644135, 0.0023010490075008345], [0.0, 0.0, 0.0, 1.0]], "antennas": [-0.2325222404571085, 0.2864801245566957], "body_yaw": -0.0, "check_collision": false}, {"head": [[0.9894560206451656, -0.03713230384875497, -0.13999276845579336, -0.005457725135383165], [0.028567429588364855, 0.9976233511411388, -0.06270208309648034, -0.008889194917433972], [0.1419883276038825, 0.0580417200710648, 0.9881652055984589, 0.0024424490973774544], [0.0, 0.0, 0.0, 1.0]], "antennas": [-0.2325222404571085, 0.2864801245566957], "body_yaw": -0.0, "check_collision": false}, {"head": [[0.9894160356549242, -0.03750318921931352, -0.14017638598306803, -0.0054166039364826404], [0.028868024122437178, 0.9975873112593726, -0.06313630966062261, -0.008943643948763626], [0.14220599696271635, 0.058421461918339655, 0.9881115256969549, 0.0026098686504048025], [0.0, 0.0, 0.0, 1.0]], "antennas": [-0.2325222404571085, 0.2864801245566957], "body_yaw": -0.0, "check_collision": false}, {"head": [[0.9893512441673591, -0.03758783577208777, -0.1406103490731369, -0.005381462056413398], [0.02890205041093312, 0.9975751510514614, -0.06331263291554076, -0.009006773686989416], [0.1426491750643611, 0.05857450474929082, 0.9880385823675272, 0.0027383389530724073], [0.0, 0.0, 0.0, 1.0]], "antennas": [-0.2325222404571085, 0.2864801245566957], "body_yaw": -0.0, "check_collision": false}, {"head": [[0.9892745201113753, -0.03745003631323354, -0.14118575933338864, -0.005220061154402409], [0.028708425226808516, 0.9975718556829271, -0.06345249459491699, -0.00881876622122411], [0.14321923816095658, 0.05871871532534337, 0.9879475503745816, 0.002769939921942634], [0.0, 0.0, 0.0, 1.0]], "antennas": [-0.2325222404571085, 0.2864801245566957], "body_yaw": -0.0, "check_collision": false}, {"head": [[0.9892124090032488, -0.0371043088330089, -0.1417112562219887, -0.0051531321432550445], [0.028304913734795115, 0.9975731586461809, -0.06361308833210026, -0.008871302875789135], [0.14372766516038327, 0.05891573147052051, 0.9878619816820762, 0.0028885851133189106], [0.0, 0.0, 0.0, 1.0]], "antennas": [-0.2325222404571085, 0.2864801245566957], "body_yaw": -0.0, "check_collision": false}, {"head": [[0.9891728082113926, -0.0369321474910532, -0.14203229202152162, -0.005086374479208837], [0.028087514827505725, 0.9975685896429717, -0.06378087854950985, -0.008928272109072368], [0.14404251804936746, 0.059100976636869314, 0.9878050554408832, 0.002991429364131661], [0.0, 0.0, 0.0, 1.0]], "antennas": [-0.23252224