{"description": "A welcoming gesture to greet someone.", "time": [0.0, 0.010057926177978516, 0.02004218101501465, 0.0301358699798584, 0.04033708572387695, 0.05018901824951172, 0.0603327751159668, 0.07050967216491699, 0.08041858673095703, 0.09048986434936523, 0.10065603256225586, 0.11063504219055176, 0.12114071846008301, 0.13163399696350098, 0.1413886547088623, 0.15173649787902832, 0.16159534454345703, 0.1714942455291748, 0.18145084381103516, 0.19152522087097168, 0.20168066024780273, 0.21165132522583008, 0.22170519828796387, 0.23184871673583984, 0.2418808937072754, 0.25200366973876953, 0.26212596893310547, 0.2721083164215088, 0.2820894718170166, 0.2921922206878662, 0.30228352546691895, 0.3123207092285156, 0.32233166694641113, 0.3324918746948242, 0.3425300121307373, 0.3526153564453125, 0.3626821041107178, 0.37270021438598633, 0.3828403949737549, 0.39295291900634766, 0.4029545783996582, 0.41288113594055176, 0.42296862602233887, 0.433056116104126, 0.4432671070098877, 0.45320749282836914, 0.46323585510253906, 0.473280668258667, 0.48334383964538574, 0.4934115409851074, 0.5035138130187988, 0.5135345458984375, 0.5236232280731201, 0.5336825847625732, 0.5438015460968018, 0.5538158416748047, 0.5638737678527832, 0.5739457607269287, 0.583996057510376, 0.5940444469451904, 0.604093074798584, 0.6140906810760498, 0.6242783069610596, 0.6343374252319336, 0.6442782878875732, 0.654367208480835, 0.664440393447876, 0.6745202541351318, 0.6846508979797363, 0.694615364074707, 0.7047302722930908, 0.7147135734558105, 0.7248108386993408, 0.7349061965942383, 0.7449588775634766, 0.7550079822540283, 0.7651107311248779, 0.7751920223236084, 0.7851550579071045, 0.7952990531921387, 0.8053188323974609, 0.8152992725372314, 0.8253874778747559, 0.8355107307434082, 0.845513105392456, 0.8555798530578613, 0.8657009601593018, 0.8756983280181885, 0.8857684135437012, 0.8958735466003418, 0.9059910774230957, 0.915989875793457, 0.9260601997375488, 0.936138391494751, 0.9461133480072021, 0.9562342166900635, 0.9662909507751465, 0.9763796329498291, 0.9863920211791992, 0.9964618682861328, 1.0065562725067139, 1.016535758972168, 1.0266361236572266, 1.0367178916931152, 1.0467686653137207, 1.056896448135376, 1.068915605545044, 1.0769968032836914, 1.0870485305786133, 1.0971729755401611, 1.1073050498962402, 1.1172370910644531, 1.1273012161254883, 1.1374313831329346, 1.1474294662475586, 1.1575047969818115, 1.1676313877105713, 1.1776180267333984, 1.187718152999878, 1.197812795639038, 1.2079648971557617, 1.218374490737915, 1.2281427383422852, 1.2381582260131836, 1.2481329441070557, 1.258317470550537, 1.2683162689208984, 1.2785215377807617, 1.2884385585784912, 1.2985455989837646, 1.3086071014404297, 1.318577527999878, 1.3287136554718018, 1.3388140201568604, 1.3488004207611084, 1.3589425086975098, 1.3690381050109863, 1.378972053527832, 1.3890705108642578, 1.399160385131836, 1.4094274044036865, 1.4193830490112305, 1.429377555847168, 1.4394185543060303, 1.4494528770446777, 1.4595317840576172, 1.4696366786956787, 1.479604721069336, 1.489715814590454, 1.4997737407684326, 1.5098426342010498, 1.519864559173584, 1.5299406051635742, 1.5400991439819336, 1.5500249862670898, 1.5601789951324463, 1.5702438354492188, 1.5802500247955322, 1.5902600288391113, 1.6004080772399902, 1.6105055809020996, 1.6205062866210938, 1.6306285858154297, 1.6406352519989014, 1.650702953338623, 1.6607460975646973, 1.6708943843841553, 1.6808147430419922, 1.691004991531372, 1.701017141342163, 1.7110769748687744, 1.7210474014282227, 1.7313430309295654, 1.7413861751556396, 1.751269817352295, 1.7612957954406738, 1.771501064300537, 1.7814290523529053, 1.7916526794433594, 1.8017771244049072, 1.8117225170135498, 1.8217706680297852, 1.8318002223968506, 1.8419568538665771, 1.8519260883331299, 1.8619794845581055, 1.8720407485961914, 1.882045030593872, 1.8920872211456299, 1.9022188186645508, 1.9122045040130615, 1.9222819805145264, 1.9323656558990479, 1.9424033164978027, 1.9524073600769043, 1.9625358581542969, 1.9726834297180176, 1.9826550483703613, 1.9927208423614502, 2.0028886795043945, 2.012796401977539, 2.0228681564331055, 2.0329716205596924, 2.0430026054382324, 2.05302357673645, 2.0632097721099854, 2.0732421875, 2.083167791366577, 2.0933010578155518, 2.10355806350708, 2.1139707565307617, 2.124138355255127, 2.1338610649108887, 2.143914222717285, 2.1538639068603516, 2.1638617515563965, 2.1739609241485596, 2.1839232444763184, 2.1940038204193115, 2.2040891647338867, 2.2140774726867676, 2.224212408065796, 2.2342615127563477, 2.244253158569336, 2.254338026046753, 2.2653465270996094, 2.27474308013916, 2.2845563888549805, 2.2946324348449707, 2.3047163486480713, 2.314720630645752, 2.3248207569122314, 2.335068702697754, 2.344921350479126, 2.35496187210083, 2.36504864692688, 2.375196695327759, 2.3851687908172607, 2.3952770233154297, 2.405278444290161, 2.4153316020965576, 2.425644874572754, 2.4356577396392822, 2.445481061935425, 2.4555647373199463, 2.465701103210449, 2.475656509399414, 2.485748529434204, 2.4957964420318604, 2.5058834552764893, 2.5159335136413574, 2.5260369777679443, 2.5361244678497314, 2.546160936355591, 2.556317090988159, 2.5662941932678223, 2.5763301849365234, 2.586364269256592, 2.5964207649230957, 2.606448173522949, 2.616480827331543, 2.6265909671783447, 2.6366825103759766, 2.6466379165649414, 2.656754732131958, 2.6669046878814697, 2.676872730255127, 2.686992883682251, 2.6969990730285645, 2.707105875015259, 2.717130661010742, 2.7272069454193115, 2.7372946739196777, 2.747412919998169, 2.757410764694214, 2.7676162719726562, 2.777454137802124, 2.7875845432281494, 2.797691583633423, 2.807671308517456, 2.8177003860473633, 2.8277792930603027, 2.8378853797912598, 2.847899913787842, 2.8580162525177, 2.868726968765259, 2.878903865814209, 2.8884482383728027, 2.8983683586120605, 2.908377170562744, 2.9183297157287598, 2.9285268783569336, 2.9385178089141846, 2.9485301971435547, 2.958627700805664, 2.968769073486328, 2.978686571121216, 2.988800525665283, 2.9988608360290527, 3.008986711502075, 3.0189828872680664, 3.0290236473083496, 3.039158821105957, 3.0490713119506836, 3.059443950653076, 3.0695619583129883, 3.0794591903686523, 3.089402675628662, 3.099552631378174, 3.1096978187561035, 3.1196935176849365, 3.1297390460968018, 3.1397781372070312, 3.14981746673584, 3.1598782539367676, 3.170012950897217, 3.179957151412964, 3.190183401107788, 3.2002501487731934, 3.2101714611053467, 3.2202794551849365, 3.2303626537323, 3.240368127822876, 3.2504191398620605, 3.2604496479034424, 3.2705774307250977, 3.280653715133667, 3.290783405303955, 3.3007588386535645, 3.3115532398223877, 3.321079969406128, 3.330960988998413, 3.341010808944702, 3.350965738296509, 3.3611207008361816, 3.3711414337158203, 3.381190776824951, 3.391223907470703, 3.4013400077819824, 3.411349296569824, 3.4214394092559814, 3.4314944744110107, 3.44154953956604, 3.451594352722168, 3.4616851806640625], "set_target_data": [{"head": [[0.9953530138562029, 0.01393065891308874, -0.09528018970185438, -0.00660623455999808], [-0.018473327833657502, 0.9987258290854408, -0.046962266516316034, -0.010791841038959376], [0.0945045711387782, 0.04850417569494883, 0.9943421096252686, 0.010039777301150028], [0.0, 0.0, 0.0, 1.0]], "antennas": [-0.13706597708754417, 0.07935634152996313], "body_yaw": -0.0, "check_collision": false}, {"head": [[0.9953804690105496, 0.014087520335269877, -0.09496980405972409, -0.006586731855582376], [-0.018633132200355836, 0.9987141023642582, -0.04714815079256768, -0.0109525689440424], [0.09418348208015613, 0.04869993336297285, 0.9943630062475672, 0.009974160197824385], [0.0, 0.0, 0.0, 1.0]], "antennas": [-0.13706597708754417, 0.07935634152996313], "body_yaw": -0.0, "check_collision": false}, {"head": [[0.9953894430635337, 0.013982705357432684, -0.09489120395777265, -0.006568498907137371], [-0.018536303325541195, 0.9987098109938578, -0.047277043939279825, -0.01099703174055382], [0.09410771539407337, 0.048818002575897024, 0.99436439021508, 0.009993207983531212], [0.0, 0.0, 0.0, 1.0]], "antennas": [-0.13706597708754417, 0.07935634152996313], "body_yaw": -0.0, "check_collision": false}, {"head": [[0.9954042825204581, 0.01408970236730814, -0.09471955778577622, -0.006571604935498861], [-0.01865839865509431, 0.9986958816872817, -0.04752262682650108, -0.011113075017250097], [0.09392645260819714, 0.049071541529322034, 0.9943690488507657, 0.010088113290215535], [0.0, 0.0, 0.0, 1.0]], "antennas": [-0.13706597708754417, 0.07935634152996313], "body_yaw": -0.0, "check_collision": false}, {"head": [[0.9953876660282095, 0.01444548557278662, -0.09484050962263162, -0.006544605014211167], [-0.01904684855061859, 0.998675681469225, -0.047792267180678166, -0.011149336774523545], [0.09402452807222096, 0.04937824610641757, 0.9943445966727282, 0.010106361887169409], [0.0, 0.0, 0.0, 1.0]], "antennas": [-0.13706597708754417, 0.07935634152996313], "body_yaw": -0.0, "check_collision": false}, {"head": [[0.99538879600514, 0.0147338054080903, -0.09478428016097448, -0.0065702200735735065], [-0.019333463787743102, 0.9986700999096374, -0.04779381470904561, -0.011124087503415378], [0.09395404177259006, 0.049405936127869164, 0.9943498838486999, 0.01023754122524679], [0.0, 0.0, 0.0, 1.0]], "antennas": [-0.13706597708754417, 0.07935634152996313], "body_yaw": -0.0, "check_collision": false}, {"head": [[0.9953853855297656, 0.015173493677871009, -0.094750722231377, -0.006545096133886381], [-0.019795029466298606, 0.9986498283635085, -0.04802787854947952, -0.011146778815191735], [0.09389404178215101, 0.04968184174467361, 0.9943418041693052, 0.010269436140822104], [0.0, 0.0, 0.0, 1.0]], "antennas": [-0.13706597708754417, 0.07935634152996313], "body_yaw": -0.0, "check_collision": false}, {"head": [[0.9953950745210131, 0.015534381733428648, -0.09459031981903249, -0.006417824909508459], [-0.020173315126425725, 0.9986298452668719, -0.04828529278230699, -0.010716488505107792], [0.09371063427443363, 0.04997114293693214, 0.9943446092263285, 0.010018654406199763], [0.0, 0.0, 0.0, 1.0]], "antennas": [-0.13706597708754417, 0.07935634152996313], "body_yaw": -0.0, "check_collision": false}, {"head": [[0.9953971060745844, 0.015954174757472357, -0.09449902394284983, -0.006379378409412967], [-0.020607245195448126, 0.9986120403731815, -0.04846993157790426, -0.010716729926913079], [0.09359456535396675, 0.05019419418139982, 0.9943443066698189, 0.010039688295914402], [0.0, 0.0, 0.0, 1.0]], "antennas": [-0.13706597708754417, 0.07935634152996313], "body_yaw": -0.0, "check_collision": false}, {"head": [[0.9953860745992053, 0.01635375559900941, -0.09454690461243838, -0.00634778898390269], [-0.021008734118366068, 0.9986046067964444, -0.04845072110570401, -0.01046833844583624], [0.0936226232527665, 0.05021348387362481, 0.9943406913390118, 0.010028412342673938], [0.0, 0.0, 0.0, 1.0]], "antennas": [-0.13706597708754417, 0.07935634152996313], "body_yaw": -0.0, "check_collision": false}, {"head": [[0.9953909613463027, 0.016488930749251694, -0.09447194944971839, -0.006328637849616785], [-0.021135158553071368, 0.9986047170482941, -0.04839343097811417, -0.010457123334388918], [0.09354217841711994, 0.050167063414588535, 0.9943506054734098, 0.010062508944570621], [0.0, 0.0, 0.0, 1.0]], "antennas": [-0.13706597708754417, 0.07935634152996313], "body_yaw": -0.0, "check_collision": false}, {"head": [[0.9953985062146771, 0.016428769798983733, -0.09440290963991316, -0.006324419361776615], [-0.021061031668104208, 0.9986115753304566, -0.04828410257112661, -0.01042570433192532], [0.09347858990520086, 0.05005014624270306, 0.9943624772136264, 0.009949669622346342], [0.0, 0.0, 0.0, 1.0]], "antennas": [-0.13706597708754417, 0.07935634152996313], "body_yaw": -0.0, "check_collision": false}, {"head": [[0.99540181348838, 0.016452407041373344, -0.0943639126286563, -0.006309419091894166], [-0.02105541541974912, 0.9986257292265522, -0.0479929412334547, -0.010426178940977707], [0.09344463165717708, 0.049759132119451335, 0.9943802741331773, 0.009976623876554631], [0.0, 0.0, 0.0, 1.0]], "antennas": [-0.13706597708754417, 0.07935634152996313], "body_yaw": -0.0, "check_collision": false}, {"head": [[0.9954037507011453, 0.016441881812723668, -0.09434531049579993, -0.006337690008551132], [-0.02103480901161919, 0.998630820273441, -0.04789594565137342, -0.010315744967039995], [0.09342863533166464, 0.04966033953217637, 0.9943867159096667, 0.009996371271030487], [0.0, 0.0, 0.0, 1.0]], "antennas": [-0.13706597708754417, 0.07935634152996313], "body_yaw": -0.0, "check_collision": false}, {"head": [[0.9954182660547987, 0.016390537980740756, -0.09420098656150176, -0.006330343542050101], [-0.020967751728443736, 0.998636478582112, -0.047807290579716236, -0.010303405104441504], [0.09328895428673582, 0.04956343319243507, 0.9944046646603517, 0.01001745995422499], [0.0, 0.0, 0.0, 1.0]], "antennas": [-0.13706597708754417, 0.07935634152996313], "body_yaw": -0.0, "check_collision": false}, {"head": [[0.9954507625692475, 0.016230194154296156, -0.09388482357664354, -0.006213682195680885], [-0.020781920602194873, 0.9986450511072588, -0.04770926194214999, -0.01024782928356888], [0.09298328385461391, 0.04944332813125007, 0.9944392722669987, 0.01004976994271068], [0.0, 0.0, 0.0, 1.0]], "antennas": [-0.13706597708754417, 0.07935634152996313], "body_yaw": -0.0, "check_collision": false}, {"head": [[0.9954748090125185, 0.01610529302755715, -0.09365107665150806, -0.00617827121512342], [-0.020638078305485336, 0.9986515577105919, -0.04763544904863725, -0.01023021691221317], [0.09275761071387496, 0.049352667797244544, 0.994464850980641, 0.010067319302822904], [0.0, 0.0, 0.0, 1.0]], "antennas": [-0.13706597708754417, 0.07935634152996313], "body_yaw": -0.0, "check_collision": false}, {"head": [[0.99550021638495, 0.016034170819884074, -0.09339285060236859, -0.006206429734848093], [-0.020561206025929524, 0.9986493812574443, -0.047714254902312264, -0.010476183574594808], [0.09250165395427716, 0.04941982072248269, 0.9944853570241649, 0.010068162847487024], [0.0, 0.0, 0.0, 1.0]], "antennas": [-0.13706597708754417, 0.07935634152996313], "body_yaw": -0.0, "check_collision": false}, {"head": [[0.9955234846920488, 0.015822138784846743, -0.09318074560161506, -0.006177546873491327], [-0.020348017552851705, 0.9986485510580492, -0.04782289881769422, -0.010470732443186796], [0.09229815603937434, 0.04950486232615568, 0.9945000346896924, 0.010077349337382142], [0.0, 0.0, 0.0, 1.0]], "antennas": [-0.13706597708754417, 0.07935634152996313], "body_yaw": -0.0, "check_collision": false}, {"head": [[0.9955327446109579, 0.015545948433747826, -0.09312828729590683, -0.006031241151217174], [-0.020060385071407574, 0.9986584738835875, -0.047737129064188345, -0.010276881845904803], [0.09226123431951555, 0.0493920644213155, 0.9945090691461995, 0.010090816617654437], [0.0, 0.0, 0.0, 1.0]], "antennas": [-0.13706597708754417, 0.07935634152996313], "body_yaw": -0.0, "check_collision": false}, {"head": [[0.9955278527024496, 0.015428587858996923, -0.09320007065623305, -0.005987303446355107], [-0.019960441356637097, 0.9986531490700512, -0.0478901726173355, -0.010256847989645032], [0.09233566631858932, 0.04953631525605384, 0.9944949865114227, 0.010118311645452079], [0.0, 0.0, 0.0, 1.0]], "antennas": [-0.13706597708754417, 0.07935634152996313], "body_yaw": -0.0, "check_collision": false}, {"head": [[0.9955157442903948, 0.015351149486996516, -0.0933420863242782, -0.006085054207070053], [-0.019881806835616175, 0.9986588642090309, -0.04780362636536354, -0.010133972190368759], [0.09248306129714978, 0.04944507201082753, 0.994485831084059, 0.009924491368562445], [0.0, 0.0, 0.0, 1.0]], "antennas": [-0.13706597708754417, 0.07935634152996313], "body_yaw": -0.0, "check_collision": false}, {"head": [[0.9955163185548666, 0.015237716918225638, -0.09335454715269677, -0.006079889513563811], [-0.01977069326278618, 0.9986600119134064, -0.0478257283585259, -0.010114770778918973], [0.09250069826154765, 0.04945697714412707, 0.9944835987752091, 0.009941094900707721], [0.0, 0.0, 0.0, 1.0]], "antennas": [-0.13706597708754417, 0.07935634152996313], "body_yaw": -0.0, "check_collision": false}, {"head": [[0.9955279603187083, 0.015080188941714241, -0.09325592809657997, -0.006002283426576735], [-0.019596485665554476, 0.9986692431927967, -0.04770451184412438, -0.010274509114969141], [0.09241243408347176, 0.049318663832353414, 0.9944986734151832, 0.010145795521833374], [0.0, 0.0, 0.0, 1.0]], "antennas": [-0.13706597708754417, 0.07935634152996313], "body_yaw": -0.0, "check_collision": false}, {"head": [[0.9955331847843631, 0.014802151749441814, -0.0932447011721829, -0.005989006633409288], [-0.019307975183846665, 0.9986795037269532, -0.04760725711471327, -0.010271167165932158], [0.09241688204761699, 0.04919497067051623, 0.9945043865028067, 0.010181536064839743], [0.0, 0.0, 0.0, 1.0]], "antennas": [-0.13706597708754417, 0.07935634152996313], "body_yaw": -0.0, "check_collision": false}, {"head": [[0.9955340812424255, 0.01446533905405798, -0.09328797913370637, -0.005957892825319814], [-0.01896217648288325, 0.9986912844793328, -0.04749899123194391, -0.010226386067116712], [0.09247880269462663, 0.04905580772010018, 0.9945055046509782, 0.010090609832977833], [0.0, 0.0, 0.0, 1.0]], "antennas": [-0.13706597708754417, 0.07935634152996313], "body_yaw": -0.0, "check_collision": false}, {"head": [[0.9955480815399141, 0.01422014532173699, -0.09317620302000287, -0.005939230976730407], [-0.018695403933242656, 0.9987041203780356, -0.04733457311212269, -0.010236061747187454], [0.09238235336886047, 0.04886581020470933, 0.9945238224291402, 0.010114769046197798], [0.0, 0.0, 0.0, 1.0]], "antennas": [-0.13706597708754417, 0.07935634152996313], "body_yaw": -0.0, "check_collision": false}, {"head": [[0.9955666992771007, 0.013980487936893247, -0.09301340359080007, -0.005902045145095404], [-0.01844504514514869, 0.9987097571965441, -0.04731385832938391, -0.010115129948755724], [0.09223192289057028, 0.04881973819538535, 0.9945400472391455, 0.010001399184812805], [0.0, 0.0, 0.0, 1.0]], "antennas": [-0.13706597708754417, 0.07935634152996313], "body_yaw": -0.0, "check_collision": false}, {"head": [[0.9955900609485754, 0.013677373919121504, -0.09280818920272635, -0.005875929933032837], [-0.018122535605974998, 0.9987199264129654, -0.04722374708652313, -0.010113378979076347], [0.09204349104430298, 0.04869741295344414, 0.9945635011038861, 0.010016764957119569], [0.0, 0.0, 0.0, 1.0]], "antennas": [-0.13706597708754417, 0.07935634152996313], "body_yaw": -0.0, "check_collision": false}, {"head": [[0.9955994417695196, 0.013528078989644587, -0.09272940540664854, -0.005908842745012943], [-0.01798166966551982, 0.9987159349739119, -0.04736180724196386, -0.010285593246925502], [0.09196962055081431, 0.048820818387597234, 0.9945642847939515, 0.010125965151504775], [0.0, 0.0, 0.0, 1.0]], "antennas": [-0.13706597708754417, 0.07935634152996313], "body_yaw": -0.0, "check_collision": false}, {"head": [[0.995614988595163, 0.013202695035061699, -0.09260930476180457, -0.005881724373819114], [-0.017650110865036015, 0.9987214624115535, -0.04736997049798536, -0.010288341636128092], [0.09186548901032193, 0.04879681713328465, 0.9945750864397094, 0.010137724588155435], [0.0, 0.0, 0.0, 1.0]], "antennas": [-0.13706597708754417, 0.07935634152996313], "body_yaw": -0.0, "check_collision": false}, {"head": [[0.9956515712095613, 0.012879558625556845, -0.09226085690878282, -0.005928964303493545], [-0.017326915960779444, 0.9987177805512935, -0.047566509163344955, -0.010932793573152614], [0.09152992260031766, 0.04895826569956638, 0.9945980904307381, 0.010435309576649628], [0.0, 0.0, 0.0, 1.0]], "antennas": [-0.13706597708754417, 0.07935634152996313], "body_yaw": -0.0, "check_collision": false}, {"head": [[0.9956767191966694, 0.012574990294300667, -0.09203119291226602, -0.005811058038507705], [-0.017008855558414554, 0.9987238814201359, -0.04755320718617407, -0.010580628240371412], [0.09131576907823463, 0.04891296658552261, 0.9946200038293288, 0.010358929041382477], [0.0, 0.0, 0.0, 1.0]], "antennas": [-0.13706597708754417, 0.07935634152996313], "body_yaw": -0.0, "check_collision": false}, {"head": [[0.9957030998914552, 0.012087308398311493, -0.0918108590648764, -0.005787680429077201], [-0.01651247368951509, 0.9987303132640218, -0.04759306231166102, -0.010601563779692255], [0.09111901601312189, 0.04890458407176862, 0.994638460234455, 0.010388969609202332], [0.0, 0.0, 0.0, 1.0]], "antennas": [-0.13706597708754417, 0.07935634152996313], "body_yaw": -0.0, "check_collision": false}, {"head": [[0.9957261518369287, 0.011668628020046923, -0.09161481140160396, -0.0057483416843248595], [-0.016046197853374664, 0.9987569398698519, -0.047192103113333175, -0.009975771495126549], [0.0909502615855064, 0.04846048062018052, 0.9946756414709216, 0.0101578022692781], [0.0, 0.0, 0.0, 1.0]], "antennas": [-0.13706597708754417, 0.07935634152996313], "body_yaw": -0.0, "check_collision": false}, {"head": [[0.995754029980357, 0.01117992502027411, -0.09137243049421168, -0.005733601802941329], [-0.015524632388108242, 0.9987752826231036, -0.04697787362529331, -0.009967353477704813], [0.09073531598607346, 0.04819693037612434, 0.9947080769427916, 0.010189961201169669], [0.0, 0.0, 0.0, 1.0]], "antennas": [-0.13706597708754417, 0.07935634152996313], "body_yaw": -0.0, "check_collision": false}, {"head": [[0.9957602963760519, 0.010788125801326138, -0.09135123700734489, -0.005720422769086245], [-0.015107263176841577, 0.9987936910127553, -0.04672187274095856, -0.010255337239198794], [0.090736997748344, 0.04790385302678107, 0.9947220808370575, 0.010427097825794991], [0.0, 0.0, 0.0, 1.0]], "antennas": [-0.13706597708754417, 0.07935634152996313], "body_yaw": -0.0, "check_collision": false}, {"head": [[0.9957772722029161, 0.010452801253578867, -0.09120506077006933, -0.005701144355383594], [-0.014741216329151562, 0.9988107584955275, -0.046473274628818534, -0.010258792795193294], [0.09061082002308564, 0.04762150417134693, 0.9947471395461269, 0.010463401129761081], [0.0, 0.0, 0.0, 1.0]], "antennas": [-0.13706597708754417, 0.07935634152996313], "body_yaw": -0.0, "check_collision": false}, {"head": [[0.9957814952873337, 0.010059194510660688, -0.09120321402844536, -0.005721398635582523], [-0.014338789744387091, 0.9988204598167781, -0.0463906042218243, -0.010186146250300725], [0.09062898406132544, 0.047502648949257306, 0.9947511676750199, 0.010260593606378994], [0.0, 0.0, 0.0, 1.0]], "antennas": [-0.13706597708754417, 0.07935634152996313], "body_yaw": -0.0, "check_collision": false}, {"head": [[0.9957988520524732, 0.009696904063066475, -0.09105282149702294, -0.005719157577748123], [-0.013956392203168539, 0.9988318935040642, -0.04626086505630247, -0.010186846843240114], [0.09049787493443355, 0.04733728520603791, 0.9947709867410058, 0.010259228994069843], [0.0, 0.0, 0.0, 1.0]], "antennas": [-0.13706597708754417, 0.07935634152996313], "body_yaw": -0.0, "check_collision": false}, {"head": [[0.9958093563146119, 0.009432089699573595, -0.09096571640006795, -0.005666774517811685], [-0.013664974846605237, 0.9988469208410893, -0.04602278988410361, -0.009720362288595207], [0.09042673464590015, 0.047072968996802196, 0.9947899985680928, 0.0099805004944944], [0.0, 0.0, 0.0, 1.0]], "antennas": [-0.13706597708754417, 0.07935634152996313], "body_yaw": -0.0, "check_collision": false}, {"head": [[0.995817146774004, 0.009104529360982381, -0.09091379288093106, -0.0056750958888403535], [-0.01334016007123, 0.998848161438162, -0.04609111108313077, -0.00969680740126119], [0.09038943699435119, 0.04711112328016123, 0.9947915820628589, 0.009968075524558369], [0.0, 0.0, 0.0, 1.0]], "antennas": [-0.13706597708754417, 0.07935634152996313], "body_yaw": -0.0, "check_collision": false}, {"head": [[0.995820317926756, 0.008820590506974379, -0.09090704916211469, -0.00569361727799941], [-0.013051822489976727, 0.9988536022578944, -0.046055739990996165, -0.00985865101112223], [0.09039659470325749, 0.04704974430893732, 0.9947938365442957, 0.010007249054030061], [0.0, 0.0, 0.0, 1.0]], "antennas": [-0.13706597708754417, 0.07935634152996313], "body_yaw": -0.0, "check_collision": false}, {"head": [[0.9958302682732408, 0.00867149958210876, -0.09081234434724639, -0.005699963434969873], [-0.012883898623742944, 0.9988628240967695, -0.04590276455377579, -0.00985910965412842], [0.09031102893389312, 0.04688137937842431, 0.9948095568099846, 0.009996775333268489], [0.0, 0.0, 0.0, 1.0]], "antennas": [-0.13706597708754417, 0.07935634152996313], "body_yaw": -0.0, "check_collision": false}, {"head": [[0.9958545929421416, 0.008489483731119614, -0.09056245569782376, -0.005698656974341141], [-0.012672856352220091, 0.9988739655228984, -0.04571870199858425, -0.009701343839947233], [0.09007235107355213, 0.04667686436060602, 0.9948408123441379, 0.010013753730169002], [0.0, 0.0, 0.0, 1.0]], "antennas": [-0.13706597708754417, 0.07935634152996313], "body_yaw": -0.0, "check_collision": false}, {"head": [[0.9958718755974306, 0.00839181329162248, -0.09038133028305093, -0.005701816877997871], [-0.012550318642488368, 0.9988836260762242, -0.04554109198060402, -0.00969409457889202], [0.08989825858172892, 0.046487407181863505, 0.9948654301348901, 0.01001471430145396], [0.0, 0.0, 0.0, 1.0]], "antennas": [-0.13706597708754417, 0.07935634152996313], "body_yaw": -0.0, "check_collision": false}, {"head": [[0.9958791381565331, 0.00812833633210484, -0.09032536926618963, -0.005698132050137682], [-0.012274385696017135, 0.9988916119362526, -0.04544102836843414, -0.009997552768054105], [0.08985589374318605, 0.04636246058901114, 0.9948750879420724, 0.010164990632227651], [0.0, 0.0, 0.0, 1.0]], "antennas": [-0.13706597708754417, 0.07935634152996313], "body_yaw": -0.0, "check_collision": false}, {"head": [[0.9959163391031348, 0.007827370097346242, -0.08994096833350725, -0.005696646999088766], [-0.011939633164640709, 0.9989032015586713, -0.04527514854454306, -0.010007071317423908], [0.089487935875757, 0.04616412235920659, 0.9949174755423189, 0.010163679382978026], [0.0, 0.0, 0.0, 1.0]], "antennas": [-0.13706597708754417, 0.07935634152996313], "body_yaw": -0.0, "check_collision": false}, {"head": [[0.9959415723252873, 0.007608465463229695, -0.08967996302144979, -0.0057308389718724005], [-0.011685578669295198, 0.9989174701102564, -0.04502593874299698, -0.010416276476916316], [0.08924030348109241, 0.04589116649006913, 0.9949523451265305, 0.010319263791993778], [0.0, 0.0, 0.0, 1.0]], "antennas": [-0.13706597708754417, 0.07935634152996313], "body_yaw": -0.0, "check_collision": false}, {"head": [[0.9959749951057757, 0.0074323029324637425, -0.08932284140783962, -0.005729510753862781], [-0.011479921776973313, 0.9989261282861597, -0.04488654167138835, -0.010443419843474378], [0.0888933097597595, 0.0457312923537352, 0.9949907679871268, 0.010315569165393008], [0.0, 0.0, 0.0, 1.0]], "antennas": [-0.13706597708754417, 0.07935634152996313], "body_yaw": -0.0, "check_collision": false}, {"head": [[0.9960127998483074, 0.007243582984424575, -0.08891587621951048, -0.005728535417086136], [-0.011263246960164092, 0.9989329573735067, -0.04478935075365605, -0.010027822399209853], [0.08849656381040967, 0.04561224812007659, 0.9950315979983664, 0.010051365778890105], [0.0, 0.0, 0.0, 1.0]], "antennas": [-0.13706597708754417, 0.07935634152996313], "body_yaw": -0.0, "check_collision": false}, {"head": [[0.996032665373922, 0.007081545959509933, -0.08870615094199724, -0.00573392490764835], [-0.011088391675659547, 0.9989362797819004, -0.04475887069111954, -0.01003440771037714], [0.08829483041587549, 0.04556490581928756, 0.9950516882451441, 0.010035100662513237], [0.0, 0.0, 0.0, 1.0]], "antennas": [-0.13706597708754417, 0.07935634152996313], "body_yaw": -0.0, "check_collision": false}, {"head": [[0.9960759759313115, 0.006861539739880415, -0.08823587391125569, -0.005698527847448171], [-0.010831483203951102, 0.9989465336762362, -0.04459262077781718, -0.009745944012084909], [0.08783694634996993, 0.04537336364685484, 0.9951009640872037, 0.009830582202058576], [0.0, 0.0, 0.0, 1.0]], "antennas": [-0.13706597708754417, 0.07935634152996313], "body_yaw": -0.0, "check_collision": false}, {"head": [[0.9961005235226053, 0.006684467155440084, -0.08797195539965842, -0.005711343441142136], [-0.010635231148660797, 0.9989519898146633, -0.04451756848413206, -0.009738937888167114], [0.08758218367000335, 0.04527957535327243, 0.9951276908816381, 0.009802406886819444], [0.0, 0.0, 0.0, 1.0]], "antennas": [-0.13706597708754417, 0.07935634152996313], "body_yaw": -0.0, "check_collision": false}, {"head": [[0.9961209226377798, 0.0069875144225161135, -0.08771705720926659, -0.005680493945897773], [-0.010905992566575297, 0.9989599683765272, -0.04427234924087575, -0.009509467091582824], [0.08731647501701167, 0.04505725494704928, 0.9951611311577843, 0.009609851722711012], [0.0, 0.0, 0.0, 1.0]], "antennas": [-0.13706597708754417, 0.07935634152996313], "body_yaw": -0.0, "check_collision": false}, {"head": [[0.9961105675725326, 0.007229733633691777, -0.08781496525030763, -0.005708972611109595], [-0.011131326494779974, 0.9989685641966219, -0.04402160057751439, -0.009485949311085448], [0.08740612530477188, 0.04482787858604813, 0.9951636199945619, 0.009570471245265118], [0.0, 0.0, 0.0, 1.0]], "antennas": [-0.13706597708754417, 0.07935634152996313], "body_yaw": -0.0, "check_collision": false}, {"head": [[0.9961253781946661, 0.007344955598669749, -0.08763722122355891, -0.005711721767881402], [-0.01121098139402995, 0.9989816334543319, -0.043703660225401925, -0.009471681687961574], [0.08722697296545459, 0.04451682432708148, 0.9951933015947784, 0.009530041769477589], [0.0, 0.0, 0.0, 1.0]], "antennas": [-0.13706597708754417, 0.07935634152996313], "body_yaw": -0.0, "check_collision": false}, {"head": [[0.9961201914980037, 0.007331564540358231, -0.08769727619128423, -0.005736750130820372], [-0.01118013070622109, 0.9989919859080196, -0.04347432309929929, -0.009453327349470419], [0.08729014129540424, 0.044286118061318235, 0.9951980561575101, 0.00948773733130693], [0.0, 0.0, 0.0, 1.0]], "antennas": [-0.13706597708754417, 0.07935634152996313], "body_yaw": -0.0, "check_collision": false}, {"head": [[0.9961160260693044, 0.007256229820049176, -0.08775083895152179, -0.005826447372247162], [-0.011106912448309742, 0.9989928306115605, -0.043473680343028676, -0.009557437379704312], [0.08734700397702756, 0.04427947058740524, 0.9951933628098293, 0.009481178754710447], [0.0, 0.0, 0.0, 1.0]], "antennas": [-0.13706597708754417, 0.07935634152996313], "body_yaw": -0.0, "check_collision": false}, {"head": [[0.9961305269727777, 0.007187387187170916, -0.08759175017293369, -0.00586051201950241], [-0.011026342359033997, 0.9989959227953723, -0.04342310459195111, -0.00955169706510633], [0.08719170262770026, 0.044220896685208046, 0.9952095856096034, 0.009432831204063692], [0.0, 0.0, 0.0, 1.0]], "antennas": [-0.13706597708754417, 0.07935634152996313], "body_yaw": -0.0, "check_collision": false}, {"head": [[0.9961494406243818, 0.007028014205965275, -0.08738935266982996, -0.005879593358769702], [-0.010851024131938333, 0.9990010573476441, -0.043349079500920824, -0.009420341174241736], [0.0869973977715383, 0.04413042527111893, 0.9952306056117701, 0.009363758103967397], [0.0, 0.0, 0.0, 1.0]], "antennas": [-0.13706597708754417, 0.07935634152996313], "body_yaw": -0.0, "check_collision": false}, {"head": [[0.996159187108084, 0.007181876875033374, -0.08726565524141595, -0.005908663899408292], [-0.01097438992223595, 0.9990123120790722, -0.043057671561080826, -0.009418556696070819], [0.08687022911214483, 0.04384998242849185, 0.9952541094288558, 0.009322649302817905], [0.0, 0.0, 0.0, 1.0]], "antennas": [-0.13706597708754417, 0.07935634152996313], "body_yaw": -0.0, "check_collision": false}, {"head": [[0.9961396431027247, 0.007450726857231, -0.0874659825788017, -0.006019398498657753], [-0.011223069855146869, 0.9990241721397877, -0.04271704792513927, -0.009374491524080831], [0.08706235777994298, 0.04353378170698117, 0.9952512023143133, 0.009285610687101549], [0.0, 0.0, 0.0, 1.0]], "antennas": [-0.13706597708754417, 0.07935634152996313], "body_yaw": -0.0, "check_collision": false}, {"head": [[0.9961458675611395, 0.007622444860676028, -0.0873802544927128, -0.0060795047201044495], [-0.01138076513589696, 0.9990276446353307, -0.04259393664954573, -0.009371246514381112], [0.08697061989998034, 0.0434242281305024, 0.9952640090375436, 0.009257841033647803], [0.0, 0.0, 0.0, 1.0]], "antennas": [-0.13706597708754417, 0.07935634152996313], "body_yaw": -0.0, "check_collision": false}, {"head": [[0.9961499160273429, 0.0075002967888703476, -0.08734466410031796, -0.006099276502549733], [-0.011254787946860492, 0.9990300080747809, -0.042571970994719266, -0.009757937155197252], [0.08694063806408206, 0.04339111100424689, 0.9952680729023855, 0.009467089503846345], [0.0, 0.0, 0.0, 1.0]], "antennas": [-0.13706597708754417, 0.07935634152996313], "body_yaw": -0.0, "check_collision": false}, {"head": [[0.99615703248624, 0.0074923786532619056, -0.08726414435679772, -0.006149938272847809], [-0.011241948478312043, 0.9990308253359395, -0.042556181959877586, -0.009776591808749756], [0.08686072312972568, 0.043373658949959225, 0.9952758112637288, 0.009456873110110238], [0.0, 0.0, 0.0, 1.0]], "antennas": [-0.13706597708754417, 0.07935634152996313], "body_yaw": -0.0, "check_collision": false}, {"head": [[0.9961556093816525, 0.007481029315589455, -0.08728136168648902, -0.006230107423238705], [-0.011241691028720618, 0.9990257595755307, -0.0426750054170896, -0.009887388459196803], [0.08687707568906312, 0.043492136127271736, 0.9952692137380738, 0.009331840576893076], [0.0, 0.0, 0.0, 1.0]], "antennas": [-0.13706597708754417, 0.07935634152996313], "body_yaw": -0.0, "check_collision": false}, {"head": [[0.9961619867640024, 0.0074570370221987425, -0.08721059984454477, -0.0062598164625437425], [-0.011219101650355758, 0.999023772471022, -0.04272743610289149, -0.009911645834287842], [0.08680684238327493, 0.04354187222223279, 0.9952731672655645, 0.009312800004915418], [0.0, 0.0, 0.0, 1.0]], "antennas": [-0.13706597708754417, 0.07935634152996313], "body_yaw": -0.0, "check_collision": false}, {"head": [[0.996193893420556, 0.007278236314256463, -0.08686054333095156, -0.006258201228654255], [-0.011030955025726872, 0.9990226550700584, -0.04280248460068393, -0.009905295367458211], [0.08646412402155396, 0.04359772852942264, 0.9953005542670316, 0.009292162775284336], [0.0, 0.0, 0.0, 1.0]], "antennas": [-0.13706597708754417, 0.07935634152996313], "body_yaw": -0.0, "check_collision": false}, {"head": [[0.9962030572846046, 0.007254888261101592, -0.08675733544274968, -0.006259182368890382], [-0.011017569848949069, 0.9990155979687394, -0.042970317310736354, -0.009924467215121796], [0.0863601864948796, 0.04376301648059432, 0.9953023242096286, 0.009272349069939796], [0.0, 0.0, 0.0, 1.0]], "antennas": [-0.13706597708754417, 0.07935634152996313], "body_yaw": -0.0, "check_collision": false}, {"head": [[0.996208080897538, 0.007230707022673327, -0.08670165183199696, -0.006344461014733488], [-0.011002741095710356, 0.999009861065258, -0.04310727528799309, -0.010113655498861751], [0.08630410907265845, 0.043897771815051334, 0.9953012540868461, 0.009334618362817133], [0.0, 0.0, 0.0, 1.0]], "antennas": [-0.13706597708754417, 0.07935634152996313], "body_yaw": -0.0, "check_collision": false}, {"head": [[0.9962207115289733, 0.007239947233737343, -0.08655563000035746, -0.006359331169177902], [-0.011007428757713898, 0.9990088721558407, -0.04312899101600974, -0.010141357574601741], [0.0861575906861951, 0.043918749048303896, 0.9953130226462337, 0.009324004120113034], [0.0, 0.0, 0.0, 1.0]], "antennas": [-0.13706597708754417, 0.07935634152996313], "body_yaw": -0.0, "check_collision": false}, {"head": [[0.9962394268305473, 0.007155499109652442, -0.08634699335144604, -0.0064344558627616195], [-0.010903112520374531, 0.9990152088991242, -0.043008540147365354, -0.010376571913227684], [0.08595421203007421, 0.04378825436953668, 0.9953363563205948, 0.009511399268331784], [0.0, 0.0, 0.0, 1.0]], "antennas": [-0.13706597708754417, 0.07935634152996313], "body_yaw": -0.0, "check_collision": false}, {"head": [[0.9962408372755646, 0.007065561178258473, -0.08633812593355182, -0.006477797294396816], [-0.010820150289580272, 0.999012309294436, -0.043096754238671806, -0.010397621792416498], [0.08594834781537376, 0.043868938024915385, 0.9953333098939134, 0.00953189477833561], [0.0, 0.0, 0.0, 1.0]], "antennas": [-0.13706597708754417, 0.07935634152996313], "body_yaw": -0.0, "check_collision": false}, {"head": [[0.9962699212750172, 0.0068649039191221424, -0.08601812051452687, -0.006509843494320223], [-0.010596854357120326, 0.9990186814699958, -0.04300442711726957, -0.01077654363119668], [0.0856384880786929, 0.043755538713765044, 0.995365009527391, 0.00970503264286416], [0.0, 0.0, 0.0, 1.0]], "antennas": [-0.13706597708754417, 0.07935634152996313], "body_yaw": -0.0, "check_collision": false}, {"head": [[0.9962800019804823, 0.006579810469082903, -0.08592359249915485, -0.006547923483695744], [-0.010299520897280645, 0.999025437795605, -0.04291962845349375, -0.010821241352151866], [0.08555745159281189, 0.0436449393571628, 0.9953768340409842, 0.009751441615176056], [0.0, 0.0, 0.0, 1.0]], "antennas": [-0.13706597708754417, 0.07935634152996313], "body_yaw": -0.0, "check_collision": false}, {"head": [[0.996310780598891, 0.006471777134057336, -0.08557420501036528, -0.006670801489732436], [-0.010183707117276019, 0.9990226687713987, -0.043011619246690655, -0.011049075299588993], [0.08521220905350638, 0.04372440258711194, 0.9954029616424808, 0.009662451291702186], [0.0, 0.0, 0.0, 1.0]], "antennas": [-0.13706597708754417, 0.07935634152996313], "body_yaw": -0.0, "check_collision": false}, {"head": [[0.9963442928667552, 0.006154178403311004, -0.0852066673449057, -0.006706310676079994], [-0.009839976944207312, 0.9990306983126577, -0.04290499601049718, -0.011120813842045045], [0.08486003137863354, 0.04358657955269638, 0.9954390916361048, 0.009695267130933057], [0.0, 0.0, 0.0, 1.0]], "antennas": [-0.13706597708754417, 0.07935634152996313], "body_yaw": -0.0, "check_collision": false}, {"head": [[0.9963992594583491, 0.005861593057242648, -0.08458225273474555, -0.006772424828673322], [-0.009501686812726562, 0.9990428422613576, -0.04269797740011253, -0.011213202064548377], [0.08425101600910191, 0.043347907137241896, 0.9955012432178348, 0.009752485935463968], [0.0, 0.0, 0.0, 1.0]], "antennas": [-0.13706597708754417, 0.07935634152996313], "body_yaw": -0.0, "check_collision": false}, {"head": [[0.9964384466739483, 0.00561514781929213, -0.08413615218784715, -0.0067891455439090705], [-0.009219626170322027, 0.9990533343683605, -0.042513922198973556, -0.011287901176229355], [0.0838177814266674, 0.043138210468543575, 0.9955469222062228, 0.009780914505222456], [0.0, 0.0, 0.0, 1.0]], "antennas": [-0.13706597708754417, 0.07935634152996313], "body_yaw": -0.0, "check_collision": false}, {"head": [[0.996483419616311, 0.005547664836533454, -0.08360632658264959, -0.006818735287929806], [-0.009109405214734398, 0.9990642611887266, -0.04228026433287642, -0.011247624568337965], [0.08329353616227934, 0.04289318629206301, 0.995601507332777, 0.009810961252916146], [0.0, 0.0, 0.0, 1.0]], "antennas": [-0.13706597708754417, 0.07935634152996313], "body_yaw": -0.0, "check_collision": false}, {"head": [[0.99649915378675, 0.005541536918092896, -0.0834189898696718, -0.006828970544075344], [-0.009084144980996894, 0.9990700719814716, -0.04214818597402824, -0.011303557344313065], [0.08310785048510894, 0.04275842185491012, 0.9956228214279854, 0.009829551195756465], [0.0, 0.0, 0.0, 1.0]], "antennas": [-0.13706597708754417, 0.07935634152996313], "body_yaw": -0.0, "check_collision": false}, {"head": [[0.99653821116069, 0.005487914103359425, -0.08295466530247987, -0.00666944019664794], [-0.008989566583696115, 0.9990814817764637, -0.041897260817183396, -0.010469501563999306], [0.08264854136214143, 0.04249794783445367, 0.9956722066225263, 0.009488023957511478], [0.0, 0.0, 0.0, 1.0]], "antennas": [-0.13706597708754417, 0.07935634152996313], "body_yaw": -0.0, "check_collision"