{"description": "A long affirmative response. You nod to confirm what your interlocutor said.", "time": [0.0, 0.010099411010742188, 0.020138263702392578, 0.03019547462463379, 0.0402064323425293, 0.05029487609863281, 0.06063079833984375, 0.07066154479980469, 0.0805506706237793, 0.09056472778320312, 0.10061359405517578, 0.11078691482543945, 0.12095451354980469, 0.13079309463500977, 0.1407773494720459, 0.15098953247070312, 0.16117095947265625, 0.1712193489074707, 0.18124628067016602, 0.1913306713104248, 0.2014470100402832, 0.21143627166748047, 0.22149944305419922, 0.2313976287841797, 0.24148893356323242, 0.25155186653137207, 0.2616150379180908, 0.27161335945129395, 0.28184986114501953, 0.2917628288269043, 0.3018186092376709, 0.31192970275878906, 0.3219795227050781, 0.33212828636169434, 0.34205007553100586, 0.3521718978881836, 0.3622019290924072, 0.3722217082977295, 0.3825256824493408, 0.39249324798583984, 0.4024372100830078, 0.41275787353515625, 0.42281651496887207, 0.43269872665405273, 0.4428260326385498, 0.453110933303833, 0.4633011817932129, 0.47331929206848145, 0.48336219787597656, 0.4933905601501465, 0.5033984184265137, 0.5134272575378418, 0.5234661102294922, 0.5335166454315186, 0.5435600280761719, 0.5536694526672363, 0.5637373924255371, 0.5736842155456543, 0.5838351249694824, 0.5938971042633057, 0.6038343906402588, 0.614091157913208, 0.6240711212158203, 0.6343381404876709, 0.6442384719848633, 0.6542694568634033, 0.6643445491790771, 0.6744461059570312, 0.6846103668212891, 0.6945295333862305, 0.7045340538024902, 0.7146396636962891, 0.7247169017791748, 0.7348690032958984, 0.7448039054870605, 0.7548449039459229, 0.764901876449585, 0.7749350070953369, 0.7850539684295654, 0.795100212097168, 0.8051061630249023, 0.8152215480804443, 0.8252685070037842, 0.8353748321533203, 0.8455760478973389, 0.8554697036743164, 0.865572452545166, 0.8756225109100342, 0.885714054107666, 0.8957419395446777, 0.905726432800293, 0.9159145355224609, 0.9259021282196045, 0.9358983039855957, 0.945953369140625, 0.9559924602508545, 0.9660844802856445, 0.9761641025543213, 0.986243724822998, 0.996295690536499, 1.0065820217132568, 1.0164551734924316, 1.026473045349121, 1.036512851715088, 1.046644926071167, 1.0566561222076416, 1.0667622089385986, 1.0767414569854736, 1.0868337154388428, 1.0969233512878418, 1.1069438457489014, 1.117147445678711, 1.127121925354004, 1.137110710144043, 1.147169589996338, 1.1572890281677246, 1.1672413349151611, 1.1773383617401123, 1.1874043941497803, 1.1974666118621826, 1.2074799537658691, 1.2176706790924072, 1.2276828289031982, 1.2376630306243896, 1.2478761672973633, 1.2577874660491943, 1.2680513858795166, 1.27817964553833, 1.288059949874878, 1.2982723712921143, 1.308060646057129, 1.3183541297912598, 1.3282685279846191, 1.3382444381713867, 1.348330020904541, 1.3584587574005127, 1.3684580326080322, 1.3786468505859375, 1.3887569904327393, 1.3987431526184082, 1.4087762832641602, 1.4188899993896484, 1.4289512634277344, 1.438908338546753, 1.4490718841552734, 1.4591588973999023, 1.4692344665527344, 1.4792077541351318, 1.4892635345458984, 1.4993760585784912, 1.5094094276428223, 1.519726037979126, 1.5303330421447754, 1.5399551391601562, 1.5499250888824463, 1.5598523616790771, 1.5698814392089844, 1.579991340637207, 1.590036153793335, 1.6001152992248535, 1.6102571487426758, 1.620469331741333, 1.6303882598876953, 1.640373945236206, 1.6505475044250488, 1.6605298519134521, 1.6706805229187012, 1.6809473037719727, 1.6909384727478027, 1.701005458831787, 1.711230754852295, 1.7212693691253662, 1.7311959266662598, 1.7412571907043457, 1.7514116764068604, 1.7614374160766602, 1.7714776992797852, 1.7815937995910645, 1.7916042804718018, 1.8016469478607178, 1.811751127243042, 1.8217780590057373, 1.831803321838379, 1.8419201374053955, 1.8518755435943604, 1.861767292022705, 1.87178373336792, 1.881946086883545, 1.8920066356658936, 1.902085304260254, 1.912069320678711, 1.9221079349517822, 1.9321770668029785, 1.9424123764038086, 1.9525766372680664, 1.9624183177947998, 1.9724481105804443, 1.9825208187103271, 1.992652177810669, 2.002624034881592, 2.0127854347229004, 2.0227792263031006, 2.032914638519287, 2.04286789894104, 2.053016424179077, 2.0630691051483154, 2.0730960369110107, 2.083186388015747, 2.093245267868042, 2.10329270362854, 2.1133041381835938, 2.1233432292938232, 2.133432626724243, 2.1434519290924072, 2.1535770893096924, 2.1636247634887695, 2.1736981868743896, 2.184217929840088, 2.1939592361450195, 2.203868865966797, 2.2139766216278076, 2.2239935398101807, 2.234116792678833, 2.244184970855713, 2.2542083263397217, 2.264279842376709, 2.2743139266967773, 2.2844667434692383, 2.29445743560791, 2.3044557571411133, 2.314592123031616, 2.3246164321899414, 2.3347156047821045, 2.3447859287261963, 2.3547627925872803, 2.364823579788208, 2.3748466968536377, 2.385073661804199, 2.395094633102417, 2.4052417278289795, 2.4154293537139893, 2.4254465103149414, 2.435563564300537, 2.445918321609497, 2.455925226211548, 2.4656553268432617, 2.4755876064300537, 2.485605239868164, 2.4957470893859863, 2.505702257156372, 2.5157954692840576, 2.5258238315582275, 2.535909652709961, 2.5459444522857666, 2.5560195446014404, 2.566082239151001, 2.576134204864502, 2.5863051414489746, 2.596310615539551, 2.606346845626831, 2.616539478302002, 2.626502513885498, 2.6369872093200684, 2.6466588973999023, 2.6566805839538574, 2.66672945022583, 2.676701307296753, 2.6868913173675537, 2.6969287395477295, 2.706885814666748, 2.7169973850250244, 2.727046012878418, 2.737105131149292, 2.7471961975097656, 2.757241725921631, 2.7673001289367676, 2.7774317264556885, 2.7874724864959717, 2.7975594997406006, 2.8075108528137207, 2.817669630050659, 2.827749252319336, 2.83784818649292, 2.847764492034912, 2.8577754497528076, 2.8680386543273926, 2.8781070709228516, 2.888094425201416, 2.8980815410614014, 2.9081835746765137, 2.918222665786743, 2.928339958190918, 2.9382877349853516, 2.9483959674835205, 2.9584805965423584, 2.968488931655884, 2.978628635406494, 2.988647937774658, 2.9987387657165527, 3.009056806564331, 3.019055128097534, 3.028939723968506, 3.038975238800049, 3.049093723297119, 3.059080123901367, 3.069312334060669, 3.07918643951416, 3.0892539024353027, 3.099275827407837, 3.1093807220458984, 3.119399309158325, 3.129465103149414, 3.139737367630005, 3.14988112449646, 3.1597206592559814, 3.1697537899017334, 3.1801016330718994, 3.1901795864105225, 3.200112819671631, 3.2100026607513428, 3.220066785812378, 3.2302491664886475, 3.2401771545410156, 3.2503349781036377, 3.260387897491455, 3.2703237533569336, 3.280503988265991, 3.2904868125915527, 3.3005659580230713, 3.310678720474243, 3.320690870285034, 3.330764055252075, 3.3408098220825195, 3.3509340286254883, 3.3609466552734375, 3.3709776401519775, 3.3813283443450928, 3.391242265701294, 3.401244640350342, 3.411271572113037], "set_target_data": [{"head": [[0.9898230545180533, 0.1330181762284135, 0.050561700301881334, -0.001308538556971735], [-0.13006432355858571, 0.9898185542535565, -0.05781437012237048, -0.006894138614283325], [-0.05773727116688201, 0.0506497230818259, 0.9970461439020443, 0.02], [0.0, 0.0, 0.0, 1.0]], "antennas": [-0.16918112798910864, 0.3676850607212992], "body_yaw": -0.0, "check_collision": false}, {"head": [[0.9898241711657211, 0.1330141007393003, 0.05055056063594413, -0.0013142219287563452], [-0.13006175561635575, 0.9898198415225471, -0.05779810597477223, -0.0068606483395546106], [-0.057723911008215244, 0.050635267677725505, 0.9970476517023249, 0.02], [0.0, 0.0, 0.0, 1.0]], "antennas": [-0.16918112798910864, 0.3676850607212992], "body_yaw": -0.0, "check_collision": false}, {"head": [[0.9898606558559316, 0.1327664311476255, 0.050487193908832946, -0.0013174325167867266], [-0.12982309264979744, 0.9898570114467562, -0.05769801993603358, -0.007218147045432223], [-0.05763546307012197, 0.050558596203016094, 0.9970566592459394, 0.02], [0.0, 0.0, 0.0, 1.0]], "antennas": [-0.16918112798910864, 0.3676850607212992], "body_yaw": -0.0, "check_collision": false}, {"head": [[0.9898739937026698, 0.13269226309054366, 0.05042062977627862, -0.0013279502144176829], [-0.12975367297106333, 0.9898674987174899, -0.05767425190930637, -0.007195874537851456], [-0.05756266968830549, 0.05054798016429262, 0.997061402702795, 0.02], [0.0, 0.0, 0.0, 1.0]], "antennas": [-0.16918112798910864, 0.3676850607212992], "body_yaw": -0.0, "check_collision": false}, {"head": [[0.9898899144099161, 0.1325676154007399, 0.05043594647164167, -0.0013372058648742618], [-0.12962686538864987, 0.9898827157206888, -0.05769822256315002, -0.007173771590523171], [-0.05757458744134992, 0.05057703495061222, 0.997059241177054, 0.02], [0.0, 0.0, 0.0, 1.0]], "antennas": [-0.16918112798910864, 0.3676850607212992], "body_yaw": -0.0, "check_collision": false}, {"head": [[0.9898900671501831, 0.13257074620650264, 0.0504247182208996, -0.0012340171374806193], [-0.12964970837427817, 0.9898990023590992, -0.05736652549113275, -0.0068039945031915985], [-0.05752050135274103, 0.050249003758395305, 0.9970789485017815, 0.02], [0.0, 0.0, 0.0, 1.0]], "antennas": [-0.16918112798910864, 0.3676850607212992], "body_yaw": -0.0, "check_collision": false}, {"head": [[0.9898978391984129, 0.13249690674750011, 0.05046620307351719, -0.0012303400845764716], [-0.1295701240654559, 0.9899057530689812, -0.057429809250907085, -0.006763000491415573], [-0.05756605683886632, 0.050310731889701824, 0.9970732066186249, 0.02], [0.0, 0.0, 0.0, 1.0]], "antennas": [-0.16918112798910864, 0.3676850607212992], "body_yaw": -0.0, "check_collision": false}, {"head": [[0.9899066883781047, 0.1324146635341581, 0.05050846647275584, -0.0012247730002049899], [-0.1294845778878999, 0.9899157718247197, -0.0574500546724005, -0.006719514257230439], [-0.05760635723152598, 0.05033012590690711, 0.9970699002741527, 0.02], [0.0, 0.0, 0.0, 1.0]], "antennas": [-0.16918112798910864, 0.3676850607212992], "body_yaw": -0.0, "check_collision": false}, {"head": [[0.9898824667041256, 0.13259268917220018, 0.05051614484340281, -0.001125068930723728], [-0.129651555728712, 0.9898831942135875, -0.05763450277940646, -0.006241943431465379], [-0.05764699652956797, 0.05050188701018053, 0.9970588664665345, 0.02], [0.0, 0.0, 0.0, 1.0]], "antennas": [-0.16918112798910864, 0.3676850607212992], "body_yaw": -0.0, "check_collision": false}, {"head": [[0.9898904531098098, 0.13258219138608326, 0.050387035726651916, -0.0011201916707239195], [-0.12964788178521555, 0.9898839612644875, -0.05762959291833285, -0.006182514612838752], [-0.057517976239273946, 0.050514411395066, 0.997065683217885, 0.02], [0.0, 0.0, 0.0, 1.0]], "antennas": [-0.16918112798910864, 0.3676850607212992], "body_yaw": -0.0, "check_collision": false}, {"head": [[0.9898991569895986, 0.13254791931702287, 0.05030614352153656, -0.0011140179413188867], [-0.12961372593165543, 0.9898844068453149, -0.05769872732229223, -0.006122669469598628], [-0.0574451132943016, 0.050595554836630856, 0.9970657695404941, 0.02], [0.0, 0.0, 0.0, 1.0]], "antennas": [-0.16918112798910864, 0.3676850607212992], "body_yaw": -0.0, "check_collision": false}, {"head": [[0.9899029171140132, 0.13250132636619077, 0.05035487265763783, -0.0011065367284424608], [-0.1295566064157343, 0.9898837334783028, -0.057838394938782, -0.006060681996549289], [-0.05750913338944724, 0.05073058945307268, 0.9970552175634698, 0.02], [0.0, 0.0, 0.0, 1.0]], "antennas": [-0.16918112798910864, 0.3676850607212992], "body_yaw": -0.0, "check_collision": false}, {"head": [[0.9899108242664618, 0.1324386012442672, 0.05036444083433841, -0.0010950702909404844], [-0.12948428510144, 0.9898839572926323, -0.05799630166179958, -0.005997524964469666], [-0.057535901069354876, 0.05088976316647032, 0.9970455616936457, 0.02], [0.0, 0.0, 0.0, 1.0]], "antennas": [-0.16918112798910864, 0.3676850607212992], "body_yaw": -0.0, "check_collision": false}, {"head": [[0.9898780347005454, 0.132566719831379, 0.05067091089110981, -0.0009547139552411182], [-0.12957500865059782, 0.9898500519636155, -0.05837115521235982, -0.005655562811795861], [-0.05789467635787961, 0.051214640687762006, 0.9970081579549086, 0.02], [0.0, 0.0, 0.0, 1.0]], "antennas": [-0.16918112798910864, 0.3676850607212992], "body_yaw": -0.0, "check_collision": false}, {"head": [[0.9898788486374496, 0.13249873598691966, 0.05083256812384549, -0.000929264471588801], [-0.12949359688117204, 0.9898555098039687, -0.05845920011000204, -0.005588925540595677], [-0.05806266775625573, 0.05128503361209112, 0.9969947702673435, 0.02], [0.0, 0.0, 0.0, 1.0]], "antennas": [-0.16918112798910864, 0.3676850607212992], "body_yaw": -0.0, "check_collision": false}, {"head": [[0.9899115314404288, 0.13230635991303996, 0.05069701221794163, -0.0009558844616073094], [-0.12928819889204873, 0.9898619725351779, -0.05880337537945069, -0.006228799275998093], [-0.05796310506274691, 0.05165561397687258, 0.9969814321220617, 0.02], [0.0, 0.0, 0.0, 1.0]], "antennas": [-0.16918112798910864, 0.3676850607212992], "body_yaw": -0.0, "check_collision": false}, {"head": [[0.9899138904144891, 0.13225075259715646, 0.05079594473909202, -0.0009228784389036758], [-0.12922598928983697, 0.9898685861288047, -0.05882878451425354, -0.006192133704982394], [-0.05806146102634788, 0.0516712747360393, 0.9969748974325476, 0.02], [0.0, 0.0, 0.0, 1.0]], "antennas": [-0.16918112798910864, 0.3676850607212992], "body_yaw": -0.0, "check_collision": false}, {"head": [[0.9899527657734225, 0.13207170222884004, 0.05050333660193122, -0.0009500482210648333], [-0.1290563644325057, 0.989884807271772, -0.05892811834762234, -0.006546100034868727], [-0.057775222518097136, 0.051818276726495964, 0.9969838964898484, 0.02], [0.0, 0.0, 0.0, 1.0]], "antennas": [-0.16918112798910864, 0.3676850607212992], "body_yaw": -0.0, "check_collision": false}, {"head": [[0.9899523371596913, 0.13206752524797802, 0.050522657560143416, -0.0009195475927542066], [-0.12905054070688501, 0.9898849062434154, -0.05893920880640719, -0.006524079973171663], [-0.05779557158922678, 0.05182703123216056, 0.9969822619978428, 0.02], [0.0, 0.0, 0.0, 1.0]], "antennas": [-0.16918112798910864, 0.3676850607212992], "body_yaw": -0.0, "check_collision": false}, {"head": [[0.9899553156977022, 0.1320275666873039, 0.050568711240172745, -0.0008904900559244975], [-0.1290041584033069, 0.9898868111109206, -0.05900871379132713, -0.0064983723248832476], [-0.05784807720674005, 0.05189241585513028, 0.9969758157248354, 0.02], [0.0, 0.0, 0.0, 1.0]], "antennas": [-0.16918112798910864, 0.3676850607212992], "body_yaw": -0.0, "check_collision": false}, {"head": [[0.9899678274134593, 0.13190325362015726, 0.050648123071757915, -0.0008646857017428379], [-0.12887244619237265, 0.9899006059664853, -0.059065073601744136, -0.006470524780165429], [-0.05792748310318239, 0.05194537507422492, 0.9969684471986708, 0.02], [0.0, 0.0, 0.0, 1.0]], "antennas": [-0.16918112798910864, 0.3676850607212992], "body_yaw": -0.0, "check_collision": false}, {"head": [[0.9900037344918862, 0.13172554851408724, 0.05040818942177326, -0.0009729282534060094], [-0.12870316775282098, 0.9899184068553447, -0.05913579609141096, -0.00666703565067805], [-0.057689689741822564, 0.05205696531338109, 0.9969764149967908, 0.02], [0.0, 0.0, 0.0, 1.0]], "antennas": [-0.16918112798910864, 0.3676850607212992], "body_yaw": -0.0, "check_collision": false}, {"head": [[0.9900192792970709, 0.1315708041944843, 0.05050693124438687, -0.0009672763406526619], [-0.12853969814929322, 0.9899359515860755, -0.059197616143388115, -0.006644483934919161], [-0.05778730500548656, 0.052114635573781154, 0.9969677487959252, 0.02], [0.0, 0.0, 0.0, 1.0]], "antennas": [-0.16918112798910864, 0.3676850607212992], "body_yaw": -0.0, "check_collision": false}, {"head": [[0.9900731680961266, 0.1312505990875533, 0.05028321842580939, -0.00108499373989915], [-0.12824058348036768, 0.9899844323427822, -0.05903538318292016, -0.00716651751168337], [-0.05752803285976457, 0.05200099958748598, 0.9969886767045995, 0.02], [0.0, 0.0, 0.0, 1.0]], "antennas": [-0.16918112798910864, 0.3676850607212992], "body_yaw": -0.0, "check_collision": false}, {"head": [[0.9900825729612829, 0.13120475211616933, 0.050217643717133074, -0.0010862609634476588], [-0.1281930011874563, 0.9899852526695729, -0.059124901211883615, -0.007156440055410862], [-0.057472194711174755, 0.052100983857281694, 0.9969866771006444, 0.02], [0.0, 0.0, 0.0, 1.0]], "antennas": [-0.16918112798910864, 0.3676850607212992], "body_yaw": -0.0, "check_collision": false}, {"head": [[0.9901119756676221, 0.13109081169389672, 0.049934704655110726, -0.0012018501737352293], [-0.12809763817873934, 0.9900015251251777, -0.05905908349145601, -0.007795351095121994], [-0.05717753695802752, 0.05207858810737198, 0.9970047893205709, 0.02], [0.0, 0.0, 0.0, 1.0]], "antennas": [-0.16918112798910864, 0.3676850607212992], "body_yaw": -0.0, "check_collision": false}, {"head": [[0.9901193474001102, 0.13103677718435255, 0.04993036079499419, -0.0012015692662697385], [-0.12804108757043084, 0.990005979728393, -0.05910702154402703, -0.007816390843906609], [-0.05717654936913576, 0.052129867898961235, 0.997002166033292, 0.02], [0.0, 0.0, 0.0, 1.0]], "antennas": [-0.16918112798910864, 0.3676850607212992], "body_yaw": -0.0, "check_collision": false}, {"head": [[0.9901549017612598, 0.1307329573967659, 0.0500216390019954, -0.0011618861009449694], [-0.12774829589409362, 0.9900601622958668, -0.05883237145345615, -0.007648199994098524], [-0.057215761939396204, 0.05186298183654436, 0.9970138352604326, 0.02], [0.0, 0.0, 0.0, 1.0]], "antennas": [-0.16918112798910864, 0.3676850607212992], "body_yaw": -0.0, "check_collision": false}, {"head": [[0.9901586294842121, 0.13067914727368746, 0.050088411092471176, -0.0011612984525073838], [-0.12768992481517194, 0.9900665614045097, -0.05885139836355415, -0.00765834304589183], [-0.05728151149055178, 0.05187643450037712, 0.9970093600287239, 0.02], [0.0, 0.0, 0.0, 1.0]], "antennas": [-0.16918112798910864, 0.3676850607212992], "body_yaw": -0.0, "check_collision": false}, {"head": [[0.990156081896005, 0.13073328420687513, 0.04999741878173602, -0.0011346599229268813], [-0.12773464085681624, 0.9900461042308935, -0.059097995079452695, -0.007536505884233302], [-0.05722582467323684, 0.05212983692392738, 0.9969993405678625, 0.02], [0.0, 0.0, 0.0, 1.0]], "antennas": [-0.16918112798910864, 0.3676850607212992], "body_yaw": -0.0, "check_collision": false}, {"head": [[0.9901597359858895, 0.13072964384252572, 0.04993453167057958, -0.001141751067238908], [-0.12773004975173008, 0.9900422807035308, -0.05917192585822845, -0.0075484514101456564], [-0.05717282241392585, 0.052211518270947624, 0.9969981071883076, 0.02], [0.0, 0.0, 0.0, 1.0]], "antennas": [-0.16918112798910864, 0.3676850607212992], "body_yaw": -0.0, "check_collision": false}, {"head": [[0.9901715242075441, 0.13076447227784865, 0.04960852183248615, -0.001137491966809327], [-0.1277764736712958, 0.9900305455416581, -0.059267964960973064, -0.00759549400263748], [-0.0568640960944352, 0.05234664921828546, 0.9970086774401616, 0.02], [0.0, 0.0, 0.0, 1.0]], "antennas": [-0.16918112798910864, 0.3676850607212992], "body_yaw": -0.0, "check_collision": false}, {"head": [[0.990179267764505, 0.1307250327252217, 0.04955788038584478, -0.0011536341012301603], [-0.1277348225254993, 0.99003079447016, -0.05935352656045302, -0.007613215381356304], [-0.056822819392627615, 0.052440364413044685, 0.9970061059875708, 0.02], [0.0, 0.0, 0.0, 1.0]], "antennas": [-0.16918112798910864, 0.3676850607212992], "body_yaw": -0.0, "check_collision": false}, {"head": [[0.9901803293235192, 0.13063574760486185, 0.04977164723500517, -0.0008190548882430222], [-0.1276126040765267, 0.9900237431139648, -0.059732833110623856, -0.007485016183141036], [-0.05707835580651044, 0.05279478684806707, 0.9969728039320291, 0.02], [0.0, 0.0, 0.0, 1.0]], "antennas": [-0.16918112798910864, 0.3676850607212992], "body_yaw": -0.0, "check_collision": false}, {"head": [[0.9901920529002431, 0.13055486261775837, 0.049750640398498594, -0.0007791962175541017], [-0.12752946882268432, 0.9900308953167745, -0.05979181298531065, -0.007512732070951791], [-0.057060782986272374, 0.05286070530294326, 0.9969703169502437, 0.02], [0.0, 0.0, 0.0, 1.0]], "antennas": [-0.16918112798910864, 0.3676850607212992], "body_yaw": -0.0, "check_collision": false}, {"head": [[0.9901865308170774, 0.1307295942415313, 0.04940047953093335, -0.001085135329325546], [-0.12773007247859897, 0.9900128115876585, -0.059662898663338335, -0.007294198404045094], [-0.0567068141677297, 0.05276747181497815, 0.9969954519180129, 0.02], [0.0, 0.0, 0.0, 1.0]], "antennas": [-0.16918112798910864, 0.3676850607212992], "body_yaw": -0.0, "check_collision": false}, {"head": [[0.9901969373382483, 0.1306732921308207, 0.04934081484578982, -0.0011044841577160514], [-0.1276674969972081, 0.9900108568439149, -0.0598290359411332, -0.007282170590108347], [-0.05666599947429841, 0.0529433098216454, 0.9969884505091863, 0.02], [0.0, 0.0, 0.0, 1.0]], "antennas": [-0.16918112798910864, 0.3676850607212992], "body_yaw": -0.0, "check_collision": false}, {"head": [[0.9902066573098149, 0.1306182479287227, 0.04929147114211087, -0.0011298919272402811], [-0.1276037440779553, 0.9900069911766546, -0.06002867580277954, -0.007269428527024656], [-0.05663974149491245, 0.05315101814056107, 0.9969788909269902, 0.02], [0.0, 0.0, 0.0, 1.0]], "antennas": [-0.16918112798910864, 0.3676850607212992], "body_yaw": -0.0, "check_collision": false}, {"head": [[0.9902295476979599, 0.13048462033972658, 0.04918543199658553, -0.001094510416290116], [-0.1274716155921361, 0.9900195385190005, -0.06010241733038237, -0.007832766828617709], [-0.05653697979397205, 0.05324544304841667, 0.9969796852044446, 0.02], [0.0, 0.0, 0.0, 1.0]], "antennas": [-0.16918112798910864, 0.3676850607212992], "body_yaw": -0.0, "check_collision": false}, {"head": [[0.9902332281211365, 0.1304998500617959, 0.04907079639299534, -0.001112457895487389], [-0.12748101491177052, 0.9900054914304057, -0.06031349579245355, -0.007848380905479378], [-0.05645126005554666, 0.05346883271112395, 0.9969725869684941, 0.02], [0.0, 0.0, 0.0, 1.0]], "antennas": [-0.16918112798910864, 0.3676850607212992], "body_yaw": -0.0, "check_collision": false}, {"head": [[0.9902413884302745, 0.1304624346036888, 0.049005569040266476, -0.0011286405888116151], [-0.12744128338232044, 0.9900043301275031, -0.060416435004566296, -0.007868701933113825], [-0.056397800750997366, 0.05358152187155671, 0.9969695625165187, 0.02], [0.0, 0.0, 0.0, 1.0]], "antennas": [-0.16918112798910864, 0.3676850607212992], "body_yaw": -0.0, "check_collision": false}, {"head": [[0.9902481832958093, 0.13040876949367008, 0.04901110403261941, -0.001142704369763021], [-0.12738490403673058, 0.9900089643249634, -0.060459381238700545, -0.0078923087664091], [-0.05640586585544419, 0.053626517650882506, 0.9969666869568599, 0.02], [0.0, 0.0, 0.0, 1.0]], "antennas": [-0.16918112798910864, 0.3676850607212992], "body_yaw": -0.0, "check_collision": false}, {"head": [[0.9902820057684335, 0.1301867409838268, 0.048917905957416845, -0.001161786408601458], [-0.1271837590784263, 0.9900518940206822, -0.060179220439793596, -0.0083771021818482], [-0.056265802028670174, 0.05337283595679028, 0.99698821452613, 0.02], [0.0, 0.0, 0.0, 1.0]], "antennas": [-0.16918112798910864, 0.3676850607212992], "body_yaw": -0.0, "check_collision": false}, {"head": [[0.9902771014520211, 0.1302160910976854, 0.04893906373258804, -0.0011667258389884147], [-0.12721408360511077, 0.9900502729006775, -0.06014178299489652, -0.00842545515281164], [-0.05628356129719313, 0.053331292395109295, 0.9969894352394973, 0.02], [0.0, 0.0, 0.0, 1.0]], "antennas": [-0.16918112798910864, 0.3676850607212992], "body_yaw": -0.0, "check_collision": false}, {"head": [[0.9902777216144424, 0.1302390298760978, 0.04886541896926987, -0.001175661182784644], [-0.12724437026076685, 0.9900500579272706, -0.060081220320074485, -0.008469346572867487], [-0.056204130729424574, 0.05327924450610541, 0.9969966989884214, 0.02], [0.0, 0.0, 0.0, 1.0]], "antennas": [-0.16918112798910864, 0.3676850607212992], "body_yaw": -0.0, "check_collision": false}, {"head": [[0.9902791538776605, 0.13025243135078163, 0.048800630349975435, -0.0011919628421610705], [-0.1272642387776622, 0.9900507451106415, -0.06002779051577618, -0.008512924330599523], [-0.056133866103157404, 0.05323369452774858, 0.9970030906889102, 0.02], [0.0, 0.0, 0.0, 1.0]], "antennas": [-0.16918112798910864, 0.3676850607212992], "body_yaw": -0.0, "check_collision": false}, {"head": [[0.9902808751707094, 0.1304775005759083, 0.048160254511349324, -0.001384978023362144], [-0.1275110731519567, 0.9900054769358517, -0.060250160669107634, -0.00865904694702544], [-0.05554020611026245, 0.05352361610056624, 0.9970208162444498, 0.02], [0.0, 0.0, 0.0, 1.0]], "antennas": [-0.16918112798910864, 0.3676850607212992], "body_yaw": -0.0, "check_collision": false}, {"head": [[0.9902756886019234, 0.13057312961241233, 0.04800748261684627, -0.0014369864828660001], [-0.12761450041758285, 0.9899917395437621, -0.060256907639597485, -0.008708850598713543], [-0.055394944238236876, 0.053544499795370265, 0.9970277762903632, 0.02], [0.0, 0.0, 0.0, 1.0]], "antennas": [-0.16918112798910864, 0.3676850607212992], "body_yaw": -0.0, "check_collision": false}, {"head": [[0.9902736886799639, 0.13062606613893596, 0.04790461724347725, -0.0014862722141971933], [-0.12767498419118561, 0.9899861785953532, -0.0602201345228455, -0.008766662567441498], [-0.05529122823701994, 0.05351819349749609, 0.9970349457490475, 0.02], [0.0, 0.0, 0.0, 1.0]], "antennas": [-0.16918112798910864, 0.3676850607212992], "body_yaw": -0.0, "check_collision": false}, {"head": [[0.9902045044298139, 0.1309845638794893, 0.04835373235031947, -0.0013349113877726788], [-0.12802735205935506, 0.9899602637156142, -0.059897190157645594, -0.007790185508962148], [-0.055713880959562555, 0.05311986718179161, 0.9970327192118683, 0.02], [0.0, 0.0, 0.0, 1.0]], "antennas": [-0.16918112798910864, 0.3676850607212992], "body_yaw": -0.0, "check_collision": false}, {"head": [[0.990194306879049, 0.13105410985787708, 0.04837411408676359, -0.001362187363237245], [-0.1280951431389044, 0.989950788251367, -0.05990885698058949, -0.0077939787956696135], [-0.0557392942953472, 0.053124920045649206, 0.997031029578117, 0.02], [0.0, 0.0, 0.0, 1.0]], "antennas": [-0.16918112798910864, 0.3676850607212992], "body_yaw": -0.0, "check_collision": false}, {"head": [[0.9901750522563607, 0.13107000915744701, 0.04872390161491615, -0.0013130812633000222], [-0.12811049505429092, 0.9899682085955716, -0.05958730592181035, -0.0074553511488447445], [-0.056045222330344695, 0.05275982059808084, 0.9970332664381869, 0.02], [0.0, 0.0, 0.0, 1.0]], "antennas": [-0.16918112798910864, 0.3676850607212992], "body_yaw": -0.0, "check_collision": false}, {"head": [[0.9901709506570691, 0.13107326676577616, 0.048798434546860385, -0.0013273147352254218], [-0.1281084546161644, 0.9899670239256076, -0.05961136968510238, -0.007432527696214889], [-0.05612229798159265, 0.05277395455358146, 0.997028182846424, 0.02], [0.0, 0.0, 0.0, 1.0]], "antennas": [-0.16918112798910864, 0.3676850607212992], "body_yaw": -0.0, "check_collision": false}, {"head": [[0.9901189723913172, 0.13129979680521572, 0.04924209448907594, -0.0010949003579693948], [-0.1283019396486069, 0.9899318326323734, -0.05977941973217717, -0.006577420761445836], [-0.056595342504196004, 0.05287088140006408, 0.996996307468996, 0.02], [0.0, 0.0, 0.0, 1.0]], "antennas": [-0.16918112798910864, 0.3676850607212992], "body_yaw": -0.0, "check_collision": false}, {"head": [[0.9901208421636665, 0.1312673117460765, 0.049291082155606056, -0.0010900877474891851], [-0.1282650579246313, 0.9899346924970062, -0.05981119883808794, -0.006513197019349019], [-0.05664620754034039, 0.052897991056529564, 0.9969919807668868, 0.02], [0.0, 0.0, 0.0, 1.0]], "antennas": [-0.16918112798910864, 0.3676850607212992], "body_yaw": -0.0, "check_collision": false}, {"head": [[0.9901173003671074, 0.13124421109405285, 0.04942356288301, -0.0010905257979651395], [-0.12822953421458874, 0.9899335609942522, -0.05990602116940096, -0.006441168700510211], [-0.0567883620899631, 0.05297642750826826, 0.9969797290113779, 0.02], [0.0, 0.0, 0.0, 1.0]], "antennas": [-0.16918112798910864, 0.3676850607212992], "body_yaw": -0.0, "check_collision": false}, {"head": [[0.9901160022724315, 0.13121824018424008, 0.04951843582959357, -0.0010796024188825665], [-0.12819696004404638, 0.9899361162496793, -0.05993350632131174, -0.006369806431154923], [-0.05688445727546037, 0.0529930107415366, 0.9969733694201784, 0.02], [0.0, 0.0, 0.0, 1.0]], "antennas": [-0.16918112798910864, 0.3676850607212992], "body_yaw": -0.0, "check_collision": false}, {"head": [[0.990086823307178, 0.1313189620646479, 0.04983384909641066, -0.0009137872265638242], [-0.12829746606147477, 0.9899405297895933, -0.059644846232540155, -0.0063518993306659385], [-0.057165046275718126, 0.0526600197698614, 0.9969749644811209, 0.02], [0.0, 0.0, 0.0, 1.0]], "antennas": [-0.16918112798910864, 0.3676850607212992], "body_yaw": -0.0, "check_collision": false}, {"head": [[0.9900714868092186, 0.13139931147726977, 0.0499266657276695, -0.0008726439803127201], [-0.12837824972287556, 0.989935662157689, -0.05955174041544583, -0.006292754359303118], [-0.0572492445843088, 0.0525509822145798, 0.9969758865001744, 0.02], [0.0, 0.0, 0.0, 1.0]], "antennas": [-0.16918112798910864, 0.3676850607212992], "body_yaw": -0.0, "check_collision": false}, {"head": [[0.9900503522857305, 0.13144415048693064, 0.05022683786253912, -0.0007729555177274881], [-0.12842738610202842, 0.9899502007267899, -0.05920309603381203, -0.005986022418508255], [-0.05750396888825314, 0.052163544585825256, 0.9969815736403262, 0.02], [0.0, 0.0, 0.0, 1.0]], "antennas": [-0.16918112798910864, 0.3676850607212992], "body_yaw": -0.0, "check_collision": false}, {"head": [[0.9900327354965635, 0.1315493225719071, 0.050298691593960713, -0.0007388330728781431], [-0.12854196805202667, 0.9899489528855591, -0.05897485167507604, -0.005916846564459987], [-0.05755123886159002, 0.05192154092144997, 0.9969914786465524, 0.02], [0.0, 0.0, 0.0, 1.0]], "antennas": [-0.16918112798910864, 0.3676850607212992], "body_yaw": -0.0, "check_collision": false}, {"head": [[0.9900323089135551, 0.13152193871509102, 0.050378635788582204, -0.0005986613325553881], [-0.12852941154869954, 0.9899701052144816, -0.05864623729254091, -0.005314193196367839], [-0.057586610199245034, 0.0515865333032938, 0.9970068264096832, 0.02], [0.0, 0.0, 0.0, 1.0]], "antennas": [-0.16918112798910864, 0.3676850607212992], "body_yaw": -0.0, "check_collision": false}, {"head": [[0.9900385729292271, 0.1314851028685843, 0.050351681559783174, -0.0005770417848902313], [-0.12850639717307114, 0.9899858219632431, -0.05843096950555709, -0.005225207093048001], [-0.05753025289234269, 0.05137840047529941, 0.9970208272482293, 0.02], [0.0, 0.0, 0.0, 1.0]], "antennas": [-0.16918112798910864, 0.3676850607212992], "body_yaw": -0.0, "check_collision": false}, {"head": [[0.9900325018535233, 0.1314508039111263, 0.05056017627314925, -0.0006226034495929031], [-0.12847454339058506, 0.9900033716885579, -0.0582032279677657, -0.005376976762786798], [-0.05770560609017093, 0.051127391840437686, 0.9970235969270538, 0.02], [0.0, 0.0, 0.0, 1.0]], "antennas": [-0.16918112798910864, 0.3676850607212992], "body_yaw": -0.0, "check_collision": false}, {"head": [[0.990042370572927, 0.13136278591754597, 0.05059568110343339, -0.0006154339501478565], [-0.12838927501514508, 0.9900190679471456, -0.05812434225133918, -0.005292132714048024], [-0.05772606457593296, 0.05104961877474069, 0.997026397790715, 0.02], [0.0, 0.0, 0.0, 1.0]], "antennas": [-0.16918112798910864, 0.3676850607212992], "body_yaw": -0.0, "check_collision": false}, {"head": [[0.9900784280282141, 0.13113075149107598, 0.050491903970503065, -0.0006811664175609463], [-0.12817545486615908, 0.9900598513422643, -0.057901153097214816, -0.006482327461702126], [-0.05758262865686176, 0.05085485988103375, 0.997044644990106, 0.02], [0.0, 0.0, 0.0, 1.0]], "antennas": [-0.16918112798910864, 0.3676850607212992], "body_yaw": -0.0, "check_collision": false}, {"head": [[0.9900766490866327, 0.1311185277108865, 0.05055848716401916, -0.0006422925505798474], [-0.12816494915478716, 0.9900663802746585, -0.05781270152817643, -0.006464314335940401], [-0.05763657468600665, 0.05075917986694309, 0.9970464035929821, 0.02], [0.0, 0.0, 0.0, 1.0]], "antennas": [-0.16918112798910864, 0.3676850607212992], "body_yaw": -0.0, "check_collision": false}, {"head": [[0.9900763093776307, 0.13109986566515316, 0.05061350444050279, -0.0006044455794421118], [-0.12814297146773665, 0.9900687052048555, -0.0578216035526485, -0.006443855828667491], [-0.05769125126558476, 0.05076203499230122, 0.9970430960248666, 0.02], [0.0, 0.0, 0.0, 1.0]], "antennas": [-0.16918112798910864, 0.3676850607212992], "body_yaw": -0.0, "check_collision": false}, {"head": [[0.9900698424491732, 0.1311173407021468, 0.05069467466969414, -0.0005622495554900853], [-0.1281592172648316, 0.9900695271828494, -0.05777150139986377, -0.006423657519233152], [-0.05776609821283295, 0.05070083146385203, 0.9970418765458846, 0.02], [0.0, 0.0, 0.0, 1.0]], "antennas": [-0.16918112798910864, 0.3676850607212992], "body_yaw": -0.0, "check_collision": false}, {"head": [[0.99004996206963, 0.13123903966781647, 0.050767972906089406, -0.0005180141097675074], [-0.1282771565196844, 0.9900542200004869, -0.05777207434783481, -0.00640038601784264], [-0.05784499737357174, 0.050684868810096165, 0.9970381137913208, 0.02], [0.0, 0.0, 0.0, 1.0]], "antennas": [-0.16918112798910864, 0.3676850607212992], "body_yaw": -0.0, "check_collision": false}, {"head": [[0.9900051448210401, 0.13158927904559076, 0.05073534141142223, -0.0006209136576594389], [-0.12861110235782625, 0.989992790013591, -0.05808149508588036, -0.005304256694526048], [-0.05787052426042698, 0.05097585076649582, 0.9970217976857155, 0.02], [0.0, 0.0, 0.0, 1.0]], "antennas": [-0.16918112798910864, 0.3676850607212992], "body_yaw": -0.0, "check_collision": false}, {"head": [[0.9899878363903653, 0.13167316174491464, 0.050855307247336834, -0.000609574591103508], [-0.12868910323822944, 0.989982907153792, -0.058077174957696, -0.005231541780922137], [-0.05799309016481023, 0.05095117289546976, 0.9970159374221218, 0.02], [0.0, 0.0, 0.0, 1.0]], "antennas": [-0.16918112798910864, 0.3676850607212992], "body_yaw": -0.0, "check_collision": false}, {"head": [[0.989980370465164, 0.13168958900548755, 0.05095800468250976, -0.0005966835669770796], [-0.12870042829847916, 0.9899815812305649, -0.05807468105826104, -0.0051571550440052995], [-0.0580953169321327, 0.050934477240828585, 0.9970108390477803, 0.02], [0.0, 0.0, 0.0, 1.0]], "antennas": [-0.16918112798910864, 0.3676850607212992], "body_yaw": -0.0, "check_collision": false}, {"head": [[0.9899807437672263, 0.13156199922857623, 0.051279307026021514, -0.0005766427979128344], [-0.12856633948282206, 0.9900089161327617, -0.057905460274673526, -0.005004041945311136], [-0.058385129288857626, 0.05073249783535354, 0.9970042077851571, 0.02], [0.0, 0.0, 0.0, 1.0]], "antennas": [-0.16918112798910864, 0.3676850607212992], "body_yaw": -0.0, "check_collision": false}, {"head": [[0.9899712529055532, 0.1315620056830362, 0.05146219079349242, -0.0005537608873691213], [-0.12856058874213164, 0.990013193075634, -0.05784507376141794, -0.004922471325726978], [-0.058558461753068246, 0.05064895059963377, 0.9969982900488196, 0.02], [0.0, 0.0, 0.0, 1.0]], "antennas": [-0.16918112798910864, 0.3676850607212992], "body_yaw": -0.0, "check_collision": false}, {"head": [[0.9899140395514566, 0.1318106446328011, 0.0519244476176923, -0.00056925784939078], [-0.12878225894519416, 0.989980911824211, -0.05790443855765028, -0.004806119483490447], [-0.05903663337191581, 0.0506334690218749, 0.9969708760715735, 0.02], [0.0, 0.0, 0.0, 1.0]], "antennas": [-0.16918112798910864, 0.3676850607212992], "body_yaw": -0.0, "check_collision": false}, {"head": [[0.989887834848583, 0.13193083509752365, 0.05211841487665257, -0.0005525367696924011], [-0.12890269889662456, 0.9899751565886834, -0.05773459581895655, -0.00472700019232135], [-0.059212909369081024, 0.050432569711270435, 0.9969706050212148, 0.02], [0.0, 0.0, 0.0, 1.0]], "antennas": [-0.16918112798910864, 0.3676850607212992], "body_yaw": -0.0, "check_collision": false}, {"head": [[0.9898558446574623, 0.1321137159108674, 0.05226253788025607, -0.0005399787425182032], [-0.12908782335776947, 0.9899603430526726, -0.057574760475307254, -0.0046482804611973644], [-0.059344255477812545, 0.05024425590312109, 0.9969723035724345, 0.02], [0.0, 0.0, 0.0, 1.0]], "antennas": [-0.16918112798910864, 0.3676850607212992], "body_yaw": -0.0, "check_collision": false}, {"head": [[0.9898311263829765, 0.13224561869368787, 0.05239692338040544, -0.0005317726303973131], [-0.12922351486843023, 0.989952905854448, -0.05739797379161911, -0.004569577303842304], [-0.05946111711410197, 0.05004338644275107, 0.9969754435415573, 0.02], [0.0, 0.0, 0.0, 1.0]], "antennas": [-0.16918112798910864, 0.3676850607212992], "body_yaw": -0.0, "check_collision": false}, {"head": [[0.9898514166936164, 0.13202460108867095, 0.052570691235879735, -0.00039007076851929005], [-0.12897680724569102, 0.989968620914009, -0.05768113034887061, -0.005073120206835122], [-0.0596586629279333, 0.050315348682015926, 0.99694995342026, 0.02], [0.0, 0.0, 0.0, 1.0]], "antennas": [-0.16918112798910864, 0.3676850607212992], "body_yaw": -0.0, "check_collision": false}, {"head": [[0.9898557049540387, 0.13195228597314604, 0.05267141156646661, -0.00036491059309127355], [-0.12890224436986455, 0.9899810964938812, -0.05763367055102663, -0.005030565471049077], [-0.05974859635468227, 0.0502595544273289, 0.9969473819727958, 0.02], [0.0, 0.0, 0.0, 1.0]], "antennas": [-0.16918112798910864, 0.3676850607212992], "body_yaw": -0.0, "check_collision": false}, {"head": [[0.9899327574645164, 0.13141146334336234, 0.05257530789881508, -0.0007032115874178345], [-0.12838239751226038, 0.9900643754743239, -0.0573628139620162, -0.006736767511207083], [-0.05959107070445224, 0.050035584523347595, 0.9969680760052971, 0.02], [0.0, 0.0, 0.0, 1.0]], "antennas": [-0.16918112798910864, 0.3676850607212992], "body_yaw": -0.0, "check_collision": false}, {"head": [[0.9899482872731997, 0.13124764675698014, 0.05269197040928771, -0.000683046985803939], [-0.12820931859886353, 0.9900835273077861, -0.05741933104963172, -0.006751543415086448], [-0.059705604002249245, 0.05008656680714953, 0.9969586634741681, 0.02], [0.0, 0.0, 0.0, 1.0]], "antennas": [-0.16918112798910864, 0.3676850607212992], "body_yaw": -0.0, "check_collision": false}, {"head": [[0.9899636596632587, 0.13112363205291797, 0.052711911968536564, -0.000658421998238924], [-0.12807440731266276, 0.9900914131148904, -0.05758419807264494, -0.006760856893822869], [-0.05974026060905591, 0.050255216579081975, 0.9969481001882453, 0.02], [0.0, 0.0, 0.0, 1.0]], "antennas": [-0.16918112798910864, 0.3676850607212992], "body_yaw": -0.0, "check_collision": false}, {"head": [[0.9899796356445233, 0.13103199374971022, 0.052639696267294776, -0.0006373985690456595], [-0.12797303941014523, 0.9900915155948758, -0.0578073691770461, -0.006767159019102173], [-0.05969273149443371, 0.05049165635050795, 0.9969390003634705, 0.02], [0.0, 0.0, 0.0, 1.0]], "antennas": [-0.16918112798910864, 0.3676850607212992], "body_yaw": -0.0, "check_collision": false}, {"head": [[0.9899984541863688, 0.13089073323537534, 0.052637217457856364, -0.000616678803396953], [-0.1278227827318069, 0.9901020345533085, -0.05795944606443536, -0.0067763065684361655], [-0.059702570491538653, 0.05065152639856678, 0.9969303014505065, 0.02], [0.0, 0.0, 0.0, 1.0]], "antennas": [-0.16918112798910864, 0.3676850607212992], "body_yaw": -0.0, "check_collision": false}, {"head": [[0.9900069984719613, 0.1308378415543879, 0.05260800503656325, -0.0005920260022869387], [-0.12776128023620323, 0.9901000921368304, -0.05812798657313528, -0.006790058701422071], [-0.05969253093096756, 0.05082584744034417, 0.9969220305435258, 0.02], [0.0, 0.0, 0.0, 1.0]], "antennas": [-0.16918112798910864, 0.3676850607212992], "body_yaw": -0.0, "check_collision": fals