{"description": "A melancholic 'yes'. Can also be used when someone repeats something you already knew, or a resigned agreement.", "time": [0.0, 0.010050535202026367, 0.020063400268554688, 0.030150175094604492, 0.04024958610534668, 0.050225257873535156, 0.060295820236206055, 0.07041406631469727, 0.08050060272216797, 0.09048080444335938, 0.10058760643005371, 0.11066341400146484, 0.12070322036743164, 0.13089442253112793, 0.14087677001953125, 0.15091347694396973, 0.16103601455688477, 0.17110204696655273, 0.18105745315551758, 0.19110870361328125, 0.2012791633605957, 0.21146130561828613, 0.22145295143127441, 0.23163986206054688, 0.24163055419921875, 0.2517237663269043, 0.26174497604370117, 0.2718994617462158, 0.2818329334259033, 0.2919149398803711, 0.3019382953643799, 0.3119850158691406, 0.32206249237060547, 0.3321664333343506, 0.34218287467956543, 0.3521895408630371, 0.36232948303222656, 0.3728017807006836, 0.3824326992034912, 0.3925290107727051, 0.40260934829711914, 0.41262292861938477, 0.4227116107940674, 0.43282008171081543, 0.4427835941314697, 0.45279431343078613, 0.46290111541748047, 0.4730043411254883, 0.48294639587402344, 0.49327564239501953, 0.5033142566680908, 0.5132133960723877, 0.523209810256958, 0.5332977771759033, 0.5433270931243896, 0.5533535480499268, 0.5635526180267334, 0.573594331741333, 0.5836825370788574, 0.593712329864502, 0.6039583683013916, 0.6138923168182373, 0.624030351638794, 0.633991003036499, 0.6439247131347656, 0.6539618968963623, 0.664104700088501, 0.6741213798522949, 0.6841886043548584, 0.6942431926727295, 0.7043275833129883, 0.7143886089324951, 0.7244336605072021, 0.7345378398895264, 0.7446143627166748, 0.7546167373657227, 0.7648100852966309, 0.7748322486877441, 0.7849607467651367, 0.7950217723846436, 0.8049476146697998, 0.8149833679199219, 0.8250231742858887, 0.835191011428833, 0.8451311588287354, 0.8552408218383789, 0.86529541015625, 0.875319242477417, 0.8853702545166016, 0.8954620361328125, 0.9055399894714355, 0.9155707359313965, 0.9256563186645508, 0.9357829093933105, 0.9458019733428955, 0.9557991027832031, 0.9659101963043213, 0.9759445190429688, 0.9859917163848877, 0.9960618019104004, 1.0061750411987305, 1.0161957740783691, 1.0262503623962402, 1.0362956523895264, 1.0463752746582031, 1.0564262866973877, 1.0665457248687744, 1.0765926837921143, 1.0866506099700928, 1.0967645645141602, 1.1068017482757568, 1.116746425628662, 1.126859426498413, 1.1369960308074951, 1.1470816135406494, 1.1570370197296143, 1.1673877239227295, 1.1772396564483643, 1.187286376953125, 1.197643756866455, 1.2075393199920654, 1.2175588607788086, 1.2275359630584717, 1.237748384475708, 1.247816562652588, 1.2577178478240967, 1.2679579257965088, 1.2778809070587158, 1.2879307270050049, 1.298063039779663, 1.3085083961486816, 1.3180885314941406, 1.3283302783966064, 1.3383443355560303, 1.3482985496520996, 1.3583223819732666, 1.3686010837554932, 1.37862229347229, 1.3885600566864014, 1.3987438678741455, 1.4087541103363037, 1.4187538623809814, 1.4288253784179688, 1.4388949871063232, 1.448845386505127, 1.4589040279388428, 1.4690155982971191, 1.4790477752685547, 1.4891226291656494, 1.4992313385009766, 1.5093028545379639, 1.5192573070526123, 1.5294151306152344, 1.5394210815429688, 1.549527645111084, 1.5595505237579346, 1.569676399230957, 1.5797135829925537, 1.5897321701049805, 1.600193977355957, 1.6099214553833008, 1.6198794841766357, 1.6300363540649414, 1.6400177478790283, 1.6500184535980225, 1.6600661277770996, 1.6702041625976562, 1.680234432220459, 1.6902544498443604, 1.7003698348999023, 1.7103781700134277, 1.7204360961914062, 1.7305395603179932, 1.7406086921691895, 1.7506015300750732, 1.7607169151306152, 1.7707808017730713, 1.7809081077575684, 1.7909939289093018, 1.8010599613189697, 1.811126708984375, 1.8214068412780762, 1.8315534591674805, 1.8412842750549316, 1.8512861728668213, 1.86134672164917, 1.8715274333953857, 1.881420373916626, 1.8915367126464844, 1.901639461517334, 1.911686658859253, 1.9217112064361572, 1.931947946548462, 1.9419448375701904, 1.9518756866455078, 1.9619593620300293, 1.972118854522705, 1.9820435047149658, 1.992194414138794, 2.002272844314575, 2.0122768878936768, 2.022345781326294, 2.032482862472534, 2.0424585342407227, 2.052485942840576, 2.0626137256622314, 2.072671413421631, 2.082688093185425, 2.092731475830078, 2.102865695953369, 2.1128785610198975, 2.1228878498077393, 2.132993698120117, 2.1431448459625244, 2.1531178951263428, 2.163290023803711, 2.1735103130340576, 2.183403491973877, 2.1934592723846436, 2.2034974098205566, 2.213623046875, 2.223574638366699, 2.233762264251709, 2.244255304336548, 2.254272222518921, 2.264427423477173, 2.274254322052002, 2.2843923568725586, 2.294400453567505, 2.3044514656066895, 2.3144941329956055, 2.3245608806610107, 2.334674835205078, 2.344728469848633, 2.3547093868255615, 2.3649003505706787, 2.3749303817749023, 2.3849024772644043, 2.3950071334838867, 2.405020236968994, 2.415062189102173, 2.4251534938812256, 2.435260057449341, 2.44522762298584, 2.4552760124206543, 2.465381622314453, 2.475435733795166, 2.4854891300201416, 2.495527982711792, 2.5056586265563965, 2.5156962871551514, 2.525730848312378, 2.5358495712280273, 2.5459747314453125, 2.55618953704834, 2.5662643909454346, 2.576284408569336, 2.5862371921539307, 2.596431016921997, 2.6062982082366943, 2.6163508892059326, 2.626410484313965, 2.6364939212799072, 2.646496057510376, 2.656538724899292, 2.6666324138641357, 2.6767008304595947, 2.6867055892944336, 2.6968157291412354, 2.706925392150879, 2.716876268386841, 2.7273919582366943, 2.737123727798462, 2.747230291366577, 2.7572295665740967, 2.7672927379608154, 2.77728533744812, 2.7874948978424072, 2.7974843978881836, 2.8074750900268555, 2.817519187927246, 2.8275837898254395, 2.8376331329345703, 2.847696304321289, 2.857755422592163, 2.8678700923919678, 2.8778228759765625, 2.8878254890441895, 2.8979482650756836, 2.908005714416504, 2.918002128601074, 2.9281604290008545, 2.938223361968994, 2.948273181915283, 2.9584152698516846, 2.9684526920318604, 2.978407144546509, 2.9885005950927734, 2.9986166954040527, 3.0085978507995605, 3.0186843872070312, 3.0287766456604004, 3.0387935638427734, 3.0488295555114746, 3.058974504470825, 3.0690479278564453, 3.079045057296753, 3.089078187942505, 3.0991642475128174, 3.109398603439331, 3.1194872856140137, 3.1294350624084473, 3.1396000385284424, 3.149538993835449, 3.1596004962921143, 3.169844388961792, 3.179689884185791, 3.1897659301757812, 3.1998190879821777, 3.2102854251861572, 3.2206647396087646, 3.2301101684570312, 3.2400941848754883, 3.25010085105896, 3.2601747512817383, 3.2702555656433105, 3.2802634239196777, 3.2904489040374756, 3.300468921661377, 3.3110029697418213, 3.3210513591766357, 3.331144094467163, 3.3410980701446533, 3.351132869720459, 3.3611488342285156, 3.371203660964966, 3.3813350200653076, 3.3913278579711914, 3.4014477729797363, 3.411437749862671, 3.4214446544647217, 3.431610107421875, 3.4416134357452393, 3.451664924621582, 3.46171498298645, 3.4717578887939453, 3.4818081855773926, 3.491870164871216, 3.502012252807617, 3.512087345123291, 3.522059440612793, 3.5321340560913086, 3.5422098636627197, 3.552260160446167, 3.5624442100524902, 3.5724711418151855, 3.582472085952759, 3.5925049781799316, 3.602602958679199, 3.6127138137817383, 3.6227171421051025, 3.6328091621398926, 3.6428418159484863, 3.6528403759002686, 3.6628634929656982, 3.6729462146759033, 3.6829915046691895, 3.693132162094116, 3.7031521797180176, 3.7132568359375, 3.723287343978882, 3.7336084842681885, 3.7434489727020264, 3.753473997116089, 3.7636044025421143, 3.7735788822174072, 3.7836992740631104, 3.7937722206115723, 3.803802251815796, 3.8138701915740967, 3.82389497756958, 3.833967685699463, 3.8440122604370117, 3.8540279865264893, 3.864192008972168, 3.8742048740386963, 3.8842780590057373, 3.894357204437256, 3.904393196105957, 3.91463303565979, 3.9244847297668457, 3.9346795082092285, 3.9446799755096436, 3.9548144340515137, 3.9649498462677, 3.9748833179473877, 3.984834909439087, 3.9949638843536377, 4.005119323730469, 4.015091419219971, 4.025164604187012, 4.035235166549683, 4.04526948928833, 4.055355072021484, 4.0654497146606445, 4.075470209121704, 4.085540056228638, 4.0956130027771, 4.105663061141968, 4.115733861923218, 4.125784158706665, 4.135856866836548, 4.145902633666992, 4.155898332595825, 4.166194677352905, 4.176105260848999, 4.186083793640137, 4.1962196826934814, 4.2062742710113525, 4.216334819793701, 4.227052688598633, 4.236921072006226, 4.2465596199035645, 4.256589412689209, 4.266620635986328, 4.2767493724823, 4.286719083786011, 4.296850681304932, 4.307250738143921, 4.317164182662964, 4.327075719833374, 4.337153911590576, 4.347212553024292, 4.357097625732422, 4.3672099113464355, 4.377223968505859, 4.387283563613892, 4.3974549770355225, 4.407487392425537, 4.417495489120483, 4.427582025527954, 4.437920570373535, 4.447927713394165, 4.45799446105957, 4.4679274559021, 4.477991342544556, 4.487933158874512, 4.498109340667725, 4.508097410202026, 4.5181615352630615, 4.528385162353516, 4.5383100509643555, 4.548354148864746, 4.558373212814331, 4.568509817123413, 4.578545093536377, 4.588614225387573, 4.598686695098877, 4.609090566635132, 4.618974685668945, 4.629039525985718, 4.638944149017334, 4.648914098739624, 4.659039497375488, 4.6690919399261475, 4.6791863441467285, 4.6892335414886475, 4.699345588684082, 4.7093799114227295, 4.719438314437866, 4.729572534561157, 4.739607334136963, 4.749582290649414, 4.7596540451049805, 4.769731760025024, 4.779791831970215, 4.7899510860443115, 4.799933433532715, 4.809995651245117, 4.819994211196899, 4.830092191696167, 4.840140342712402, 4.8502037525177, 4.860217332839966, 4.87036919593811, 4.880345344543457, 4.890376329421997, 4.90049934387207, 4.910503149032593, 4.920555114746094, 4.93062424659729, 4.941002368927002, 4.950775623321533, 4.960831880569458, 4.971019506454468, 4.980942487716675, 4.990970849990845, 5.001112461090088, 5.011151075363159, 5.021232843399048, 5.031290292739868, 5.04134464263916, 5.051371097564697, 5.0614728927612305, 5.071637392044067, 5.081585884094238, 5.091651916503906], "set_target_data": [{"head": [[0.9928134343752337, 0.090060485228083, 0.07880731897822413, -0.0033053338720124906], [-0.08343705219791704, 0.9929959028550737, -0.08365043474817642, -0.007497625902910249], [-0.08578894360333034, 0.07647382502215445, 0.9933740540410271, 0.02], [0.0, 0.0, 0.0, 1.0]], "antennas": [-0.10162622719742373, 0.3727205798331677], "body_yaw": -0.0, "check_collision": false}, {"head": [[0.992802666755314, 0.09021568468685168, 0.07876544369213934, -0.0033232660200766886], [-0.08359682809318889, 0.9929837565095795, -0.08363509813996854, -0.007532288939698795], [-0.08575800380311357, 0.07644860721168766, 0.9933786665914959, 0.02], [0.0, 0.0, 0.0, 1.0]], "antennas": [-0.10162622719742373, 0.3727205798331677], "body_yaw": -0.0, "check_collision": false}, {"head": [[0.9928006446609686, 0.09022152018152023, 0.07878424497893645, -0.0034048425843030486], [-0.0836026234281264, 0.9929846398401303, -0.08361881604939095, -0.007679233617078666], [-0.08577576182524076, 0.07643024491457898, 0.9933785463485697, 0.02], [0.0, 0.0, 0.0, 1.0]], "antennas": [-0.10162622719742373, 0.3727205798331677], "body_yaw": -0.0, "check_collision": false}, {"head": [[0.9927949462552322, 0.09036081650984457, 0.0786963628749431, -0.003430446983493471], [-0.08374591447057295, 0.9929698382132754, -0.08365119370450771, -0.007706107286780772], [-0.08570190487706796, 0.0764579834835826, 0.99338278637294, 0.02], [0.0, 0.0, 0.0, 1.0]], "antennas": [-0.10162622719742373, 0.3727205798331677], "body_yaw": -0.0, "check_collision": false}, {"head": [[0.992776379818701, 0.09056870567336406, 0.07869160836281035, -0.0034555677981140676], [-0.08395051674495083, 0.992948957842592, -0.08369395353050527, -0.007730783488794938], [-0.08571680355875445, 0.07648317901318039, 0.9933795613539207, 0.02], [0.0, 0.0, 0.0, 1.0]], "antennas": [-0.10162622719742373, 0.3727205798331677], "body_yaw": -0.0, "check_collision": false}, {"head": [[0.992747094136763, 0.09093752557866837, 0.07863570133623694, -0.0034659959724701248], [-0.08431854767259588, 0.9929127323833566, -0.08375373656978294, -0.007238086255413946], [-0.0856947466382683, 0.07651583047086044, 0.9933789498907037, 0.02], [0.0, 0.0, 0.0, 1.0]], "antennas": [-0.10162622719742373, 0.3727205798331677], "body_yaw": -0.0, "check_collision": false}, {"head": [[0.992709772016677, 0.09121853179520696, 0.07878126680705189, -0.003500295958213613], [-0.08458335398795684, 0.9928852918660727, -0.08381201240974648, -0.0072383129601356335], [-0.08586596980611741, 0.0765374199535778, 0.9933625010921766, 0.02], [0.0, 0.0, 0.0, 1.0]], "antennas": [-0.10162622719742373, 0.3727205798331677], "body_yaw": -0.0, "check_collision": false}, {"head": [[0.9926530092001079, 0.09164704668256413, 0.07899887442447791, -0.0035398464449877126], [-0.08499274567115744, 0.9928479546823393, -0.08384015783843325, -0.007238508574478908], [-0.08611757375384228, 0.07650985372786544, 0.9933428440238004, 0.02], [0.0, 0.0, 0.0, 1.0]], "antennas": [-0.10162622719742373, 0.3727205798331677], "body_yaw": -0.0, "check_collision": false}, {"head": [[0.9925915309947869, 0.09207926536374926, 0.07926828803182975, -0.0035777325080633485], [-0.08540872579260668, 0.9928165442592366, -0.08378937285617125, -0.007241514682066242], [-0.08641413169099255, 0.07639841840784015, 0.9933256663898664, 0.02], [0.0, 0.0, 0.0, 1.0]], "antennas": [-0.10162622719742373, 0.3727205798331677], "body_yaw": -0.0, "check_collision": false}, {"head": [[0.9924846562063533, 0.09266469785391082, 0.07992159261801701, -0.0035403132814152416], [-0.08595309155545874, 0.9927782286331486, -0.08368664650998253, -0.0071840288363867865], [-0.08709921496210962, 0.07618820462296813, 0.993281976192719, 0.02], [0.0, 0.0, 0.0, 1.0]], "antennas": [-0.10162622719742373, 0.3727205798331677], "body_yaw": -0.0, "check_collision": false}, {"head": [[0.9924011533161842, 0.09313051670655761, 0.0804155318000042, -0.0035711945049957533], [-0.08639687583512085, 0.9927546896497975, -0.0835087182530385, -0.007179856193754585], [-0.08761010639554438, 0.0759264975901315, 0.9932570846568665, 0.02], [0.0, 0.0, 0.0, 1.0]], "antennas": [-0.10162622719742373, 0.3727205798331677], "body_yaw": -0.0, "check_collision": false}, {"head": [[0.9923177929087954, 0.09369937466481952, 0.08078257896377797, -0.0035525763497639903], [-0.08694344114745799, 0.9927122364491741, -0.08344611222530281, -0.007063483005859051], [-0.08801270316298523, 0.07578154651035503, 0.9932325615335229, 0.02], [0.0, 0.0, 0.0, 1.0]], "antennas": [-0.10162622719742373, 0.3727205798331677], "body_yaw": -0.0, "check_collision": false}, {"head": [[0.9922786738315634, 0.09394554667054159, 0.08097695795624217, -0.00358242434787856], [-0.08719087479888002, 0.9927056559631942, -0.08326603131223873, -0.007046402263928214], [-0.08820875699657006, 0.0755626553229688, 0.993231846201914, 0.02], [0.0, 0.0, 0.0, 1.0]], "antennas": [-0.10162622719742373, 0.3727205798331677], "body_yaw": -0.0, "check_collision": false}, {"head": [[0.9922476621648542, 0.09428046798367645, 0.0809677113741051, -0.003481464621682674], [-0.08755052747641698, 0.9926965216574, -0.08299711457575065, -0.0067135565979377955], [-0.08820137225113103, 0.07526492706485594, 0.993255107556432, 0.02], [0.0, 0.0, 0.0, 1.0]], "antennas": [-0.10162622719742373, 0.3727205798331677], "body_yaw": -0.0, "check_collision": false}, {"head": [[0.9922501427111983, 0.09429045725379068, 0.08092566935452104, -0.0035016915103758053], [-0.08757680466276183, 0.9927065299030777, -0.08284955505523162, -0.006670401486272978], [-0.08814736283444134, 0.07512027128984872, 0.9932708529231452, 0.02], [0.0, 0.0, 0.0, 1.0]], "antennas": [-0.10162622719742373, 0.3727205798331677], "body_yaw": -0.0, "check_collision": false}, {"head": [[0.9922383490623973, 0.09434575403888552, 0.08100578587213758, -0.003516496848468567], [-0.087632744088402, 0.9927078654134843, -0.08277436867618114, -0.006628197562846277], [-0.08822449100711849, 0.07503314361692325, 0.993270590798649, 0.02], [0.0, 0.0, 0.0, 1.0]], "antennas": [-0.10162622719742373, 0.3727205798331677], "body_yaw": -0.0, "check_collision": false}, {"head": [[0.9921819446619564, 0.09462113811294715, 0.08137462079192206, -0.003515218055906634], [-0.08786658668989722, 0.992674275629884, -0.08292915920321339, -0.006700020170635918], [-0.08862534417583556, 0.07513070427525431, 0.9932275296450552, 0.02], [0.0, 0.0, 0.0, 1.0]], "antennas": [-0.10162622719742373, 0.3727205798331677], "body_yaw": -0.0, "check_collision": false}, {"head": [[0.9921336908988326, 0.09489870327769157, 0.08163930119539414, -0.003463359124463987], [-0.08812795638050563, 0.9926545472908566, -0.0828879547761936, -0.006483602825154924], [-0.08890558299485657, 0.07504122772847782, 0.9932092485742103, 0.02], [0.0, 0.0, 0.0, 1.0]], "antennas": [-0.10162622719742373, 0.3727205798331677], "body_yaw": -0.0, "check_collision": false}, {"head": [[0.9920536537039947, 0.09533979030318086, 0.0820967268379225, -0.003433408066674165], [-0.08853894569672162, 0.9926218902772012, -0.08284104077949135, -0.0064640658883411], [-0.08938905563584361, 0.07491399954255458, 0.9931754575124531, 0.02], [0.0, 0.0, 0.0, 1.0]], "antennas": [-0.10162622719742373, 0.3727205798331677], "body_yaw": -0.0, "check_collision": false}, {"head": [[0.9919670368514312, 0.09579901133862358, 0.0826071862898948, -0.0034034222228565766], [-0.08897527604432075, 0.9925969992026894, -0.0826716240717017, -0.0064768644922260695], [-0.08991550507575452, 0.07465752875871337, 0.9931472475653415, 0.02], [0.0, 0.0, 0.0, 1.0]], "antennas": [-0.10162622719742373, 0.3727205798331677], "body_yaw": -0.0, "check_collision": false}, {"head": [[0.9919126035631219, 0.09618217560595857, 0.08281531252330851, -0.003376284727505431], [-0.08935124522453966, 0.9925707530362754, -0.08258120363512052, -0.006451265565993703], [-0.0901428969439794, 0.07451368540547172, 0.9931374370236183, 0.02], [0.0, 0.0, 0.0, 1.0]], "antennas": [-0.10162622719742373, 0.3727205798331677], "body_yaw": -0.0, "check_collision": false}, {"head": [[0.9918876270101519, 0.09640512040996718, 0.08285522399287333, -0.003371590393508768], [-0.08958056584379115, 0.9925585274267358, -0.08247964509850718, -0.006495047786573099], [-0.09019011923307164, 0.07438832160500215, 0.9931425476745596, 0.02], [0.0, 0.0, 0.0, 1.0]], "antennas": [-0.10162622719742373, 0.3727205798331677], "body_yaw": -0.0, "check_collision": false}, {"head": [[0.9919020315114624, 0.09645939719494928, 0.08261927484685659, -0.003372203421884677], [-0.08966193928806535, 0.9925597747553407, -0.08237615055785388, -0.006460738558234736], [-0.08995052265849655, 0.07430126668108653, 0.9931707935914391, 0.02], [0.0, 0.0, 0.0, 1.0]], "antennas": [-0.10162622719742373, 0.3727205798331677], "body_yaw": -0.0, "check_collision": false}, {"head": [[0.9919491884865171, 0.09619684047056523, 0.08235882068376466, -0.003382534345148798], [-0.08942934689128251, 0.9925905241884744, -0.08225839292040717, -0.0067324845390367575], [-0.089661582495172, 0.07423085055911764, 0.9932021855844515, 0.02], [0.0, 0.0, 0.0, 1.0]], "antennas": [-0.10162622719742373, 0.3727205798331677], "body_yaw": -0.0, "check_collision": false}, {"head": [[0.9919746489469558, 0.09616637615437425, 0.08208729465574342, -0.0033835215731721907], [-0.08941515421067954, 0.9925881011784122, -0.08230304731001166, -0.006713858411002742], [-0.08939365773948306, 0.07430268835223273, 0.9932209645691067, 0.02], [0.0, 0.0, 0.0, 1.0]], "antennas": [-0.10162622719742373, 0.3727205798331677], "body_yaw": -0.0, "check_collision": false}, {"head": [[0.991983336735385, 0.09621693958237254, 0.08192289165266291, -0.003374918022657304], [-0.08947968655363756, 0.9925837907451575, -0.08228489560202529, -0.006702206104417165], [-0.08923253517408687, 0.07429481063557197, 0.9932360423278194, 0.02], [0.0, 0.0, 0.0, 1.0]], "antennas": [-0.10162622719742373, 0.3727205798331677], "body_yaw": -0.0, "check_collision": false}, {"head": [[0.9920028817748622, 0.09615010994350286, 0.08176453331501052, -0.0035030841610921223], [-0.08944238850585219, 0.9926035131557347, -0.08208729992673612, -0.006731129425506821], [-0.0890524659329395, 0.07411762292967879, 0.9932654409987881, 0.02], [0.0, 0.0, 0.0, 1.0]], "antennas": [-0.10162622719742373, 0.3727205798331677], "body_yaw": -0.0, "check_collision": false}, {"head": [[0.9919914793663664, 0.09625959322366556, 0.08177405197825241, -0.00350633857143421], [-0.08955681643903876, 0.992598348009255, -0.08202497277416267, -0.0067261542280410425], [-0.08906447941705944, 0.0740446503247348, 0.9932698063791408, 0.02], [0.0, 0.0, 0.0, 1.0]], "antennas": [-0.10162622719742373, 0.3727205798331677], "body_yaw": -0.0, "check_collision": false}, {"head": [[0.9919894271799623, 0.09629442489072487, 0.08175793599483323, -0.00348928478602073], [-0.08959974537655233, 0.9926008069551955, -0.08194829870322014, -0.0066316619643738825], [-0.08904415753786259, 0.07396635564133026, 0.9932774618612429, 0.02], [0.0, 0.0, 0.0, 1.0]], "antennas": [-0.10162622719742373, 0.3727205798331677], "body_yaw": -0.0, "check_collision": false}, {"head": [[0.9919913754408702, 0.09632793111319603, 0.08169480239514657, -0.003495797732615602], [-0.0896377630038329, 0.9925971777201101, -0.08195068166733652, -0.006620007820824312], [-0.0889841699101552, 0.07397143008975696, 0.993282459845072, 0.02], [0.0, 0.0, 0.0, 1.0]], "antennas": [-0.10162622719742373, 0.3727205798331677], "body_yaw": -0.0, "check_collision": false}, {"head": [[0.9919994039876456, 0.0963668499143652, 0.08155128892751083, -0.003494657347344353], [-0.08965171678275213, 0.9925629064030066, -0.08234953861875514, -0.006429104056300704], [-0.08888054998739227, 0.07437948017026512, 0.9932612651077963, 0.02], [0.0, 0.0, 0.0, 1.0]], "antennas": [-0.10162622719742373, 0.3727205798331677], "body_yaw": -0.0, "check_collision": false}, {"head": [[0.991983963285949, 0.09658466834270818, 0.08148139925547769, -0.0036057317429027194], [-0.08985757048894855, 0.9925282018061631, -0.0825432350059567, -0.00645434653983766], [-0.08884499766067384, 0.07455984482651515, 0.9932509229445101, 0.02], [0.0, 0.0, 0.0, 1.0]], "antennas": [-0.10162622719742373, 0.3727205798331677], "body_yaw": -0.0, "check_collision": false}, {"head": [[0.9919695588299229, 0.09670024290161236, 0.08151967478797613, -0.0036337571815483194], [-0.08996086784101007, 0.9925100425800771, -0.08264900262547534, -0.006451635557087212], [-0.08890127452438769, 0.07465171398208267, 0.9932389868442926, 0.02], [0.0, 0.0, 0.0, 1.0]], "antennas": [-0.10162622719742373, 0.3727205798331677], "body_yaw": -0.0, "check_collision": false}, {"head": [[0.9919458752919833, 0.09678619159083446, 0.08170565224367225, -0.0035297503822507292], [-0.09002786151587916, 0.9924993071753403, -0.08270495394683158, -0.006219685155823525], [-0.08909750076236315, 0.07468305278851509, 0.9932190478359187, 0.02], [0.0, 0.0, 0.0, 1.0]], "antennas": [-0.10799224746714914, 0.3727205798331677], "body_yaw": -0.0, "check_collision": false}, {"head": [[0.9919161389786316, 0.0969774463204665, 0.08183977113167615, -0.0035347455790621443], [-0.09019305175274363, 0.9924693783054016, -0.08288393415865782, -0.006210204047728311], [-0.08926133905141129, 0.07483253324090301, 0.9931930856180475, 0.02], [0.0, 0.0, 0.0, 1.0]], "antennas": [-0.11641156493732564, 0.3727205798331677], "body_yaw": -0.0, "check_collision": false}, {"head": [[0.9918857197623718, 0.09714944989797557, 0.08200428840006925, -0.003539379066699183], [-0.09034154128438467, 0.9924454683938818, -0.08300842236068517, -0.0062075430050222945], [-0.0894490069807531, 0.07492647495357574, 0.9931691187814832, 0.02], [0.0, 0.0, 0.0, 1.0]], "antennas": [-0.12688417960795323, 0.3794956616463293], "body_yaw": -0.0, "check_collision": false}, {"head": [[0.9918581062126066, 0.09731636962994823, 0.08214025409255184, -0.003571310252732378], [-0.09050723755971561, 0.9924386579632573, -0.08290928855923274, -0.006332557734302195], [-0.08958759450755942, 0.07479996244742512, 0.993166163604164, 0.02], [0.0, 0.0, 0.0, 1.0]], "antennas": [-0.13941009147903194, 0.38832404065994197], "body_yaw": -0.0, "check_collision": false}, {"head": [[0.9917913862761409, 0.09772917050003777, 0.08245517171060182, -0.003546757929516968], [-0.09086136719517676, 0.992373756074874, -0.08329790036531211, -0.006468479610278492], [-0.08996698316534538, 0.07512215044326644, 0.9931075492880443, 0.02], [0.0, 0.0, 0.0, 1.0]], "antennas": [-0.1531679816703813, 0.3983843979938253], "body_yaw": -0.0, "check_collision": false}, {"head": [[0.9917012248157935, 0.09826614264112396, 0.08290021658167539, -0.0035317320669579558], [-0.0913391044262005, 0.9923059948607796, -0.08358217851897283, -0.006469757657570616], [-0.09047568016585479, 0.0753165172707294, 0.9930466119597475, 0.02], [0.0, 0.0, 0.0, 1.0]], "antennas": [-0.16897916906218172, 0.40885541476779885], "body_yaw": -0.0, "check_collision": false}, {"head": [[0.9915897761842098, 0.09891487033739083, 0.0834599556259524, -0.0035094519324322324], [-0.09190234829777139, 0.9922139841706589, -0.0840557433703545, -0.006467506312858343], [-0.09112449804692424, 0.07567864984475438, 0.9929597513562025, 0.02], [0.0, 0.0, 0.0, 1.0]], "antennas": [-0.18520101589407237, 0.42014775042195285], "body_yaw": -0.0, "check_collision": false}, {"head": [[0.9914665275498608, 0.09971037594307852, 0.0839759827421545, -0.003506164196973874], [-0.09260700085039308, 0.9921005681103813, -0.08461918310024846, -0.006350318349060171], [-0.09175003074504105, 0.07612032372729394, 0.9928683841143978, 0.02], [0.0, 0.0, 0.0, 1.0]], "antennas": [-0.20142286272596302, 0.43185074551619707], "body_yaw": -0.0, "check_collision": false}, {"head": [[0.9913540751001564, 0.10031337586679512, 0.08458323950121797, -0.0035108277053988377], [-0.09313726219978352, 0.9920265225196928, -0.08490482322821281, -0.006549542916070258], [-0.09242590639123908, 0.07629289114781516, 0.9927924488975858, 0.02], [0.0, 0.0, 0.0, 1.0]], "antennas": [-0.21764470955785367, 0.44437505949062167], "body_yaw": -0.0, "check_collision": false}, {"head": [[0.991230205148481, 0.10104872453952767, 0.08515771057417491, -0.0034825767433889973], [-0.09380913626717695, 0.9919450647554117, -0.08511659333049333, -0.006544998402970289], [-0.09307269392311855, 0.07638156699307115, 0.9927252036034829, 0.02], [0.0, 0.0, 0.0, 1.0]], "antennas": [-0.23386655638974432, 0.4577206923452268], "body_yaw": -0.0, "check_collision": false}, {"head": [[0.9911198331135872, 0.1018231544767028, 0.08551913014821833, -0.003423439367948748], [-0.09451613249517275, 0.9918412380369781, -0.08554331784206608, -0.0065822859165495205], [-0.09353169038913675, 0.07670074146765017, 0.9926574530779804, 0.02], [0.0, 0.0, 0.0, 1.0]], "antennas": [-0.250088403221635, 0.4727089629601927], "body_yaw": -0.0, "check_collision": false}, {"head": [[0.9910497002189443, 0.10225109420640478, 0.08582077504621413, -0.0033965809476237604], [-0.09491572780183281, 0.9917981984135237, -0.08559987289439518, -0.006582888388722748], [-0.09386957074466856, 0.0766879870467413, 0.9926265442405466, 0.02], [0.0, 0.0, 0.0, 1.0]], "antennas": [-0.26631025005352565, 0.4881078930152489], "body_yaw": -0.0, "check_collision": false}, {"head": [[0.9910038131962646, 0.10241834471950063, 0.0861505942833879, -0.0034360862195909753], [-0.09505312832649106, 0.9917809592510853, -0.08564713458338766, -0.006896657692253636], [-0.09421435679242837, 0.0766877534676485, 0.9925938965368841, 0.02], [0.0, 0.0, 0.0, 1.0]], "antennas": [-0.2825320968854163, 0.5043281419504855], "body_yaw": -0.0, "check_collision": false}, {"head": [[0.9909580774702469, 0.1027840221144543, 0.08624113574418717, -0.0034174743882326997], [-0.09540122604435043, 0.9917376523235308, -0.08576150087915964, -0.006902210292679805], [-0.09434349349958747, 0.07675854194672223, 0.9925761590288709, 0.02], [0.0, 0.0, 0.0, 1.0]], "antennas": [-0.29875394371730696, 0.5209590503258124], "body_yaw": -0.0, "check_collision": false}, {"head": [[0.9909459641793776, 0.1028553273242158, 0.08629529371658477, -0.003393698937769682], [-0.0954767145047991, 0.9917379473347782, -0.08567403809538572, -0.006910257187217066], [-0.09439434868662581, 0.0766591511642866, 0.9925790051571706, 0.02], [0.0, 0.0, 0.0, 1.0]], "antennas": [-0.3149757905491976, 0.5384112775813196], "body_yaw": -0.0, "check_collision": false}, {"head": [[0.9909292005661509, 0.10274796174189196, 0.08661510158867208, -0.0034302114209255608], [-0.09535970482316203, 0.991762919143173, -0.08551513847648096, -0.007201440716579721], [-0.09468815216999796, 0.076479857286079, 0.9925648519205849, 0.02], [0.0, 0.0, 0.0, 1.0]], "antennas": [-0.33119763738108826, 0.5558635048368269], "body_yaw": -0.0, "check_collision": false}, {"head": [[0.9909290039098193, 0.10269781848400619, 0.08667679786955336, -0.003398160208008552], [-0.09531581065141326, 0.9917771132804037, -0.0853993782943012, -0.007279950146889459], [-0.09473439423016981, 0.07636305161408456, 0.9925694327844413, 0.02], [0.0, 0.0, 0.0, 1.0]], "antennas": [-0.3474194842129789, 0.5737263915324243], "body_yaw": -0.0, "check_collision": false}, {"head": [[0.9909114597609799, 0.10273210794417045, 0.08683658740249375, -0.003365765850983339], [-0.09533475245616393, 0.991772523004297, -0.08543153743093299, -0.007295583498815841], [-0.09489870330244543, 0.07637654490115584, 0.9925526986011756, 0.02], [0.0, 0.0, 0.0, 1.0]], "antennas": [-0.36364133104486956, 0.5924105971082022], "body_yaw": -0.0, "check_collision": false}, {"head": [[0.9908878043080138, 0.1028830184942802, 0.08692780785886926, -0.0034719014330759634], [-0.09545827080802742, 0.9917421715602083, -0.08564568689305616, -0.0075128102875460885], [-0.0950214597234972, 0.07656728841057195, 0.9925262578579308, 0.02], [0.0, 0.0, 0.0, 1.0]], "antennas": [-0.3798631778767602, 0.6110948026839802], "body_yaw": -0.0, "check_collision": false}, {"head": [[0.9908879869303009, 0.10290120552774827, 0.08690419586045484, -0.003463264057532278], [-0.0954691561126869, 0.991732872513593, -0.08574117917937146, -0.007535680581320182], [-0.09500861849510076, 0.07666323419262833, 0.992520080872311, 0.02], [0.0, 0.0, 0.0, 1.0]], "antennas": [-0.39608502470865087, 0.6301896676998483], "body_yaw": -0.0, "check_collision": false}, {"head": [[0.9909010276424832, 0.10277061219932189, 0.08691003788543109, -0.0033991230775320125], [-0.09534096423072973, 0.9917478815834041, -0.08571020892743626, -0.007426618644533485], [-0.0950013366044141, 0.07664424729232229, 0.9925222442849168, 0.02], [0.0, 0.0, 0.0, 1.0]], "antennas": [-0.4123068715405415, 0.6492845327157164], "body_yaw": -0.0, "check_collision": false}, {"head": [[0.9908903629208712, 0.10278641629839907, 0.08701288005276499, -0.003393563173490155], [-0.09533232491947266, 0.9917338086268895, -0.08588248163538613, -0.007438344427001347], [-0.09512116744443773, 0.07680498324286351, 0.9924983415870633, 0.02], [0.0, 0.0, 0.0, 1.0]], "antennas": [-0.4285287183724322, 0.6683793977315846], "body_yaw": -0.0, "check_collision": false}, {"head": [[0.9908661199263142, 0.1028197104360898, 0.08724929528660988, -0.0034022177608441853], [-0.09533757097968552, 0.9917244948955254, -0.08598414844556442, -0.007399617613825932], [-0.0953681285433704, 0.07688064366310991, 0.9924687837348243, 0.02], [0.0, 0.0, 0.0, 1.0]], "antennas": [-0.4447505652043229, 0.6874742627474527], "body_yaw": -0.0, "check_collision": false}, {"head": [[0.9908361529357842, 0.10297700637051982, 0.08740397127351161, -0.00341639181493629], [-0.0954711767533396, 0.9917009725766309, -0.08610711584936834, -0.007463047632713829], [-0.0955456563363689, 0.07697348341818677, 0.9924445125072344, 0.02], [0.0, 0.0, 0.0, 1.0]], "antennas": [-0.46097241203621353, 0.706979787203411], "body_yaw": -0.0, "check_collision": false}, {"head": [[0.9907777995940449, 0.10327449264105631, 0.08771391566516504, -0.0034103511121562], [-0.09573575037636814, 0.9916672605760241, -0.08620156844001359, -0.007497257541924823], [-0.09588544170757629, 0.07700924276589804, 0.9924089674106974, 0.02], [0.0, 0.0, 0.0, 1.0]], "antennas": [-0.4771942588681042, 0.7264853116593695], "body_yaw": -0.0, "check_collision": false}, {"head": [[0.9907210492517312, 0.10359731148274415, 0.08797385761177136, -0.0033973034378409414], [-0.09605170769798696, 0.9916483841003916, -0.08606713518749706, -0.0076180053982019946], [-0.09615545755623757, 0.0768184832226575, 0.9923976262655615, 0.02], [0.0, 0.0, 0.0, 1.0]], "antennas": [-0.49341610569999483, 0.7459908361153278], "body_yaw": -0.0, "check_collision": false}, {"head": [[0.9906359794275865, 0.10403234280761434, 0.08841735074919263, -0.0033898063370877488], [-0.09644339684990635, 0.9916019697645136, -0.08616382514250653, -0.007659932545919686], [-0.09663864375909986, 0.07682971566455249, 0.992349821042613, 0.02], [0.0, 0.0, 0.0, 1.0]], "antennas": [-0.5096379525318855, 0.7654963605712861], "body_yaw": -0.0, "check_collision": false}, {"head": [[0.9905542161376211, 0.10457555815479136, 0.08869215032119294, -0.003492010863604192], [-0.09696209069103606, 0.9915480273648807, -0.08620245006748564, -0.007606013288748213], [-0.09695719602384616, 0.07678842403271413, 0.9923219437630943, 0.02], [0.0, 0.0, 0.0, 1.0]], "antennas": [-0.5258597993637761, 0.7854125444673348], "body_yaw": -0.0, "check_collision": false}, {"head": [[0.9904863948801805, 0.10496607266881684, 0.08898778087887914, -0.003516576407108979], [-0.09731026690002513, 0.9914962992114293, -0.0864048644804531, -0.007636138765548829], [-0.09730063470044077, 0.07692341801118989, 0.9922778714898196, 0.02], [0.0, 0.0, 0.0, 1.0]], "antennas": [-0.542492305635757, 0.8053287283633833], "body_yaw": -0.0, "check_collision": false}, {"head": [[0.9904549516844047, 0.10515942021085033, 0.08910939919425787, -0.0035482200144040243], [-0.0974677181458909, 0.9914571403141557, -0.08667631071700072, -0.007651723232504464], [-0.09746298068126671, 0.07716369133857379, 0.9922432827365114, 0.02], [0.0, 0.0, 0.0, 1.0]], "antennas": [-0.5595354713478281, 0.8252449122594319], "body_yaw": -0.0, "check_collision": false}, {"head": [[0.9904256738959588, 0.10537568240264657, 0.08917931400225572, -0.0035858700401646404], [-0.09765004170027254, 0.9914136238205371, -0.08696836125261893, -0.007664080290811346], [-0.09757793727924048, 0.07742733407013032, 0.9922114462629029, 0.02], [0.0, 0.0, 0.0, 1.0]], "antennas": [-0.5790425937004405, 0.8451610961554804], "body_yaw": -0.0, "check_collision": false}, {"head": [[0.990359492981284, 0.10586625011209458, 0.08933315033657666, -0.0035201609605336956], [-0.09807817696373827, 0.9913259104123411, -0.08748491612050958, -0.007637769787991514], [-0.09781996659845887, 0.07787988464517905, 0.9921521948281573, 0.02], [0.0, 0.0, 0.0, 1.0]], "antennas": [-0.5997816943733235, 0.8650772800515291], "body_yaw": -0.0, "check_collision": false}, {"head": [[0.9903447472407112, 0.10594632124374051, 0.08940167016141316, -0.0035433748040775565], [-0.09814711242065738, 0.9913138710148458, -0.08754400868733712, -0.007671090512555623], [-0.09790008139025634, 0.07792423338397277, 0.9921408105280729, 0.02], [0.0, 0.0, 0.0, 1.0]], "antennas": [-0.6221634328065675, 0.8854041233876678], "body_yaw": -0.0, "check_collision": false}, {"head": [[0.9903158391324033, 0.1061232199998662, 0.0895120156199362, -0.0035605359067701486], [-0.09830491075136043, 0.9912887543195289, -0.08765129823227581, -0.007709370886797307], [-0.09803409246609447, 0.07800299825324856, 0.992121388227193, 0.02], [0.0, 0.0, 0.0, 1.0]], "antennas": [-0.6449558306799017, 0.9053203072837164], "body_yaw": -0.0, "check_collision": false}, {"head": [[0.9902533212409433, 0.10643851526726823, 0.0898287383802139, -0.0035462413922530064], [-0.09856886558933838, 0.9912386648612999, -0.08792091912860694, -0.007765903065960245], [-0.0983998907911607, 0.07820966533420026, 0.9920689037262485, 0.02], [0.0, 0.0, 0.0, 1.0]], "antennas": [-0.6689802068735065, 0.9252364911797649], "body_yaw": -0.0, "check_collision": false}, {"head": [[0.9901965914303412, 0.10678550099555219, 0.09004202961318952, -0.0035505495167772183], [-0.09888887545205959, 0.9911974192346128, -0.08802650972559313, -0.00781809700608964], [-0.09864938231717738, 0.07825939483392276, 0.9920402040686996, 0.02], [0.0, 0.0, 0.0, 1.0]], "antennas": [-0.6930045830671113, 0.9451526750758136], "body_yaw": -0.0, "check_collision": false}, {"head": [[0.9901167803217383, 0.1073186751735069, 0.0902854544448762, -0.0034683289899565123], [-0.09938743555071897, 0.9911333394064936, -0.0881864001509533, -0.0076184142434440084], [-0.09894897159630406, 0.07834159480081884, 0.9920038787948856, 0.02], [0.0, 0.0, 0.0, 1.0]], "antennas": [-0.7174396187008063, 0.9650688589718621], "body_yaw": -0.0, "check_collision": false}, {"head": [[0.9900479658416903, 0.10767660285935672, 0.09061332423766232, -0.0035392663337898075], [-0.09971068262598375, 0.9910927392818296, -0.08827775435011821, -0.007954832708425468], [-0.09931165643061086, 0.07836409470866006, 0.9919658580603974, 0.02], [0.0, 0.0, 0.0, 1.0]], "antennas": [-0.7418746543345013, 0.9849850428679107], "body_yaw": -0.0, "check_collision": false}, {"head": [[0.9899865962090953, 0.10807512331411757, 0.09080917931007128, -0.003457903487959234], [-0.10009289162243519, 0.9910530991942694, -0.08829024648336818, -0.007781768822935428], [-0.09953869786665807, 0.07831680725152644, 0.9919468359387705, 0.02], [0.0, 0.0, 0.0, 1.0]], "antennas": [-0.7663096899681964, 1.0049012267639592], "body_yaw": -0.0, "check_collision": false}, {"head": [[0.9899133925306954, 0.10849368606839808, 0.09110760325933993, -0.0034527927170366207], [-0.10048303446175043, 0.9910089262778878, -0.08834289910856775, -0.007824633118115012], [-0.09987309484404737, 0.0782970505245235, 0.991914783036039, 0.02], [0.0, 0.0, 0.0, 1.0]], "antennas": [-0.7907447256018914, 1.0248174106600079], "body_yaw": -0.0, "check_collision": false}, {"head": [[0.9898337075123612, 0.10885220522252964, 0.09154468248088464, -0.0034295897730127825], [-0.10080960691711424, 0.9909776721923087, -0.08832143776870077, -0.00801069822312322], [-0.10033271961603855, 0.07819495274316535, 0.9918764513486263, 0.02], [0.0, 0.0, 0.0, 1.0]], "antennas": [-0.8151797612355864, 1.0447335945560565], "body_yaw": -0.0, "check_collision": false}, {"head": [[0.9897571908533409, 0.10927658321537997, 0.09186583431763784, -0.003410393816725879], [-0.10118972635740503, 0.9909218614948431, -0.08851273180344696, -0.008047385270549195], [-0.1007042324523505, 0.07831023414833835, 0.9918297055411356, 0.02], [0.0, 0.0, 0.0, 1.0]], "antennas": [-0.8408467751895521, 1.064649778452105], "body_yaw": -0.0, "check_collision": false}, {"head": [[0.9897067621140141, 0.10978718488984367, 0.09180032167567587, -0.003340986920146012], [-0.10168964147798405, 0.9908561838988467, -0.08867490989842594, -0.007504376912538059], [-0.1006962851443555, 0.07842701615755998, 0.991821284957501, 0.02], [0.0, 0.0, 0.0, 1.0]], "antennas": [-0.8718523618646906, 1.0845659623481536], "body_yaw": -0.0, "check_collision": false}, {"head": [[0.9896257870979277, 0.11022575075756269, 0.09214708557919023, -0.003335579105876868], [-0.10207965884616241, 0.9907970658789207, -0.08888710533914737, -0.007513188140495134], [-0.10109670993982957, 0.07855862852451825, 0.9917701332081384, 0.02], [0.0, 0.0, 0.0, 1.0]], "antennas": [-0.9053219051803705, 1.104482146244202], "body_yaw": -0.0, "check_collision": false}, {"head": [[0.9895371351750072, 0.11068635933118691, 0.0925461396690681, -0.0033287749296242314], [-0.10248776145649761, 0.9907361336419678, -0.08909642107178482, -0.007524352013370895], [-0.1015505630770964, 0.07867937057559694, 0.9917141925900589, 0.02], [0.0, 0.0, 0.0, 1.0]], "antennas": [-0.9433087023370427, 1.1243983301402507], "body_yaw": -0.0, "check_collision": false}, {"head": [[0.9894152189500798, 0.1112990771510668, 0.09311304922129236, -0.003292965931651043], [-0.1030210010785553, 0.9906500086667264, -0.08943843505667733, -0.007564610727260335], [-0.1021968583017024, 0.07889914925990053, 0.9916303375751097, 0.02], [0.0, 0.0, 0.0, 1.0]], "an